0 1
1 2
1 3
3 4
3 5
3 6
6 7
7 8
6 9
3 10
10 11
10 12
3 13
13 14
13 15
15 16
15 17
17 18
3 19
19 20
20 21
21 22
22 23
21 24
21 25
25 26
19 27
27 28
28 29
29 30
30 31
30 32
32 33
32 34
34 35
29 36
29 37
37 38
38 39
19 40
40 41
41 42
42 43
42 44
42 45
45 46
46 47
45 48
19 49
49 50
50 51
51 52
51 53
51 54
49 55
55 56
56 57
55 58
58 59
59 60
58 61
49 62
62 63
63 64
49 65
65 66
66 67
67 68
68 69
69 70
68 71
67 72
72 73
73 74
74 75
73 76
76 77
72 78
78 79
79 80
78 81
81 82
82 83
81 84
66 85
65 86
86 87
87 88
88 89
88 90
88 91
91 92
92 93
91 94
86 95
95 96
96 97
95 98
98 99
99 100
98 101
86 102
102 103
103 104
86 105
105 106
106 107
107 108
108 109
109 110
108 111
111 112
112 113
111 114
107 115
115 116
116 117
117 118
116 119
119 120
115 121
121 122
122 123
121 124
124 125
125 126
124 127
106 128
105 129
129 130
130 131
131 132
131 133
131 134
134 135
135 136
134 137
130 138
138 139
138 140
138 141
141 142
142 143
141 144
105 145
145 146
146 147
147 148
146 149
149 150
145 151
151 152
152 153
153 154
154 155
154 156
154 157
157 158
158 159
159 160
160 161
160 162
162 163
163 164
162 165
165 166
159 167
167 168
168 169
167 170
170 171
158 172
172 173
173 174
172 175
175 176
157 177
177 178
178 179
177 180
180 181
151 182
182 183
183 184
184 185
183 186
186 187
182 188
188 189
189 190
190 191
191 192
190 193
190 194
194 195
195 196
194 197
194 198
198 199
199 200
198 201
201 202
194 203
203 204
204 205
203 206
206 207
194 208
208 209
209 210
208 211
211 212
194 213
213 214
214 215
213 216
216 217
188 218
218 219
219 220
220 221
221 222
220 223
223 224
219 225
225 226
226 227
227 228
226 229
229 230
225 231
231 232
232 233
231 234
234 235
235 236
234 237
218 238
238 239
239 240
240 241
188 242
242 243
243 244
244 245
245 246
244 247
247 248
243 249
249 250
250 251
251 252
250 253
253 254
249 255
255 256
256 257
255 258
258 259
259 260
258 261
242 262
262 263
263 264
264 265
188 266
266 267
267 268
268 269
188 270
270 271
271 272
272 273
182 274
274 275
275 276
276 277
275 278
278 279
274 280
280 281
281 282
282 283
283 284
274 285
285 286
286 287
287 288
288 289
19 290
290 291
291 292
