0 1
1 2
1 3
3 4
3 5
3 6
6 7
7 8
6 9
3 10
10 11
10 12
3 13
13 14
13 15
15 16
15 17
17 18
3 19
19 20
20 21
21 22
22 23
23 24
23 25
25 26
25 27
27 28
22 29
22 30
30 31
31 32
19 33
33 34
34 35
35 36
34 37
34 38
38 39
19 40
40 41
41 42
42 43
42 44
42 45
40 46
46 47
47 48
46 49
49 50
50 51
51 52
50 53
49 54
40 55
55 56
56 57
40 58
58 59
59 60
60 61
61 62
62 63
61 64
60 65
65 66
66 67
67 68
66 69
69 70
65 71
71 72
72 73
71 74
74 75
75 76
74 77
59 78
78 79
58 80
80 81
81 82
82 83
82 84
82 85
85 86
86 87
85 88
80 89
89 90
90 91
89 92
92 93
93 94
94 95
93 96
92 97
80 98
98 99
99 100
80 101
101 102
102 103
103 104
104 105
105 106
104 107
107 108
108 109
107 110
103 111
111 112
112 113
113 114
112 115
115 116
111 117
117 118
118 119
117 120
120 121
121 122
120 123
102 124
124 125
101 126
126 127
127 128
128 129
128 130
128 131
131 132
132 133
131 134
101 135
135 136
136 137
137 138
137 139
137 140
140 141
141 142
142 143
141 144
140 145
101 146
146 147
147 148
148 149
147 150
150 151
146 152
152 153
153 154
154 155
155 156
155 157
155 158
158 159
159 160
160 161
161 162
161 163
163 164
164 165
163 166
166 167
160 168
168 169
169 170
168 171
171 172
159 173
173 174
174 175
173 176
176 177
158 178
178 179
179 180
178 181
181 182
152 183
183 184
184 185
185 186
184 187
187 188
187 189
189 190
183 191
191 192
192 193
193 194
194 195
193 196
193 197
197 198
198 199
197 200
197 201
201 202
202 203
201 204
204 205
197 206
206 207
207 208
206 209
209 210
197 211
211 212
212 213
211 214
214 215
197 216
216 217
217 218
216 219
219 220
191 221
221 222
222 223
223 224
224 225
223 226
226 227
222 228
228 229
229 230
230 231
229 232
232 233
228 234
234 235
235 236
234 237
237 238
238 239
237 240
221 241
241 242
242 243
243 244
244 245
191 246
246 247
247 248
248 249
249 250
248 251
251 252
247 253
253 254
254 255
255 256
254 257
257 258
253 259
259 260
260 261
259 262
262 263
263 264
262 265
246 266
266 267
267 268
268 269
269 270
191 271
271 272
272 273
273 274
191 275
275 276
276 277
277 278
183 279
279 280
280 281
281 282
280 283
283 284
279 285
285 286
286 287
287 288
288 289
279 290
290 291
291 292
292 293
293 294
19 295
295 296
296 297
