0 1
1 2
1 3
3 4
3 5
3 6
6 7
7 8
6 9
3 10
10 11
10 12
3 13
13 14
13 15
15 16
15 17
17 18
3 19
19 20
20 21
21 22
22 23
23 24
23 25
25 26
25 27
27 28
22 29
22 30
30 31
31 32
19 33
33 34
34 35
35 36
34 37
34 38
38 39
19 40
40 41
41 42
42 43
42 44
42 45
40 46
46 47
47 48
46 49
49 50
50 51
49 52
40 53
53 54
54 55
40 56
56 57
57 58
58 59
59 60
60 61
59 62
58 63
63 64
64 65
65 66
64 67
67 68
63 69
69 70
70 71
69 72
72 73
73 74
72 75
57 76
76 77
56 78
78 79
79 80
80 81
80 82
80 83
83 84
84 85
83 86
78 87
87 88
88 89
87 90
90 91
91 92
90 93
78 94
94 95
95 96
78 97
97 98
98 99
99 100
100 101
101 102
100 103
103 104
104 105
103 106
99 107
107 108
108 109
109 110
108 111
111 112
107 113
113 114
114 115
113 116
116 117
117 118
116 119
98 120
120 121
97 122
122 123
123 124
124 125
124 126
124 127
127 128
128 129
127 130
97 131
131 132
132 133
133 134
133 135
133 136
136 137
137 138
138 139
137 140
136 141
97 142
142 143
143 144
144 145
143 146
146 147
142 148
148 149
149 150
150 151
151 152
151 153
151 154
154 155
155 156
154 157
157 158
148 159
159 160
160 161
161 162
160 163
163 164
164 165
163 166
166 167
148 168
168 169
169 170
170 171
169 172
172 173
173 174
172 175
175 176
148 177
177 178
178 179
179 180
178 181
181 182
182 183
181 184
184 185
148 186
186 187
187 188
188 189
187 190
190 191
186 192
192 193
193 194
194 195
195 196
196 197
196 198
198 199
195 200
195 201
201 202
202 203
201 204
201 205
205 206
206 207
205 208
208 209
201 210
210 211
211 212
210 213
213 214
201 215
215 216
216 217
215 218
218 219
201 220
220 221
221 222
220 223
223 224
192 225
225 226
226 227
227 228
226 229
226 230
230 231
192 232
232 233
233 234
234 235
192 236
236 237
237 238
238 239
192 240
240 241
241 242
242 243
243 244
242 245
245 246
241 247
247 248
248 249
249 250
248 251
251 252
247 253
253 254
254 255
253 256
256 257
257 258
256 259
240 260
260 261
261 262
262 263
263 264
192 265
265 266
266 267
267 268
268 269
267 270
270 271
266 272
272 273
273 274
274 275
273 276
276 277
272 278
278 279
279 280
278 281
281 282
282 283
281 284
265 285
285 286
286 287
287 288
288 289
186 290
290 291
291 292
292 293
291 294
294 295
290 296
296 297
297 298
298 299
299 300
290 301
301 302
302 303
303 304
304 305
19 306
306 307
307 308
