0 1
1 2
1 3
3 4
3 5
3 6
6 7
7 8
6 9
3 10
10 11
10 12
3 13
13 14
13 15
15 16
15 17
17 18
3 19
19 20
20 21
21 22
22 23
21 24
21 25
25 26
19 27
27 28
28 29
29 30
30 31
30 32
32 33
32 34
34 35
29 36
29 37
37 38
38 39
19 40
40 41
41 42
42 43
42 44
42 45
45 46
46 47
45 48
19 49
49 50
50 51
51 52
51 53
51 54
49 55
55 56
56 57
55 58
58 59
59 60
58 61
49 62
62 63
63 64
49 65
65 66
66 67
67 68
68 69
69 70
68 71
67 72
72 73
73 74
74 75
73 76
76 77
72 78
78 79
79 80
78 81
81 82
82 83
81 84
66 85
65 86
86 87
87 88
88 89
88 90
88 91
91 92
92 93
91 94
86 95
95 96
96 97
95 98
98 99
99 100
98 101
86 102
102 103
103 104
86 105
105 106
106 107
107 108
108 109
109 110
108 111
111 112
112 113
111 114
107 115
115 116
116 117
117 118
116 119
119 120
115 121
121 122
122 123
121 124
124 125
125 126
124 127
106 128
105 129
129 130
130 131
131 132
131 133
131 134
134 135
135 136
134 137
130 138
138 139
138 140
138 141
141 142
142 143
141 144
105 145
145 146
146 147
147 148
147 149
147 150
150 151
151 152
152 153
152 154
154 155
151 156
156 157
157 158
156 159
159 160
150 161
161 162
162 163
161 164
164 165
105 166
166 167
167 168
168 169
167 170
170 171
166 172
172 173
173 174
174 175
175 176
175 177
175 178
178 179
179 180
180 181
179 182
182 183
178 184
184 185
185 186
184 187
187 188
172 189
189 190
190 191
191 192
190 193
193 194
189 195
195 196
196 197
197 198
198 199
197 200
197 201
201 202
202 203
201 204
201 205
205 206
206 207
205 208
208 209
201 210
210 211
211 212
210 213
213 214
201 215
215 216
216 217
215 218
218 219
201 220
220 221
221 222
220 223
223 224
195 225
225 226
226 227
227 228
228 229
227 230
230 231
226 232
232 233
233 234
234 235
233 236
236 237
232 238
238 239
239 240
238 241
241 242
242 243
241 244
225 245
245 246
246 247
247 248
195 249
249 250
250 251
251 252
252 253
251 254
254 255
250 256
256 257
257 258
258 259
257 260
260 261
256 262
262 263
263 264
262 265
265 266
266 267
265 268
249 269
269 270
270 271
271 272
195 273
273 274
274 275
275 276
195 277
277 278
278 279
279 280
189 281
281 282
282 283
283 284
282 285
285 286
281 287
287 288
288 289
289 290
290 291
281 292
292 293
293 294
294 295
295 296
19 297
297 298
298 299
