0 1
1 2
1 3
3 4
3 5
3 6
6 7
7 8
6 9
3 10
10 11
10 12
3 13
13 14
13 15
15 16
15 17
17 18
3 19
19 20
20 21
21 22
22 23
21 24
21 25
25 26
19 27
27 28
28 29
29 30
30 31
30 32
32 33
32 34
34 35
29 36
29 37
37 38
38 39
19 40
40 41
41 42
42 43
42 44
42 45
40 46
46 47
47 48
46 49
49 50
50 51
51 52
50 53
49 54
40 55
55 56
56 57
40 58
58 59
59 60
60 61
61 62
61 63
61 64
64 65
65 66
64 67
59 68
68 69
69 70
68 71
71 72
72 73
73 74
72 75
71 76
59 77
77 78
78 79
59 80
80 81
81 82
82 83
83 84
83 85
83 86
86 87
87 88
87 89
89 90
86 91
91 92
91 93
93 94
94 95
95 96
96 97
95 98
98 99
94 100
100 101
101 102
100 103
103 104
80 105
105 106
106 107
107 108
108 109
107 110
106 111
106 112
112 113
80 114
114 115
115 116
116 117
116 118
116 119
119 120
120 121
119 122
80 123
123 124
124 125
125 126
125 127
125 128
128 129
129 130
130 131
129 132
128 133
80 134
134 135
135 136
136 137
135 138
138 139
134 140
140 141
141 142
142 143
143 144
144 145
145 146
144 147
147 148
143 149
149 150
150 151
149 152
152 153
142 154
154 155
141 156
156 157
157 158
158 159
159 160
160 161
159 162
158 163
158 164
164 165
165 166
166 167
165 168
168 169
164 170
170 171
171 172
170 173
173 174
156 175
175 176
176 177
177 178
176 179
176 180
180 181
181 182
180 183
180 184
184 185
185 186
184 187
187 188
180 189
189 190
190 191
189 192
192 193
180 194
194 195
195 196
194 197
197 198
180 199
199 200
200 201
199 202
202 203
156 204
204 205
205 206
206 207
156 208
208 209
209 210
210 211
141 212
212 213
213 214
214 215
215 216
216 217
215 218
218 219
214 220
220 221
221 222
220 223
223 224
213 225
225 226
212 227
227 228
228 229
229 230
230 231
212 232
232 233
233 234
234 235
19 236
236 237
237 238
238 239
237 240
240 241
