0 1
1 2
1 3
3 4
3 5
3 6
6 7
7 8
6 9
3 10
10 11
10 12
3 13
13 14
13 15
15 16
15 17
17 18
3 19
19 20
20 21
21 22
22 23
23 24
23 25
25 26
25 27
27 28
22 29
22 30
30 31
31 32
31 33
33 34
33 35
35 36
19 37
37 38
38 39
39 40
40 41
39 42
38 43
43 44
44 45
45 46
44 47
43 48
37 49
49 50
50 51
19 52
52 53
53 54
54 55
55 56
54 57
57 58
53 59
59 60
60 61
59 62
52 63
63 64
64 65
19 66
66 67
67 68
68 69
67 70
67 71
71 72
19 73
73 74
74 75
75 76
75 77
75 78
78 79
79 80
78 81
19 82
82 83
83 84
84 85
84 86
84 87
82 88
88 89
89 90
88 91
91 92
92 93
91 94
82 95
95 96
96 97
82 98
98 99
99 100
100 101
101 102
101 103
101 104
104 105
105 106
104 107
99 108
108 109
109 110
108 111
111 112
112 113
111 114
99 115
115 116
116 117
99 118
118 119
119 120
120 121
121 122
121 123
121 124
124 125
125 126
126 127
125 128
128 129
129 130
128 131
131 132
124 133
133 134
134 135
133 136
136 137
118 138
138 139
139 140
140 141
140 142
140 143
143 144
144 145
143 146
118 147
147 148
148 149
149 150
149 151
149 152
152 153
153 154
152 155
118 156
156 157
157 158
158 159
157 160
160 161
156 162
162 163
163 164
164 165
165 166
165 167
165 168
168 169
169 170
170 171
169 172
172 173
168 174
174 175
175 176
174 177
177 178
162 179
179 180
180 181
181 182
180 183
183 184
179 185
185 186
186 187
187 188
179 189
189 190
190 191
191 192
190 193
193 194
189 195
195 196
196 197
197 198
189 199
199 200
200 201
201 202
202 203
203 204
203 205
205 206
202 207
202 208
208 209
209 210
199 211
211 212
212 213
213 214
212 215
212 216
216 217
217 218
216 219
219 220
199 221
221 222
222 223
223 224
222 225
222 226
226 227
227 228
226 229
229 230
199 231
231 232
232 233
233 234
232 235
232 236
236 237
237 238
236 239
239 240
199 241
241 242
242 243
243 244
242 245
242 246
246 247
247 248
246 249
249 250
199 251
251 252
252 253
253 254
252 255
252 256
256 257
199 258
258 259
259 260
260 261
261 262
260 263
263 264
259 265
265 266
266 267
267 268
266 269
269 270
265 271
271 272
272 273
271 274
271 275
258 276
276 277
277 278
278 279
199 280
280 281
281 282
282 283
283 284
282 285
285 286
281 287
287 288
288 289
289 290
288 291
291 292
287 293
293 294
294 295
293 296
293 297
280 298
298 299
299 300
300 301
118 302
302 303
303 304
304 305
305 306
306 307
305 308
304 309
309 310
310 311
309 312
303 313
313 314
314 315
315 316
314 317
317 318
318 319
317 320
313 321
321 322
322 323
321 324
324 325
302 326
326 327
327 328
328 329
98 330
330 331
331 332
332 333
333 334
334 335
333 336
332 337
337 338
338 339
337 340
331 341
341 342
342 343
343 344
342 345
345 346
346 347
345 348
341 349
349 350
350 351
349 352
352 353
330 354
354 355
355 356
356 357
19 358
358 359
359 360
