0 1
1 2
1 3
3 4
3 5
3 6
6 7
7 8
6 9
3 10
10 11
10 12
3 13
13 14
13 15
15 16
15 17
17 18
3 19
19 20
20 21
21 22
22 23
21 24
21 25
25 26
19 27
27 28
28 29
29 30
30 31
30 32
32 33
32 34
34 35
29 36
29 37
37 38
38 39
19 40
40 41
41 42
42 43
42 44
42 45
40 46
46 47
47 48
46 49
49 50
50 51
51 52
50 53
49 54
40 55
55 56
56 57
40 58
58 59
59 60
60 61
61 62
61 63
61 64
64 65
65 66
64 67
59 68
68 69
69 70
68 71
71 72
72 73
73 74
72 75
71 76
59 77
77 78
78 79
59 80
80 81
81 82
82 83
83 84
83 85
83 86
86 87
87 88
86 89
80 90
90 91
91 92
92 93
92 94
92 95
95 96
96 97
97 98
96 99
95 100
80 101
101 102
102 103
103 104
102 105
105 106
101 107
107 108
108 109
109 110
110 111
110 112
110 113
113 114
114 115
115 116
116 117
116 118
118 119
119 120
118 121
121 122
115 123
123 124
123 125
125 126
126 127
125 128
128 129
114 130
130 131
130 132
132 133
133 134
132 135
135 136
113 137
137 138
137 139
139 140
140 141
139 142
142 143
107 144
144 145
145 146
146 147
145 148
148 149
144 150
150 151
151 152
152 153
153 154
152 155
152 156
156 157
157 158
156 159
156 160
160 161
161 162
160 163
163 164
156 165
165 166
166 167
165 168
168 169
156 170
170 171
171 172
170 173
173 174
156 175
175 176
176 177
175 178
178 179
150 180
180 181
181 182
182 183
150 184
184 185
185 186
186 187
144 188
188 189
189 190
190 191
189 192
192 193
188 194
194 195
195 196
196 197
188 198
198 199
199 200
200 201
19 202
202 203
203 204
204 205
203 206
206 207
