0 1
1 2
1 3
3 4
3 5
3 6
6 7
7 8
6 9
3 10
3 11
11 12
12 13
13 14
14 15
13 16
12 17
17 18
18 19
11 20
20 21
21 22
22 23
22 24
22 25
25 26
25 27
27 28
28 29
27 30
11 31
31 32
32 33
33 34
33 35
33 36
36 37
36 38
38 39
39 40
38 41
11 42
42 43
43 44
44 45
43 46
46 47
42 48
48 49
49 50
50 51
51 52
52 53
52 54
54 55
50 56
56 57
56 58
58 59
59 60
58 61
42 62
62 63
63 64
64 65
65 66
66 67
66 68
68 69
69 70
68 71
65 72
72 73
72 74
74 75
75 76
74 77
64 78
1 79
79 80
79 81
79 82
82 83
83 84
82 85
79 86
79 87
87 88
88 89
89 90
90 91
90 92
90 93
87 94
94 95
95 96
96 97
95 98
94 99
99 100
100 101
101 102
102 103
99 104
104 105
105 106
106 107
105 108
108 109
109 110
108 111
87 112
112 113
113 114
