0 1
1 2
1 3
3 4
3 5
3 6
6 7
7 8
6 9
3 10
3 11
11 12
12 13
13 14
14 15
15 16
14 17
13 18
12 19
19 20
20 21
11 22
22 23
23 24
24 25
24 26
24 27
11 28
28 29
29 30
30 31
30 32
30 33
11 34
34 35
35 36
36 37
36 38
36 39
34 40
40 41
41 42
40 43
43 44
44 45
43 46
34 47
47 48
48 49
34 50
50 51
51 52
52 53
53 54
54 55
53 56
56 57
57 58
56 59
52 60
60 61
61 62
62 63
61 64
64 65
65 66
64 67
60 68
68 69
69 70
68 71
71 72
51 73
73 74
74 75
75 76
76 77
77 78
76 79
79 80
80 81
75 82
82 83
83 84
82 85
85 86
86 87
85 88
73 89
89 90
90 91
91 92
90 93
89 94
94 95
95 96
96 97
97 98
98 99
97 100
97 101
101 102
102 103
101 104
101 105
105 106
94 107
107 108
108 109
109 110
109 111
107 112
112 113
113 114
112 115
107 116
116 117
117 118
118 119
119 120
120 121
119 122
122 123
123 124
118 125
125 126
73 127
127 128
128 129
129 130
128 131
51 132
132 133
133 134
134 135
135 136
11 137
137 138
138 139
