0 1
1 2
1 3
3 4
3 5
3 6
6 7
7 8
6 9
3 10
3 11
11 12
12 13
13 14
14 15
14 16
14 17
11 18
18 19
19 20
20 21
20 22
20 23
11 24
24 25
25 26
26 27
26 28
26 29
29 30
30 31
29 32
11 33
33 34
34 35
35 36
35 37
35 38
11 39
39 40
40 41
41 42
41 43
41 44
39 45
45 46
46 47
45 48
48 49
49 50
48 51
39 52
52 53
53 54
39 55
55 56
56 57
57 58
58 59
57 60
60 61
61 62
60 63
63 64
56 65
65 66
66 67
67 68
56 69
69 70
70 71
71 72
72 73
73 74
72 75
75 76
76 77
71 78
78 79
69 80
80 81
81 82
82 83
81 84
80 85
85 86
86 87
87 88
88 89
88 90
86 91
91 92
92 93
93 94
92 95
92 96
96 97
91 98
86 99
99 100
100 101
101 102
102 103
101 104
104 105
105 106
100 107
107 108
69 109
109 110
110 111
111 112
110 113
69 114
114 115
115 116
116 117
115 118
118 119
119 120
118 121
121 122
11 123
123 124
124 125
125 126
126 127
125 128
128 129
129 130
124 131
131 132
11 133
133 134
134 135
135 136
134 137
133 138
138 139
139 140
140 141
141 142
141 143
139 144
144 145
145 146
146 147
145 148
145 149
149 150
144 151
139 152
152 153
153 154
154 155
155 156
154 157
157 158
158 159
153 160
160 161
11 162
162 163
163 164
