0 1
1 2
1 3
3 4
3 5
3 6
6 7
7 8
6 9
3 10
3 11
11 12
12 13
13 14
14 15
14 16
14 17
17 18
18 19
17 20
11 21
21 22
22 23
23 24
23 25
23 26
11 27
27 28
28 29
29 30
30 31
29 32
29 33
33 34
34 35
11 36
36 37
37 38
38 39
38 40
38 41
36 42
42 43
43 44
42 45
45 46
46 47
45 48
36 49
49 50
50 51
36 52
52 53
53 54
54 55
55 56
55 57
55 58
58 59
59 60
58 61
61 62
52 63
63 64
64 65
65 66
64 67
67 68
63 69
69 70
70 71
71 72
72 73
63 74
74 75
75 76
76 77
77 78
76 79
76 80
80 81
74 82
82 83
83 84
84 85
83 86
82 87
87 88
88 89
89 90
88 91
88 92
92 93
74 94
94 95
95 96
96 97
95 98
98 99
74 100
100 101
101 102
102 103
101 104
11 105
105 106
106 107
107 108
106 109
106 110
110 111
11 112
112 113
113 114
114 115
113 116
112 117
117 118
118 119
119 120
118 121
118 122
122 123
11 124
124 125
125 126
126 127
126 128
126 129
124 130
130 131
131 132
130 133
133 134
134 135
133 136
124 137
137 138
138 139
124 140
140 141
141 142
142 143
143 144
144 145
143 146
146 147
142 148
148 149
149 150
148 151
148 152
152 153
11 154
154 155
155 156
156 157
155 158
