0 1
1 2
1 3
3 4
3 5
3 6
6 7
7 8
6 9
3 10
3 11
11 12
12 13
13 14
14 15
14 16
14 17
11 18
18 19
19 20
20 21
20 22
20 23
11 24
24 25
25 26
26 27
27 28
26 29
26 30
11 31
31 32
32 33
33 34
32 35
35 36
36 37
35 38
31 39
39 40
40 41
41 42
42 43
42 44
42 45
45 46
46 47
45 48
48 49
39 50
50 51
51 52
52 53
52 54
52 55
39 56
56 57
57 58
58 59
59 60
58 61
61 62
62 63
61 64
57 65
65 66
66 67
67 68
66 69
69 70
65 71
71 72
56 73
73 74
74 75
75 76
76 77
73 78
78 79
79 80
80 81
39 82
82 83
83 84
84 85
83 86
82 87
87 88
88 89
89 90
90 91
89 92
92 93
93 94
92 95
95 96
82 97
97 98
98 99
99 100
100 101
99 102
102 103
103 104
104 105
103 106
106 107
102 108
108 109
39 110
110 111
111 112
112 113
111 114
114 115
11 116
116 117
117 118
118 119
118 120
118 121
116 122
122 123
123 124
122 125
125 126
126 127
125 128
116 129
129 130
130 131
116 132
132 133
133 134
134 135
135 136
136 137
135 138
138 139
134 140
140 141
141 142
140 143
140 144
144 145
11 146
146 147
147 148
148 149
147 150
