0 1
1 2
1 3
3 4
3 5
3 6
6 7
7 8
6 9
3 10
3 11
11 12
12 13
13 14
14 15
14 16
14 17
11 18
18 19
19 20
20 21
20 22
20 23
11 24
24 25
25 26
26 27
26 28
26 29
24 30
30 31
31 32
30 33
33 34
34 35
33 36
24 37
37 38
38 39
24 40
40 41
41 42
42 43
43 44
44 45
43 46
46 47
47 48
46 49
42 50
50 51
51 52
52 53
51 54
54 55
50 56
56 57
57 58
56 59
59 60
60 61
59 62
41 63
63 64
64 65
65 66
66 67
41 68
68 69
69 70
70 71
71 72
72 73
71 74
74 75
70 76
76 77
77 78
76 79
79 80
80 81
79 82
68 83
83 84
84 85
85 86
68 87
87 88
88 89
89 90
88 91
87 92
92 93
93 94
94 95
95 96
96 97
95 98
95 99
99 100
100 101
101 102
100 103
100 104
104 105
99 106
92 107
107 108
108 109
109 110
109 111
107 112
112 113
107 114
114 115
115 116
116 117
117 118
118 119
117 120
120 121
116 122
122 123
114 124
124 125
125 126
126 127
68 128
128 129
129 130
130 131
129 132
11 133
133 134
134 135
