0 1
1 2
1 3
3 4
3 5
3 6
6 7
7 8
6 9
3 10
3 11
11 12
12 13
13 14
14 15
15 16
14 17
14 18
18 19
19 20
11 21
21 22
22 23
23 24
23 25
23 26
11 27
27 28
28 29
29 30
28 31
28 32
32 33
33 34
32 35
11 36
36 37
37 38
38 39
38 40
38 41
11 42
42 43
43 44
44 45
43 46
46 47
47 48
46 49
42 50
50 51
51 52
52 53
53 54
54 55
53 56
56 57
52 58
58 59
59 60
58 61
61 62
62 63
61 64
51 65
65 66
66 67
67 68
68 69
51 70
70 71
71 72
72 73
73 74
72 75
71 76
76 77
77 78
78 79
79 80
78 81
78 82
82 83
70 84
84 85
85 86
86 87
85 88
85 89
89 90
90 91
89 92
92 93
70 94
94 95
95 96
96 97
95 98
50 99
99 100
100 101
101 102
11 103
103 104
104 105
105 106
104 107
103 108
108 109
109 110
110 111
111 112
110 113
110 114
114 115
11 116
116 117
117 118
118 119
118 120
118 121
116 122
122 123
123 124
122 125
125 126
126 127
125 128
116 129
129 130
130 131
116 132
132 133
133 134
134 135
135 136
136 137
135 138
138 139
134 140
140 141
141 142
140 143
140 144
144 145
11 146
146 147
147 148
148 149
147 150
