0 1
1 2
1 3
3 4
3 5
3 6
6 7
7 8
6 9
3 10
3 11
11 12
12 13
13 14
14 15
15 16
14 17
14 18
18 19
19 20
11 21
21 22
22 23
23 24
23 25
23 26
11 27
27 28
28 29
29 30
29 31
29 32
27 33
33 34
34 35
33 36
36 37
37 38
38 39
37 40
36 41
27 42
42 43
43 44
27 45
45 46
46 47
47 48
48 49
49 50
48 51
51 52
47 53
53 54
54 55
53 56
56 57
57 58
56 59
46 60
60 61
61 62
62 63
63 64
46 65
65 66
66 67
67 68
68 69
67 70
67 71
71 72
72 73
71 74
74 75
65 76
76 77
77 78
78 79
77 80
76 81
81 82
82 83
83 84
82 85
82 86
86 87
65 88
88 89
89 90
90 91
89 92
11 93
93 94
94 95
95 96
94 97
94 98
98 99
99 100
98 101
101 102
102 103
103 104
102 105
101 106
11 107
107 108
108 109
109 110
108 111
107 112
112 113
113 114
114 115
113 116
113 117
117 118
11 119
119 120
120 121
121 122
121 123
121 124
119 125
125 126
126 127
125 128
128 129
129 130
128 131
119 132
132 133
133 134
119 135
135 136
136 137
137 138
138 139
139 140
138 141
141 142
137 143
143 144
144 145
143 146
143 147
147 148
11 149
149 150
150 151
151 152
150 153
