0 1
1 2
1 3
3 4
3 5
3 6
6 7
7 8
6 9
3 10
3 11
11 12
12 13
13 14
14 15
15 16
14 17
13 18
12 19
19 20
20 21
21 22
22 23
21 24
11 25
25 26
26 27
27 28
27 29
27 30
11 31
31 32
32 33
33 34
33 35
33 36
11 37
37 38
38 39
39 40
38 41
41 42
42 43
41 44
37 45
45 46
46 47
47 48
48 49
48 50
48 51
51 52
45 53
53 54
54 55
55 56
56 57
55 58
58 59
59 60
58 61
54 62
62 63
63 64
64 65
63 66
66 67
62 68
68 69
69 70
68 71
71 72
53 73
73 74
74 75
75 76
76 77
45 78
78 79
79 80
80 81
81 82
80 83
83 84
84 85
79 86
86 87
87 88
86 89
89 90
45 91
91 92
92 93
93 94
94 95
93 96
96 97
92 98
91 99
99 100
100 101
101 102
102 103
103 104
102 105
102 106
106 107
107 108
106 109
106 110
110 111
111 112
110 113
113 114
99 115
115 116
116 117
117 118
117 119
115 120
120 121
121 122
120 123
115 124
124 125
125 126
126 127
127 128
128 129
127 130
130 131
131 132
126 133
133 134
45 135
135 136
136 137
137 138
136 139
139 140
11 141
141 142
142 143
