0 1
1 2
1 3
3 4
3 5
3 6
6 7
7 8
6 9
3 10
3 11
11 12
12 13
13 14
14 15
14 16
14 17
11 18
18 19
19 20
20 21
20 22
20 23
11 24
24 25
25 26
26 27
27 28
26 29
26 30
30 31
31 32
11 33
33 34
34 35
35 36
34 37
37 38
38 39
37 40
33 41
41 42
42 43
43 44
44 45
44 46
44 47
47 48
48 49
47 50
50 51
41 52
52 53
53 54
54 55
53 56
41 57
57 58
58 59
59 60
58 61
58 62
62 63
41 64
64 65
65 66
66 67
41 68
68 69
69 70
70 71
71 72
70 73
73 74
74 75
73 76
69 77
77 78
78 79
79 80
78 81
81 82
77 83
83 84
68 85
85 86
86 87
87 88
88 89
85 90
90 91
91 92
92 93
41 94
94 95
95 96
96 97
95 98
94 99
99 100
100 101
101 102
100 103
100 104
104 105
11 106
106 107
107 108
108 109
107 110
107 111
107 112
112 113
113 114
112 115
107 116
116 117
107 118
11 119
119 120
120 121
121 122
120 123
