0 1
1 2
1 3
3 4
3 5
3 6
6 7
7 8
6 9
3 10
3 11
11 12
12 13
13 14
14 15
14 16
14 17
11 18
18 19
19 20
20 21
20 22
20 23
23 24
24 25
23 26
11 27
27 28
28 29
29 30
29 31
11 32
32 33
33 34
34 35
35 36
34 37
34 38
38 39
39 40
11 41
41 42
42 43
43 44
43 45
43 46
41 47
47 48
48 49
47 50
50 51
51 52
50 53
41 54
54 55
55 56
41 57
57 58
58 59
59 60
60 61
59 62
62 63
63 64
62 65
65 66
57 67
67 68
68 69
69 70
68 71
71 72
67 73
73 74
74 75
75 76
76 77
67 78
78 79
79 80
80 81
81 82
80 83
80 84
84 85
78 86
86 87
87 88
88 89
87 90
86 91
91 92
92 93
93 94
92 95
92 96
96 97
78 98
98 99
99 100
100 101
99 102
78 103
103 104
104 105
105 106
104 107
107 108
11 109
109 110
110 111
111 112
110 113
110 114
114 115
11 116
116 117
117 118
118 119
117 120
116 121
121 122
122 123
123 124
122 125
122 126
126 127
11 128
128 129
129 130
130 131
130 132
130 133
128 134
134 135
135 136
134 137
137 138
138 139
137 140
128 141
141 142
142 143
128 144
144 145
145 146
146 147
147 148
148 149
147 150
150 151
146 152
152 153
153 154
152 155
152 156
156 157
11 158
158 159
159 160
160 161
159 162
