0 1
1 2
1 3
3 4
3 5
3 6
6 7
7 8
6 9
3 10
10 11
10 12
3 13
13 14
13 15
15 16
15 17
17 18
3 19
19 20
20 21
21 22
22 23
23 24
23 25
25 26
22 27
22 28
28 29
29 30
29 31
31 32
19 33
33 34
34 35
35 36
36 37
36 38
38 39
38 40
40 41
35 42
35 43
43 44
44 45
19 46
46 47
47 48
48 49
47 50
47 51
51 52
19 53
53 54
54 55
54 56
54 57
57 58
54 59
59 60
54 61
61 62
54 63
63 64
19 65
65 66
66 67
1 68
68 69
68 70
68 71
68 72
72 73
72 74
68 75
75 76
76 77
76 78
78 79
78 80
80 81
75 82
68 83
83 84
83 85
68 86
86 87
87 88
86 89
68 90
90 91
91 92
91 93
93 94
90 95
68 96
68 97
97 98
98 99
99 100
100 101
99 102
98 103
103 104
104 105
105 106
106 107
105 108
105 109
109 110
110 111
110 112
112 113
109 114
114 115
103 116
97 117
117 118
118 119
119 120
119 121
119 122
122 123
117 124
124 125
125 126
124 127
127 128
128 129
127 130
117 131
131 132
132 133
117 134
134 135
135 136
136 137
137 138
138 139
137 140
140 141
136 142
142 143
143 144
144 145
143 146
146 147
142 148
148 149
149 150
148 151
151 152
152 153
151 154
135 155
134 156
156 157
157 158
158 159
159 160
158 161
161 162
157 163
163 164
156 165
134 166
166 167
167 168
168 169
167 170
167 171
171 172
172 173
171 174
174 175
134 176
176 177
177 178
177 179
179 180
180 181
179 182
177 183
183 184
177 185
185 186
186 187
185 188
188 189
189 190
188 191
191 192
177 193
193 194
177 195
195 196
134 197
197 198
198 199
199 200
198 201
198 202
202 203
203 204
204 205
203 206
202 207
