0 1
1 2
1 3
3 4
4 5
5 6
5 7
7 8
7 9
9 10
4 11
1 12
12 13
12 14
12 15
15 16
16 17
15 18
12 19
19 20
19 21
12 22
22 23
22 24
24 25
24 26
26 27
12 28
28 29
29 30
30 31
31 32
30 33
33 34
34 35
28 36
36 37
37 38
38 39
37 40
37 41
41 42
28 43
43 44
44 45
45 46
46 47
46 48
48 49
48 50
50 51
45 52
45 53
53 54
54 55
28 56
56 57
57 58
57 59
59 60
57 61
61 62
57 63
63 64
57 65
65 66
66 67
57 68
28 69
69 70
70 71
1 72
72 73
72 74
72 75
75 76
76 77
76 78
78 79
78 80
80 81
75 82
72 83
83 84
83 85
72 86
86 87
87 88
86 89
72 90
90 91
91 92
91 93
93 94
90 95
72 96
96 97
96 98
72 99
72 100
100 101
101 102
102 103
103 104
102 105
101 106
106 107
107 108
108 109
109 110
110 111
109 112
109 113
113 114
107 115
115 116
116 117
117 118
118 119
117 120
117 121
121 122
115 123
123 124
124 125
125 126
124 127
124 128
128 129
129 130
128 131
131 132
106 133
100 134
134 135
135 136
136 137
136 138
136 139
139 140
134 141
141 142
142 143
141 144
144 145
145 146
144 147
134 148
148 149
149 150
134 151
151 152
152 153
153 154
154 155
155 156
154 157
157 158
153 159
159 160
160 161
161 162
160 163
163 164
159 165
165 166
166 167
165 168
168 169
169 170
168 171
152 172
151 173
173 174
174 175
175 176
176 177
175 178
178 179
174 180
180 181
173 182
182 183
183 184
184 185
185 186
184 187
184 188
188 189
189 190
188 191
191 192
182 193
193 194
194 195
194 196
196 197
194 198
198 199
199 200
198 201
201 202
202 203
201 204
204 205
194 206
206 207
194 208
208 209
194 210
210 211
211 212
210 213
182 214
214 215
215 216
216 217
215 218
215 219
219 220
220 221
221 222
220 223
219 224
173 225
