0 1
1 2
1 3
3 4
3 5
3 6
6 7
7 8
6 9
3 10
10 11
3 12
12 13
13 14
14 15
15 16
16 17
16 18
18 19
16 20
20 21
15 22
15 23
23 24
24 25
12 26
26 27
27 28
28 29
28 30
28 31
26 32
32 33
33 34
32 35
35 36
36 37
35 38
26 39
39 40
40 41
26 42
42 43
43 44
44 45
45 46
45 47
45 48
48 49
49 50
48 51
48 52
52 53
42 54
54 55
55 56
56 57
55 58
55 59
59 60
55 61
61 62
62 63
63 64
62 65
62 66
66 67
62 68
61 69
12 70
70 71
71 72
72 73
73 74
73 75
75 76
72 77
72 78
78 79
79 80
78 81
81 82
82 83
82 84
81 85
85 86
85 87
81 88
88 89
89 90
90 91
91 92
90 93
90 94
94 95
89 96
96 97
97 98
96 99
96 100
100 101
12 102
102 103
103 104
104 105
104 106
102 107
107 108
108 109
107 110
102 111
111 112
112 113
113 114
114 115
113 116
113 117
117 118
12 119
119 120
120 121
121 122
122 123
121 124
121 125
125 126
126 127
12 128
128 129
129 130
130 131
131 132
130 133
128 134
134 135
135 136
136 137
137 138
137 139
137 140
140 141
141 142
140 143
134 144
144 145
145 146
146 147
146 148
146 149
144 150
150 151
151 152
150 153
153 154
154 155
153 156
153 157
157 158
144 159
159 160
160 161
144 162
162 163
163 164
164 165
165 166
164 167
164 168
168 169
12 170
170 171
171 172
172 173
171 174
