0 1
1 2
1 3
3 4
3 5
3 6
6 7
7 8
6 9
3 10
10 11
3 12
12 13
13 14
14 15
15 16
16 17
16 18
18 19
16 20
20 21
15 22
15 23
23 24
24 25
12 26
26 27
27 28
28 29
28 30
26 31
31 32
32 33
31 34
26 35
35 36
36 37
37 38
38 39
39 40
38 41
38 42
42 43
36 44
44 45
45 46
46 47
47 48
46 49
46 50
50 51
46 52
36 53
53 54
54 55
55 56
56 57
55 58
55 59
59 60
55 61
61 62
62 63
63 64
62 65
62 66
66 67
61 68
12 69
69 70
70 71
71 72
72 73
72 74
74 75
72 76
76 77
71 78
71 79
79 80
80 81
12 82
82 83
83 84
84 85
85 86
86 87
85 88
85 89
89 90
85 91
91 92
84 93
82 94
94 95
95 96
94 97
82 98
98 99
99 100
100 101
101 102
101 103
101 104
104 105
105 106
104 107
98 108
108 109
109 110
110 111
111 112
110 113
110 114
114 115
115 116
114 117
108 118
118 119
119 120
120 121
121 122
120 123
120 124
124 125
125 126
124 127
120 128
128 129
128 130
130 131
131 132
130 133
108 134
134 135
135 136
136 137
137 138
136 139
136 140
140 141
141 142
140 143
136 144
144 145
145 146
146 147
145 148
145 149
149 150
150 151
149 152
144 153
153 154
154 155
153 156
12 157
157 158
158 159
159 160
160 161
160 162
162 163
159 164
159 165
165 166
166 167
165 168
168 169
169 170
168 171
12 172
172 173
173 174
174 175
173 176
173 177
177 178
173 179
179 180
180 181
179 182
12 183
183 184
184 185
185 186
186 187
185 188
185 189
189 190
190 191
12 192
192 193
193 194
194 195
194 196
192 197
197 198
192 199
199 200
200 201
201 202
202 203
203 204
202 205
202 206
206 207
207 208
208 209
207 210
207 211
211 212
206 213
206 214
214 215
199 216
216 217
217 218
218 219
219 220
218 221
218 222
222 223
223 224
222 225
199 226
226 227
227 228
228 229
227 230
227 231
231 232
199 233
233 234
234 235
235 236
234 237
234 238
238 239
239 240
238 241
241 242
12 243
243 244
244 245
245 246
244 247
12 248
12 249
12 250
