0 1
1 2
1 3
3 4
3 5
3 6
6 7
7 8
6 9
3 10
10 11
3 12
12 13
13 14
14 15
15 16
16 17
16 18
18 19
16 20
20 21
15 22
15 23
23 24
24 25
12 26
26 27
27 28
28 29
28 30
28 31
26 32
32 33
33 34
32 35
35 36
36 37
35 38
26 39
39 40
40 41
26 42
42 43
43 44
44 45
45 46
44 47
44 48
48 49
49 50
48 51
48 52
52 53
44 54
54 55
55 56
56 57
55 58
55 59
59 60
60 61
59 62
59 63
63 64
55 65
54 66
12 67
67 68
68 69
69 70
70 71
70 72
72 73
73 74
72 75
72 76
76 77
72 78
78 79
69 80
69 81
81 82
82 83
81 84
84 85
85 86
85 87
84 88
88 89
88 90
84 91
91 92
92 93
93 94
94 95
93 96
92 97
97 98
98 99
97 100
12 101
101 102
102 103
103 104
104 105
105 106
104 107
104 108
108 109
104 110
110 111
103 112
101 113
113 114
114 115
113 116
101 117
117 118
118 119
119 120
120 121
119 122
119 123
123 124
12 125
125 126
126 127
127 128
128 129
127 130
127 131
131 132
132 133
12 134
134 135
135 136
136 137
137 138
136 139
135 140
134 141
141 142
142 143
143 144
144 145
144 146
144 147
147 148
148 149
149 150
148 151
147 152
141 153
153 154
154 155
155 156
155 157
155 158
158 159
159 160
158 161
158 162
162 163
141 164
164 165
165 166
166 167
165 168
164 169
169 170
170 171
171 172
172 173
171 174
171 175
175 176
169 177
177 178
178 179
179 180
12 181
181 182
182 183
183 184
182 185
