0 1
1 2
1 3
3 4
3 5
3 6
6 7
7 8
6 9
3 10
10 11
3 12
12 13
13 14
14 15
15 16
16 17
17 18
15 19
15 20
20 21
20 22
22 23
20 24
24 25
12 26
26 27
27 28
28 29
28 30
26 31
31 32
32 33
31 34
26 35
35 36
36 37
37 38
38 39
38 40
38 41
41 42
35 43
43 44
44 45
45 46
46 47
45 48
44 49
49 50
50 51
49 52
43 53
53 54
54 55
55 56
56 57
57 58
58 59
57 60
60 61
61 62
60 63
56 64
55 65
65 66
53 67
67 68
68 69
69 70
70 71
71 72
70 73
73 74
74 75
73 76
69 77
43 78
78 79
79 80
80 81
81 82
80 83
79 84
84 85
85 86
84 87
78 88
88 89
89 90
90 91
91 92
92 93
93 94
92 95
95 96
96 97
97 98
96 99
95 100
91 101
90 102
102 103
88 104
104 105
105 106
106 107
107 108
108 109
107 110
110 111
111 112
112 113
111 114
110 115
106 116
78 117
117 118
118 119
119 120
120 121
121 122
122 123
121 124
124 125
125 126
126 127
125 128
124 129
120 130
119 131
131 132
117 133
133 134
134 135
135 136
136 137
137 138
136 139
139 140
140 141
141 142
140 143
139 144
135 145
12 146
146 147
147 148
148 149
147 150
147 151
151 152
147 153
153 154
154 155
154 156
153 157
157 158
157 159
153 160
160 161
161 162
162 163
161 164
161 165
165 166
166 167
165 168
161 169
169 170
170 171
169 172
12 173
173 174
174 175
175 176
176 177
175 178
175 179
12 180
180 181
181 182
182 183
182 184
182 185
180 186
186 187
187 188
186 189
180 190
190 191
191 192
180 193
193 194
194 195
195 196
196 197
197 198
198 199
197 200
200 201
196 202
195 203
194 204
204 205
205 206
206 207
207 208
207 209
207 210
210 211
210 212
212 213
213 214
214 215
215 216
214 217
217 218
213 219
204 220
220 221
221 222
222 223
221 224
224 225
225 226
224 227
204 228
228 229
229 230
230 231
231 232
232 233
231 234
234 235
230 236
12 237
237 238
238 239
