0 1
1 2
1 3
3 4
3 5
3 6
6 7
7 8
6 9
3 10
10 11
3 12
12 13
13 14
14 15
15 16
16 17
15 18
14 19
19 20
20 21
21 22
20 23
19 24
13 25
25 26
26 27
12 28
28 29
29 30
30 31
31 32
31 33
33 34
31 35
35 36
30 37
30 38
38 39
39 40
12 41
41 42
42 43
43 44
43 45
43 46
46 47
47 48
46 49
12 50
50 51
51 52
52 53
52 54
52 55
50 56
56 57
57 58
56 59
59 60
50 61
61 62
62 63
50 64
64 65
65 66
66 67
67 68
66 69
66 70
70 71
71 72
70 73
70 74
74 75
66 76
76 77
77 78
78 79
77 80
77 81
81 82
82 83
81 84
81 85
85 86
77 87
76 88
12 89
89 90
90 91
91 92
92 93
92 94
94 95
95 96
94 97
94 98
98 99
94 100
100 101
91 102
91 103
103 104
104 105
103 106
106 107
107 108
107 109
106 110
110 111
110 112
106 113
113 114
114 115
115 116
116 117
115 118
114 119
119 120
120 121
119 122
12 123
123 124
124 125
125 126
124 127
124 128
128 129
129 130
128 131
12 132
132 133
133 134
134 135
135 136
134 137
134 138
12 139
139 140
140 141
141 142
142 143
141 144
139 145
145 146
146 147
147 148
148 149
149 150
150 151
149 152
149 153
153 154
149 155
155 156
148 157
148 158
158 159
159 160
158 161
145 162
162 163
163 164
164 165
164 166
164 167
167 168
168 169
167 170
145 171
171 172
172 173
173 174
173 175
173 176
176 177
177 178
176 179
145 180
180 181
181 182
182 183
182 184
182 185
180 186
186 187
187 188
186 189
189 190
180 191
191 192
192 193
180 194
194 195
195 196
196 197
197 198
196 199
199 200
12 201
201 202
202 203
