0 1
1 2
1 3
3 4
3 5
3 6
6 7
7 8
6 9
3 10
10 11
3 12
12 13
13 14
14 15
15 16
16 17
17 18
15 19
15 20
20 21
20 22
22 23
20 24
24 25
12 26
26 27
27 28
28 29
28 30
28 31
26 32
32 33
33 34
32 35
26 36
36 37
37 38
26 39
39 40
40 41
41 42
42 43
43 44
42 45
45 46
41 47
40 48
48 49
12 50
50 51
51 52
52 53
53 54
52 55
52 56
56 57
57 58
56 59
12 60
60 61
61 62
62 63
62 64
60 65
65 66
60 67
67 68
68 69
69 70
70 71
71 72
72 73
71 74
74 75
74 76
76 77
70 78
12 79
79 80
80 81
81 82
80 83
80 84
84 85
80 86
86 87
87 88
87 89
86 90
90 91
90 92
86 93
93 94
94 95
95 96
96 97
95 98
94 99
99 100
100 101
99 102
12 103
103 104
104 105
105 106
105 107
105 108
104 109
109 110
109 111
109 112
12 113
113 114
114 115
115 116
116 117
115 118
113 119
119 120
113 121
121 122
122 123
123 124
124 125
125 126
124 127
123 128
122 129
129 130
130 131
131 132
132 133
133 134
132 135
129 136
136 137
137 138
138 139
139 140
138 141
141 142
142 143
137 144
144 145
144 146
146 147
147 148
148 149
147 150
12 151
151 152
152 153
153 154
152 155
155 156
