0 1
1 2
1 3
3 4
3 5
3 6
6 7
7 8
6 9
3 10
10 11
3 12
12 13
13 14
14 15
15 16
16 17
16 18
18 19
16 20
20 21
15 22
15 23
23 24
24 25
12 26
26 27
27 28
28 29
28 30
26 31
31 32
32 33
31 34
26 35
35 36
36 37
37 38
36 39
36 40
40 41
36 42
42 43
43 44
44 45
43 46
43 47
47 48
43 49
42 50
12 51
51 52
52 53
53 54
54 55
54 56
56 57
53 58
53 59
59 60
60 61
59 62
62 63
63 64
63 65
62 66
66 67
66 68
62 69
69 70
70 71
71 72
72 73
71 74
70 75
75 76
76 77
75 78
12 79
79 80
80 81
81 82
81 83
79 84
84 85
85 86
84 87
79 88
88 89
89 90
90 91
89 92
89 93
93 94
94 95
93 96
96 97
93 98
98 99
99 100
98 101
98 102
102 103
12 104
104 105
105 106
106 107
107 108
106 109
106 110
12 111
111 112
112 113
113 114
114 115
113 116
111 117
117 118
118 119
119 120
120 121
121 122
120 123
120 124
124 125
125 126
124 127
117 128
128 129
129 130
130 131
130 132
130 133
128 134
134 135
135 136
134 137
137 138
138 139
137 140
128 141
141 142
142 143
128 144
144 145
145 146
146 147
145 148
148 149
149 150
148 151
12 152
152 153
153 154
0 155
155 156
155 157
157 158
158 159
158 160
155 161
161 162
162 163
162 164
155 165
165 166
165 167
165 168
168 169
168 170
165 171
171 172
171 173
165 174
174 175
175 176
176 177
177 178
177 179
176 180
180 181
174 182
182 183
183 184
184 185
184 186
183 187
187 188
