0 1
1 2
1 3
3 4
3 5
3 6
6 7
7 8
6 9
3 10
10 11
3 12
12 13
13 14
14 15
15 16
16 17
17 18
15 19
15 20
20 21
20 22
22 23
20 24
24 25
12 26
26 27
27 28
28 29
28 30
28 31
26 32
32 33
33 34
32 35
26 36
36 37
37 38
26 39
39 40
40 41
41 42
42 43
43 44
42 45
45 46
41 47
40 48
48 49
49 50
48 51
12 52
52 53
53 54
54 55
55 56
54 57
54 58
58 59
59 60
58 61
12 62
62 63
63 64
64 65
64 66
62 67
67 68
62 69
69 70
70 71
71 72
72 73
73 74
72 75
75 76
76 77
75 78
71 79
12 80
80 81
81 82
82 83
81 84
81 85
85 86
81 87
87 88
88 89
88 90
87 91
91 92
91 93
87 94
94 95
95 96
96 97
95 98
95 99
99 100
100 101
99 102
95 103
103 104
104 105
103 106
12 107
107 108
108 109
109 110
109 111
109 112
108 113
113 114
113 115
113 116
107 117
117 118
118 119
117 120
120 121
121 122
120 123
107 124
124 125
125 126
107 127
127 128
128 129
129 130
130 131
131 132
130 133
133 134
129 135
135 136
135 137
137 138
138 139
139 140
138 141
141 142
137 143
127 144
144 145
145 146
146 147
147 148
148 149
147 150
150 151
146 152
127 153
153 154
154 155
155 156
156 157
157 158
156 159
159 160
155 161
154 162
153 163
163 164
164 165
165 166
12 167
167 168
168 169
169 170
168 171
168 172
172 173
