0 1
1 2
1 3
3 4
3 5
3 6
6 7
7 8
6 9
3 10
3 11
11 12
12 13
13 14
14 15
14 16
14 17
11 18
18 19
19 20
20 21
20 22
20 23
18 24
24 25
25 26
24 27
27 28
28 29
27 30
18 31
31 32
32 33
18 34
34 35
35 36
36 37
37 38
38 39
37 40
40 41
36 42
35 43
43 44
44 45
45 46
46 47
47 48
46 49
49 50
50 51
49 52
45 53
53 54
54 55
55 56
54 57
57 58
53 59
44 60
60 61
61 62
62 63
63 64
43 65
65 66
66 67
67 68
66 69
69 70
70 71
69 72
65 73
73 74
74 75
75 76
76 77
77 78
76 79
79 80
75 81
81 82
82 83
81 84
84 85
73 86
86 87
87 88
88 89
89 90
88 91
91 92
87 93
35 94
94 95
95 96
96 97
97 98
