0 1
1 2
1 3
3 4
3 5
3 6
6 7
7 8
6 9
3 10
3 11
11 12
12 13
13 14
14 15
15 16
14 17
14 18
18 19
18 20
20 21
21 22
22 23
21 24
11 25
25 26
26 27
27 28
27 29
27 30
11 31
31 32
32 33
33 34
33 35
33 36
31 37
37 38
38 39
37 40
40 41
41 42
40 43
31 44
44 45
45 46
31 47
47 48
48 49
49 50
50 51
51 52
50 53
53 54
49 55
48 56
56 57
57 58
58 59
59 60
60 61
59 62
62 63
58 64
64 65
65 66
64 67
67 68
56 69
69 70
70 71
71 72
11 73
73 74
74 75
75 76
75 77
75 78
78 79
79 80
78 81
11 82
82 83
83 84
84 85
84 86
84 87
82 88
88 89
89 90
88 91
91 92
82 93
93 94
94 95
82 96
96 97
97 98
98 99
99 100
100 101
99 102
102 103
98 104
104 105
105 106
104 107
107 108
11 109
109 110
110 111
111 112
111 113
111 114
114 115
109 116
116 117
117 118
116 119
119 120
120 121
119 122
109 123
123 124
124 125
109 126
126 127
127 128
128 129
129 130
130 131
129 132
132 133
128 134
