0 1
1 2
1 3
3 4
3 5
3 6
6 7
7 8
6 9
3 10
10 11
10 12
3 13
3 14
14 15
15 16
16 17
17 18
17 19
17 20
20 21
21 22
20 23
16 24
24 25
24 26
24 27
14 28
28 29
29 30
30 31
30 32
30 33
29 34
34 35
34 36
34 37
14 38
38 39
39 40
40 41
40 42
38 43
43 44
38 45
45 46
46 47
47 48
46 49
49 50
50 51
49 52
49 53
53 54
49 55
55 56
14 57
57 58
58 59
59 60
58 61
61 62
57 63
63 64
64 65
65 66
66 67
66 68
66 69
69 70
70 71
69 72
72 73
73 74
74 75
75 76
74 77
77 78
72 79
63 80
80 81
81 82
81 83
83 84
81 85
85 86
81 87
87 88
80 89
89 90
90 91
91 92
92 93
91 94
94 95
89 96
96 97
97 98
98 99
97 100
100 101
101 102
100 103
80 104
104 105
105 106
106 107
107 108
106 109
109 110
110 111
109 112
14 113
113 114
114 115
1 116
116 117
116 118
116 119
119 120
119 121
116 122
122 123
123 124
122 125
116 126
126 127
126 128
116 129
116 130
130 131
131 132
132 133
133 134
133 135
133 136
132 137
137 138
137 139
137 140
140 141
141 142
140 143
130 144
144 145
145 146
146 147
146 148
146 149
144 150
150 151
151 152
150 153
153 154
144 155
155 156
156 157
144 158
158 159
159 160
160 161
161 162
162 163
161 164
164 165
160 166
166 167
159 168
168 169
169 170
170 171
171 172
159 173
173 174
174 175
175 176
176 177
177 178
178 179
177 180
180 181
176 182
182 183
175 184
174 185
185 186
186 187
187 188
186 189
189 190
190 191
191 192
190 193
193 194
189 195
195 196
174 197
197 198
198 199
199 200
198 201
201 202
202 203
203 204
204 205
203 206
206 207
202 208
208 209
201 210
130 211
211 212
212 213
213 214
212 215
215 216
