0 1
1 2
1 3
1 4
4 5
4 6
4 7
4 8
8 9
9 10
8 11
4 12
4 13
13 14
14 15
15 16
16 17
16 18
16 19
19 20
20 21
19 22
13 23
23 24
24 25
25 26
25 27
23 28
28 29
23 30
30 31
31 32
32 33
33 34
32 35
35 36
36 37
35 38
35 39
39 40
35 41
41 42
13 43
43 44
44 45
1 46
46 47
46 48
46 49
46 50
50 51
51 52
50 53
46 54
54 55
54 56
46 57
46 58
58 59
59 60
60 61
61 62
61 63
61 64
58 65
65 66
66 67
67 68
67 69
65 70
70 71
65 72
72 73
73 74
74 75
75 76
74 77
77 78
78 79
77 80
77 81
81 82
82 83
82 84
84 85
81 86
86 87
58 88
88 89
89 90
1 91
91 92
91 93
91 94
91 95
95 96
96 97
95 98
91 99
99 100
99 101
91 102
91 103
103 104
104 105
105 106
106 107
106 108
106 109
105 110
110 111
110 112
110 113
113 114
113 115
115 116
105 117
117 118
117 119
117 120
103 121
121 122
122 123
123 124
122 125
125 126
121 127
127 128
128 129
129 130
130 131
130 132
130 133
133 134
134 135
135 136
136 137
135 138
138 139
133 140
127 141
141 142
142 143
143 144
143 145
143 146
146 147
146 148
148 149
146 150
150 151
127 152
152 153
153 154
154 155
153 156
156 157
152 158
158 159
159 160
160 161
161 162
160 163
163 164
158 165
165 166
166 167
167 168
166 169
169 170
170 171
169 172
152 173
173 174
174 175
175 176
176 177
175 178
178 179
179 180
178 181
103 182
182 183
183 184
