0 1
1 2
1 3
3 4
3 5
3 6
6 7
7 8
6 9
3 10
10 11
10 12
3 13
3 14
14 15
15 16
16 17
17 18
17 19
17 20
20 21
21 22
20 23
14 24
24 25
25 26
26 27
26 28
26 29
14 30
30 31
31 32
32 33
32 34
32 35
35 36
35 37
37 38
14 39
39 40
40 41
41 42
40 43
43 44
39 45
45 46
46 47
47 48
48 49
48 50
48 51
51 52
52 53
53 54
54 55
53 56
56 57
51 58
45 59
59 60
60 61
61 62
61 63
61 64
64 65
64 66
66 67
64 68
68 69
45 70
70 71
71 72
72 73
71 74
74 75
70 76
76 77
77 78
78 79
79 80
78 81
81 82
82 83
81 84
70 85
85 86
86 87
87 88
88 89
87 90
90 91
91 92
90 93
14 94
94 95
95 96
1 97
97 98
97 99
97 100
100 101
101 102
100 103
97 104
104 105
104 106
97 107
97 108
108 109
109 110
110 111
111 112
111 113
111 114
108 115
115 116
116 117
117 118
117 119
117 120
120 121
121 122
120 123
108 124
124 125
125 126
126 127
126 128
126 129
124 130
130 131
131 132
130 133
133 134
124 135
135 136
136 137
124 138
138 139
139 140
140 141
141 142
140 143
143 144
144 145
143 146
143 147
147 148
148 149
148 150
150 151
151 152
152 153
151 154
154 155
147 156
156 157
156 158
158 159
159 160
108 161
161 162
162 163
1 164
164 165
164 166
164 167
167 168
168 169
167 170
164 171
164 172
172 173
173 174
174 175
175 176
175 177
175 178
178 179
179 180
178 181
172 182
182 183
183 184
184 185
184 186
184 187
187 188
188 189
187 190
172 191
191 192
192 193
193 194
193 195
193 196
191 197
197 198
198 199
197 200
200 201
191 202
202 203
203 204
191 205
205 206
206 207
207 208
208 209
207 210
210 211
211 212
210 213
210 214
214 215
210 216
216 217
217 218
216 219
219 220
172 221
221 222
222 223
