0 1
1 2
1 3
3 4
3 5
3 6
3 7
7 8
8 9
7 10
3 11
3 12
12 13
13 14
14 15
15 16
15 17
15 18
18 19
19 20
18 21
12 22
12 23
23 24
24 25
25 26
25 27
25 28
28 29
29 30
28 31
12 32
32 33
33 34
34 35
34 36
34 37
32 38
38 39
39 40
38 41
41 42
32 43
43 44
44 45
32 46
46 47
47 48
48 49
49 50
48 51
51 52
52 53
51 54
51 55
55 56
51 57
57 58
58 59
57 60
60 61
12 62
62 63
63 64
1 65
65 66
65 67
65 68
65 69
69 70
70 71
69 72
65 73
73 74
73 75
65 76
65 77
77 78
78 79
79 80
80 81
80 82
80 83
77 84
84 85
85 86
86 87
86 88
86 89
89 90
90 91
89 92
77 93
93 94
94 95
95 96
95 97
95 98
93 99
99 100
100 101
99 102
102 103
93 104
104 105
105 106
93 107
107 108
108 109
109 110
110 111
109 112
112 113
113 114
112 115
112 116
116 117
117 118
117 119
119 120
120 121
121 122
120 123
123 124
116 125
125 126
125 127
127 128
128 129
77 130
130 131
131 132
1 133
133 134
133 135
133 136
136 137
137 138
136 139
133 140
140 141
140 142
133 143
133 144
144 145
145 146
146 147
147 148
147 149
147 150
146 151
151 152
151 153
151 154
154 155
154 156
156 157
144 158
158 159
159 160
160 161
159 162
162 163
158 164
164 165
165 166
166 167
167 168
167 169
167 170
170 171
171 172
172 173
173 174
172 175
175 176
170 177
164 178
178 179
179 180
180 181
180 182
180 183
183 184
183 185
185 186
183 187
187 188
164 189
189 190
190 191
191 192
190 193
193 194
189 195
195 196
196 197
197 198
198 199
197 200
200 201
201 202
200 203
189 204
204 205
205 206
206 207
207 208
206 209
209 210
210 211
209 212
144 213
213 214
214 215
