0 1
1 2
1 3
3 4
3 5
3 6
6 7
7 8
6 9
3 10
10 11
10 12
3 13
3 14
14 15
15 16
16 17
17 18
17 19
17 20
14 21
21 22
22 23
23 24
23 25
23 26
26 27
27 28
26 29
14 30
30 31
31 32
32 33
31 34
34 35
30 36
36 37
37 38
38 39
39 40
39 41
39 42
42 43
43 44
42 45
45 46
46 47
47 48
48 49
47 50
50 51
45 52
36 53
53 54
54 55
54 56
56 57
54 58
58 59
54 60
60 61
53 62
62 63
63 64
64 65
63 66
66 67
67 68
66 69
53 70
70 71
71 72
72 73
71 74
74 75
75 76
74 77
14 78
78 79
79 80
1 81
81 82
81 83
81 84
84 85
85 86
84 87
81 88
88 89
88 90
81 91
91 92
91 93
81 94
81 95
95 96
96 97
97 98
98 99
98 100
98 101
95 102
102 103
103 104
104 105
104 106
102 107
107 108
102 109
109 110
110 111
111 112
112 113
112 114
112 115
115 116
116 117
115 118
118 119
109 120
120 121
121 122
122 123
121 124
124 125
109 126
126 127
127 128
128 129
129 130
128 131
131 132
127 133
126 134
134 135
135 136
136 137
95 138
138 139
139 140
140 141
139 142
142 143
