0 1
1 2
1 3
3 4
3 5
5 6
6 7
5 8
3 9
9 10
9 11
3 12
12 13
12 14
3 15
3 16
16 17
17 18
18 19
19 20
19 21
19 22
16 23
23 24
24 25
25 26
25 27
25 28
23 29
29 30
30 31
29 32
32 33
33 34
32 35
23 36
36 37
37 38
23 39
39 40
40 41
41 42
42 43
41 44
44 45
45 46
44 47
44 48
48 49
49 50
49 51
51 52
52 53
51 54
54 55
48 56
56 57
56 58
58 59
39 60
60 61
61 62
62 63
61 64
64 65
60 66
66 67
16 68
68 69
1 70
70 71
70 72
72 73
73 74
72 75
70 76
70 77
77 78
78 79
79 80
80 81
80 82
80 83
83 84
84 85
83 86
77 87
87 88
88 89
89 90
89 91
89 92
87 93
93 94
94 95
93 96
96 97
97 98
96 99
87 100
100 101
101 102
87 103
103 104
104 105
105 106
106 107
107 108
106 109
109 110
105 111
111 112
104 113
113 114
114 115
115 116
114 117
117 118
118 119
117 120
120 121
77 122
122 123
123 124
1 125
125 126
125 127
125 128
128 129
129 130
128 131
125 132
132 133
132 134
125 135
125 136
136 137
137 138
138 139
139 140
138 141
141 142
142 143
143 144
142 145
141 146
137 147
147 148
148 149
136 150
150 151
151 152
152 153
152 154
152 155
136 156
156 157
157 158
158 159
158 160
158 161
161 162
161 163
163 164
136 165
165 166
166 167
167 168
167 169
167 170
170 171
136 172
172 173
173 174
174 175
173 176
176 177
172 178
178 179
179 180
180 181
181 182
181 183
181 184
184 185
185 186
186 187
187 188
186 189
189 190
184 191
178 192
192 193
193 194
193 195
195 196
193 197
197 198
193 199
199 200
192 201
201 202
202 203
203 204
204 205
203 206
206 207
201 208
208 209
209 210
210 211
209 212
212 213
213 214
212 215
192 216
216 217
217 218
218 219
217 220
220 221
221 222
220 223
136 224
224 225
225 226
