0 1
1 2
1 3
3 4
4 5
5 6
6 7
7 8
4 9
4 10
1 11
11 12
12 13
12 14
12 15
1 16
16 17
16 18
16 19
19 20
20 21
19 22
16 23
23 24
23 25
16 26
16 27
27 28
28 29
29 30
30 31
30 32
30 33
27 34
34 35
35 36
36 37
36 38
34 39
39 40
34 41
41 42
42 43
43 44
44 45
43 46
46 47
27 48
48 49
49 50
50 51
49 52
52 53
53 54
52 55
55 56
56 57
57 58
56 59
52 60
60 61
61 62
62 63
63 64
62 65
61 66
27 67
67 68
68 69
69 70
68 71
71 72
27 73
73 74
74 75
74 76
74 77
74 78
78 79
1 80
80 81
80 82
80 83
83 84
83 85
80 86
86 87
86 88
80 89
89 90
90 91
89 92
80 93
93 94
80 95
95 96
96 97
97 98
98 99
97 100
100 101
101 102
100 103
96 104
104 105
105 106
106 107
107 108
106 109
109 110
105 111
105 112
95 113
113 114
114 115
115 116
115 117
115 118
118 119
119 120
120 121
121 122
122 123
121 124
120 125
119 126
118 127
127 128
95 129
129 130
130 131
131 132
132 133
133 134
132 135
135 136
131 137
137 138
130 139
129 140
140 141
141 142
142 143
143 144
142 145
145 146
141 147
147 148
95 149
149 150
150 151
151 152
152 153
153 154
152 155
155 156
151 157
157 158
150 159
159 160
160 161
160 162
162 163
163 164
162 165
160 166
166 167
167 168
166 169
169 170
170 171
169 172
172 173
160 174
174 175
159 176
176 177
176 178
178 179
179 180
178 181
176 182
182 183
183 184
182 185
185 186
186 187
185 188
188 189
176 190
190 191
95 192
192 193
193 194
194 195
195 196
194 197
197 198
193 199
199 200
