0 1
1 2
1 3
3 4
3 5
3 6
6 7
7 8
6 9
3 10
10 11
10 12
3 13
3 14
14 15
15 16
16 17
17 18
17 19
17 20
14 21
21 22
22 23
23 24
23 25
23 26
21 27
27 28
28 29
27 30
30 31
31 32
30 33
21 34
34 35
35 36
21 37
37 38
38 39
39 40
40 41
39 42
42 43
43 44
42 45
45 46
46 47
45 48
48 49
14 50
50 51
51 52
52 53
52 54
52 55
14 56
56 57
57 58
58 59
57 60
60 61
61 62
62 63
63 64
62 65
65 66
60 67
14 68
68 69
69 70
70 71
71 72
72 73
71 74
74 75
70 76
76 77
77 78
78 79
79 80
80 81
79 82
82 83
77 84
76 85
69 86
86 87
87 88
88 89
89 90
88 91
91 92
86 93
68 94
94 95
68 96
96 97
97 98
97 99
99 100
100 101
99 102
97 103
103 104
97 105
105 106
1 107
107 108
107 109
107 110
110 111
110 112
107 113
113 114
114 115
113 116
107 117
117 118
117 119
107 120
107 121
121 122
122 123
123 124
124 125
125 126
126 127
124 128
124 129
129 130
129 131
131 132
132 133
133 134
132 135
129 136
136 137
137 138
138 139
137 140
121 141
141 142
142 143
143 144
143 145
143 146
141 147
147 148
148 149
147 150
150 151
141 152
152 153
153 154
141 155
155 156
156 157
157 158
158 159
159 160
160 161
159 162
162 163
158 164
157 165
121 166
166 167
167 168
168 169
168 170
168 171
166 172
172 173
173 174
172 175
175 176
166 177
177 178
178 179
166 180
180 181
181 182
182 183
183 184
184 185
185 186
184 187
183 188
188 189
182 190
121 191
191 192
192 193
193 194
193 195
193 196
191 197
197 198
198 199
197 200
200 201
191 202
202 203
203 204
191 205
205 206
206 207
207 208
208 209
208 210
208 211
206 212
212 213
213 214
212 215
215 216
206 217
217 218
218 219
206 220
220 221
221 222
222 223
223 224
224 225
223 226
226 227
227 228
226 229
222 230
230 231
221 232
232 233
233 234
234 235
235 236
236 237
237 238
236 239
239 240
235 241
241 242
234 243
243 244
244 245
245 246
246 247
247 248
246 249
249 250
250 251
249 252
245 253
253 254
254 255
253 256
256 257
257 258
256 259
259 260
260 261
259 262
244 263
263 264
264 265
265 266
264 267
267 268
268 269
267 270
263 271
271 272
221 273
273 274
274 275
275 276
276 277
277 278
278 279
277 280
280 281
276 282
282 283
275 284
284 285
285 286
286 287
285 288
288 289
289 290
288 291
284 292
292 293
121 294
294 295
295 296
296 297
297 298
296 299
299 300
295 301
301 302
