0 1
1 2
1 3
3 4
3 5
5 6
6 7
5 8
1 9
9 10
9 11
11 12
12 13
13 14
11 15
1 16
16 17
16 18
16 19
19 20
20 21
19 22
16 23
23 24
23 25
16 26
16 27
27 28
28 29
29 30
30 31
30 32
30 33
27 34
34 35
35 36
36 37
36 38
36 39
39 40
40 41
39 42
27 43
43 44
44 45
45 46
45 47
44 48
48 49
27 50
50 51
51 52
52 53
52 54
50 55
55 56
50 57
57 58
58 59
59 60
58 61
61 62
27 63
63 64
64 65
65 66
64 67
67 68
27 69
69 70
70 71
71 72
72 73
71 74
70 75
75 76
76 77
77 78
76 79
75 80
69 81
81 82
27 83
83 84
84 85
85 86
84 87
27 88
88 89
89 90
90 91
89 92
92 93
92 94
94 95
95 96
92 97
97 98
98 99
99 100
98 101
27 102
102 103
103 104
104 105
104 106
104 107
102 108
108 109
109 110
108 111
111 112
102 113
113 114
114 115
102 116
116 117
117 118
118 119
119 120
118 121
118 122
122 123
123 124
122 125
125 126
118 127
127 128
27 129
129 130
130 131
130 132
132 133
133 134
132 135
130 136
136 137
1 138
138 139
138 140
138 141
141 142
141 143
138 144
144 145
144 146
138 147
138 148
148 149
149 150
150 151
151 152
150 153
149 154
154 155
155 156
156 157
157 158
158 159
157 160
156 161
156 162
148 163
163 164
164 165
165 166
166 167
167 168
166 169
169 170
165 171
171 172
164 173
173 174
163 175
175 176
176 177
177 178
178 179
177 180
180 181
176 182
182 183
148 184
184 185
185 186
186 187
185 188
188 189
189 190
188 191
191 192
184 193
193 194
194 195
195 196
196 197
197 198
198 199
197 200
200 201
196 202
202 203
195 204
204 205
204 206
206 207
207 208
206 209
204 210
210 211
148 212
212 213
213 214
214 215
215 216
216 217
215 218
218 219
214 220
220 221
213 222
222 223
223 224
223 225
225 226
226 227
225 228
223 229
229 230
222 231
231 232
231 233
233 234
234 235
233 236
231 237
237 238
238 239
237 240
240 241
241 242
240 243
243 244
