0 1
1 2
1 3
3 4
3 5
3 6
6 7
7 8
6 9
3 10
10 11
10 12
3 13
3 14
14 15
15 16
16 17
17 18
17 19
17 20
14 21
21 22
22 23
23 24
23 25
23 26
26 27
27 28
26 29
14 30
30 31
31 32
32 33
32 34
32 35
30 36
36 37
37 38
36 39
39 40
30 41
41 42
42 43
30 44
44 45
45 46
46 47
47 48
46 49
49 50
50 51
49 52
52 53
14 54
54 55
55 56
56 57
57 58
56 59
59 60
55 61
61 62
62 63
63 64
64 65
65 66
64 67
67 68
62 69
61 70
54 71
71 72
72 73
14 74
74 75
75 76
76 77
76 78
76 79
14 80
80 81
81 82
82 83
81 84
84 85
85 86
86 87
87 88
86 89
89 90
84 91
14 92
92 93
93 94
94 95
94 96
94 97
97 98
98 99
97 100
97 101
101 102
102 103
101 104
14 105
105 106
106 107
107 108
108 109
109 110
107 111
107 112
112 113
112 114
114 115
115 116
116 117
115 118
112 119
119 120
120 121
14 122
122 123
123 124
124 125
124 126
124 127
122 128
128 129
129 130
128 131
131 132
122 133
133 134
134 135
122 136
136 137
137 138
138 139
139 140
140 141
141 142
140 143
139 144
144 145
138 146
14 147
147 148
148 149
149 150
149 151
149 152
147 153
153 154
154 155
153 156
156 157
157 158
156 159
147 160
160 161
161 162
147 163
163 164
164 165
165 166
166 167
166 168
166 169
169 170
169 171
171 172
169 173
173 174
163 175
175 176
176 177
177 178
178 179
179 180
178 181
181 182
177 183
176 184
184 185
184 186
186 187
187 188
186 189
186 190
190 191
191 192
190 193
190 194
190 195
195 196
14 197
197 198
198 199
199 200
199 201
199 202
197 203
203 204
204 205
203 206
206 207
207 208
206 209
197 210
210 211
211 212
197 213
213 214
214 215
215 216
216 217
216 218
216 219
214 220
220 221
221 222
220 223
223 224
214 225
225 226
226 227
214 228
228 229
229 230
230 231
231 232
232 233
231 234
234 235
235 236
234 237
230 238
238 239
229 240
240 241
241 242
242 243
243 244
244 245
245 246
244 247
247 248
243 249
249 250
242 251
251 252
252 253
253 254
254 255
253 256
256 257
257 258
256 259
252 260
260 261
261 262
260 263
263 264
264 265
263 266
266 267
267 268
266 269
251 270
270 271
271 272
272 273
271 274
274 275
275 276
274 277
270 278
278 279
229 280
280 281
281 282
282 283
283 284
284 285
285 286
284 287
287 288
283 289
289 290
282 291
291 292
292 293
293 294
292 295
295 296
296 297
295 298
291 299
299 300
14 301
301 302
302 303
303 304
304 305
303 306
306 307
302 308
308 309
309 310
308 311
1 312
312 313
312 314
312 315
312 316
316 317
317 318
316 319
312 320
320 321
320 322
312 323
312 324
324 325
325 326
326 327
327 328
327 329
327 330
324 331
331 332
332 333
333 334
333 335
333 336
331 337
337 338
338 339
337 340
340 341
331 342
342 343
343 344
331 345
345 346
346 347
347 348
348 349
349 350
348 351
351 352
347 353
346 354
354 355
355 356
356 357
357 358
356 359
324 360
360 361
361 362
