0 1
1 2
1 3
3 4
3 5
3 6
6 7
7 8
6 9
3 10
10 11
10 12
3 13
3 14
14 15
15 16
16 17
17 18
18 19
17 20
16 21
15 22
22 23
23 24
24 25
25 26
26 27
27 28
26 29
25 30
30 31
24 32
32 33
33 34
34 35
35 36
34 37
33 38
38 39
32 40
23 41
41 42
23 43
43 44
14 45
45 46
46 47
47 48
48 49
47 50
47 51
14 52
52 53
53 54
54 55
54 56
52 57
57 58
52 59
59 60
60 61
61 62
60 63
63 64
64 65
63 66
63 67
67 68
14 69
69 70
70 71
71 72
72 73
71 74
71 75
75 76
14 77
77 78
78 79
78 80
80 81
78 82
82 83
78 84
78 85
85 86
14 87
87 88
88 89
89 90
88 91
1 92
92 93
92 94
92 95
95 96
96 97
95 98
92 99
99 100
99 101
92 102
102 103
102 104
92 105
105 106
106 107
105 108
92 109
92 110
110 111
111 112
112 113
113 114
114 115
115 116
114 117
112 118
118 119
119 120
118 121
121 122
122 123
121 124
111 125
125 126
126 127
127 128
128 129
129 130
128 131
125 132
110 133
133 134
134 135
135 136
134 137
137 138
138 139
137 140
133 141
141 142
110 143
143 144
144 145
144 146
146 147
144 148
148 149
149 150
148 151
151 152
152 153
153 154
152 155
155 156
144 157
157 158
158 159
157 160
144 161
161 162
110 163
163 164
164 165
164 166
166 167
164 168
168 169
169 170
168 171
171 172
172 173
173 174
172 175
175 176
164 177
177 178
178 179
177 180
164 181
181 182
