0 1
1 2
1 3
3 4
3 5
3 6
6 7
7 8
6 9
3 10
10 11
10 12
12 13
3 14
14 15
15 16
16 17
17 18
18 19
18 20
20 21
17 22
17 23
23 24
24 25
14 26
26 27
27 28
28 29
27 30
26 31
31 32
32 33
14 34
34 35
35 36
35 37
37 38
35 39
39 40
1 41
41 42
41 43
41 44
44 45
45 46
44 47
41 48
48 49
49 50
49 51
51 52
48 53
41 54
54 55
54 56
56 57
41 58
58 59
59 60
60 61
61 62
62 63
61 64
60 65
59 66
66 67
67 68
67 69
69 70
70 71
69 72
67 73
73 74
58 75
75 76
76 77
77 78
76 79
76 80
80 81
81 82
80 83
58 84
84 85
85 86
86 87
87 88
86 89
85 90
84 91
91 92
92 93
92 94
94 95
95 96
94 97
92 98
98 99
58 100
100 101
101 102
