0 1
1 2
1 3
3 4
3 5
3 6
6 7
7 8
6 9
3 10
10 11
10 12
12 13
3 14
14 15
15 16
16 17
17 18
18 19
18 20
20 21
17 22
17 23
23 24
24 25
14 26
26 27
27 28
27 29
29 30
27 31
31 32
14 33
33 34
34 35
1 36
36 37
36 38
36 39
39 40
40 41
39 42
36 43
43 44
44 45
44 46
46 47
43 48
36 49
36 50
50 51
51 52
52 53
53 54
54 55
54 56
56 57
53 58
53 59
59 60
60 61
50 62
62 63
63 64
64 65
65 66
64 67
63 68
68 69
69 70
70 71
69 72
62 73
73 74
74 75
75 76
76 77
75 78
74 79
79 80
80 81
81 82
82 83
81 84
81 85
85 86
79 87
87 88
88 89
89 90
88 91
91 92
92 93
91 94
73 95
95 96
96 97
97 98
96 99
99 100
100 101
99 102
73 103
103 104
104 105
105 106
104 107
104 108
108 109
109 110
108 111
73 112
112 113
113 114
114 115
113 116
116 117
117 118
116 119
