0 1
1 2
1 3
3 4
3 5
3 6
6 7
7 8
6 9
3 10
10 11
10 12
3 13
13 14
14 15
13 16
3 17
17 18
17 19
3 20
3 21
21 22
22 23
23 24
24 25
25 26
24 27
24 28
28 29
28 30
30 31
31 32
32 33
31 34
34 35
21 36
36 37
37 38
38 39
38 40
38 41
37 42
42 43
42 44
42 45
37 46
46 47
46 48
46 49
21 50
50 51
51 52
52 53
51 54
50 55
21 56
56 57
57 58
58 59
57 60
56 61
61 62
62 63
63 64
64 65
63 66
62 67
67 68
68 69
67 70
70 71
71 72
70 73
73 74
62 75
75 76
76 77
62 78
78 79
79 80
80 81
81 82
82 83
81 84
84 85
80 86
86 87
87 88
86 89
89 90
61 91
21 92
92 93
93 94
94 95
95 96
94 97
97 98
93 99
99 100
100 101
99 102
102 103
92 104
104 105
105 106
106 107
107 108
108 109
107 110
110 111
106 112
112 113
113 114
112 115
115 116
105 117
117 118
118 119
119 120
120 121
121 122
120 123
123 124
124 125
119 126
126 127
127 128
126 129
129 130
130 131
105 132
132 133
133 134
134 135
135 136
136 137
135 138
138 139
139 140
134 141
141 142
142 143
141 144
144 145
145 146
21 147
147 148
148 149
149 150
148 151
151 152
147 153
153 154
154 155
155 156
156 157
157 158
156 159
159 160
160 161
155 162
162 163
163 164
162 165
165 166
166 167
21 168
168 169
169 170
170 171
169 172
172 173
168 174
174 175
175 176
176 177
177 178
178 179
177 180
180 181
181 182
176 183
183 184
184 185
183 186
186 187
187 188
21 189
189 190
190 191
191 192
190 193
189 194
194 195
195 196
194 197
197 198
198 199
197 200
200 201
189 202
202 203
203 204
189 205
205 206
206 207
207 208
208 209
209 210
208 211
211 212
207 213
213 214
214 215
213 216
216 217
