0 1
1 2
1 3
3 4
3 5
3 6
6 7
6 8
3 9
9 10
9 11
3 12
3 13
13 14
14 15
15 16
16 17
15 18
14 19
19 20
20 21
21 22
14 23
23 24
24 25
25 26
24 27
27 28
23 29
29 30
30 31
31 32
31 33
33 34
23 35
35 36
36 37
37 38
36 39
35 40
40 41
41 42
13 43
43 44
44 45
45 46
46 47
45 48
44 49
43 50
50 51
51 52
52 53
53 54
53 55
53 56
56 57
56 58
58 59
56 60
60 61
61 62
60 63
50 64
64 65
65 66
66 67
65 68
68 69
43 70
70 71
71 72
72 73
73 74
73 75
73 76
76 77
76 78
78 79
76 80
80 81
81 82
80 83
70 84
84 85
85 86
86 87
85 88
84 89
89 90
90 91
91 92
92 93
93 94
92 95
95 96
91 97
97 98
70 99
99 100
100 101
101 102
102 103
103 104
102 105
105 106
100 107
107 108
