0 1
1 2
1 3
3 4
3 5
3 6
6 7
6 8
3 9
9 10
9 11
3 12
3 13
13 14
14 15
15 16
16 17
16 18
16 19
19 20
13 21
21 22
22 23
23 24
22 25
21 26
26 27
27 28
27 29
13 30
30 31
31 32
32 33
31 34
30 35
35 36
36 37
37 38
38 39
37 40
40 41
40 42
42 43
40 44
44 45
30 46
46 47
47 48
48 49
49 50
48 51
51 52
51 53
53 54
53 55
55 56
53 57
57 58
13 59
59 60
60 61
1 62
62 63
62 64
62 65
65 66
65 67
62 68
68 69
68 70
62 71
62 72
72 73
73 74
74 75
75 76
74 77
73 78
78 79
72 80
80 81
81 82
82 83
82 84
82 85
85 86
85 87
87 88
85 89
89 90
90 91
89 92
72 93
93 94
94 95
95 96
96 97
95 98
94 99
93 100
100 101
101 102
102 103
101 104
104 105
93 106
106 107
107 108
108 109
109 110
108 111
111 112
107 113
113 114
