0 1
1 2
1 3
3 4
3 5
3 6
6 7
6 8
3 9
9 10
9 11
3 12
3 13
13 14
14 15
15 16
16 17
15 18
14 19
19 20
13 21
21 22
22 23
23 24
23 25
23 26
26 27
26 28
28 29
26 30
30 31
31 32
30 33
13 34
34 35
35 36
36 37
37 38
38 39
39 40
38 41
37 42
36 43
43 44
44 45
43 46
46 47
36 48
48 49
49 50
50 51
49 52
52 53
48 54
54 55
1 56
56 57
56 58
56 59
59 60
59 61
56 62
62 63
62 64
56 65
56 66
66 67
67 68
68 69
69 70
68 71
67 72
72 73
66 74
74 75
75 76
76 77
76 78
76 79
79 80
79 81
81 82
79 83
83 84
84 85
83 86
83 87
87 88
66 89
89 90
90 91
91 92
92 93
93 94
92 95
91 96
96 97
97 98
97 99
99 100
91 101
101 102
