0 1
1 2
1 3
3 4
3 5
3 6
6 7
6 8
3 9
9 10
9 11
3 12
3 13
13 14
14 15
15 16
16 17
15 18
14 19
19 20
20 21
21 22
22 23
21 24
24 25
24 26
26 27
19 28
28 29
29 30
30 31
29 32
32 33
33 34
13 35
35 36
36 37
36 38
38 39
36 40
40 41
1 42
42 43
42 44
44 45
44 46
42 47
47 48
47 49
42 50
42 51
51 52
52 53
53 54
54 55
53 56
52 57
57 58
58 59
51 60
60 61
61 62
62 63
62 64
62 65
65 66
65 67
67 68
65 69
69 70
70 71
69 72
51 73
73 74
74 75
75 76
74 77
77 78
78 79
77 80
80 81
51 82
82 83
83 84
84 85
85 86
84 87
83 88
82 89
89 90
90 91
91 92
82 93
93 94
94 95
95 96
96 97
95 98
98 99
