0 1
1 2
1 3
3 4
3 5
3 6
6 7
6 8
3 9
3 10
10 11
11 12
12 13
13 14
12 15
11 16
16 17
17 18
10 19
19 20
20 21
21 22
21 23
21 24
10 25
25 26
26 27
27 28
27 29
27 30
30 31
10 32
32 33
33 34
34 35
34 36
34 37
10 38
38 39
39 40
40 41
39 42
42 43
38 44
44 45
45 46
46 47
47 48
47 49
47 50
50 51
51 52
50 53
53 54
54 55
55 56
56 57
55 58
58 59
53 60
44 61
61 62
62 63
63 64
62 65
65 66
66 67
65 68
68 69
61 70
70 71
71 72
61 73
73 74
74 75
75 76
74 77
77 78
78 79
77 80
80 81
73 82
82 83
83 84
84 85
85 86
84 87
87 88
82 89
89 90
90 91
91 92
90 93
93 94
94 95
93 96
73 97
97 98
98 99
99 100
98 101
101 102
102 103
101 104
10 105
105 106
106 107
