0 1
1 2
1 3
3 4
3 5
3 6
6 7
6 8
3 9
3 10
10 11
11 12
12 13
13 14
12 15
11 16
16 17
17 18
10 19
19 20
20 21
21 22
21 23
21 24
10 25
25 26
26 27
27 28
27 29
27 30
30 31
10 32
32 33
33 34
34 35
33 36
36 37
32 38
38 39
39 40
40 41
41 42
41 43
41 44
44 45
45 46
44 47
47 48
48 49
49 50
50 51
49 52
52 53
47 54
38 55
55 56
56 57
57 58
58 59
59 60
58 61
61 62
57 63
63 64
56 65
65 66
66 67
67 68
68 69
69 70
68 71
66 72
72 73
73 74
74 75
73 76
65 77
77 78
55 79
79 80
80 81
81 82
81 83
83 84
55 85
85 86
86 87
87 88
88 89
87 90
90 91
86 92
92 93
85 94
94 95
95 96
96 97
97 98
96 99
99 100
100 101
99 102
85 103
103 104
104 105
105 106
106 107
105 108
108 109
109 110
108 111
10 112
112 113
113 114
113 115
115 116
