0 1
1 2
1 3
3 4
3 5
3 6
6 7
6 8
3 9
9 10
10 11
11 12
9 13
3 14
14 15
3 16
16 17
17 18
18 19
19 20
20 21
20 22
22 23
22 24
24 25
19 26
19 27
27 28
28 29
16 30
30 31
31 32
32 33
32 34
32 35
30 36
36 37
37 38
36 39
39 40
30 41
41 42
42 43
30 44
44 45
45 46
46 47
47 48
46 49
46 50
50 51
51 52
51 53
53 54
16 55
55 56
56 57
57 58
57 59
57 60
55 61
61 62
62 63
61 64
64 65
65 66
64 67
55 68
68 69
69 70
55 71
71 72
72 73
73 74
74 75
75 76
74 77
74 78
78 79
79 80
80 81
79 82
82 83
78 84
73 85
73 86
86 87
87 88
88 89
87 90
90 91
86 92
16 93
93 94
94 95
95 96
96 97
95 98
95 99
99 100
99 101
101 102
102 103
16 104
104 105
105 106
106 107
106 108
106 109
104 110
110 111
111 112
110 113
113 114
114 115
113 116
104 117
117 118
118 119
104 120
120 121
121 122
122 123
123 124
124 125
123 126
126 127
127 128
128 129
127 130
130 131
126 132
16 133
133 134
134 135
135 136
136 137
136 138
138 139
135 140
135 141
141 142
142 143
16 144
144 145
145 146
146 147
146 148
146 149
144 150
150 151
151 152
150 153
153 154
144 155
155 156
156 157
144 158
158 159
159 160
160 161
161 162
162 163
161 164
164 165
160 166
159 167
167 168
168 169
169 170
170 171
169 172
169 173
173 174
16 175
175 176
176 177
177 178
178 179
178 180
180 181
177 182
177 183
183 184
184 185
16 186
186 187
187 188
188 189
189 190
188 191
186 192
192 193
193 194
194 195
195 196
195 197
195 198
198 199
199 200
198 201
192 202
202 203
203 204
204 205
203 206
203 207
207 208
192 209
209 210
210 211
211 212
211 213
211 214
209 215
215 216
216 217
215 218
218 219
219 220
220 221
219 222
219 223
223 224
218 225
209 226
226 227
227 228
209 229
229 230
230 231
231 232
232 233
232 234
232 235
235 236
236 237
237 238
236 239
236 240
240 241
235 242
235 243
243 244
229 245
245 246
246 247
247 248
248 249
247 250
250 251
229 252
252 253
253 254
254 255
255 256
254 257
257 258
253 259
252 260
260 261
261 262
262 263
263 264
262 265
262 266
266 267
16 268
268 269
269 270
270 271
271 272
270 273
269 274
274 275
268 276
276 277
277 278
278 279
278 280
280 281
16 282
282 283
283 284
284 285
285 286
284 287
284 288
288 289
288 290
290 291
291 292
16 293
293 294
294 295
295 296
295 297
295 298
293 299
299 300
300 301
299 302
302 303
303 304
302 305
293 306
306 307
307 308
293 309
309 310
310 311
311 312
312 313
313 314
312 315
315 316
311 317
317 318
318 319
317 320
317 321
321 322
16 323
323 324
324 325
