0 1
1 2
1 3
3 4
3 5
3 6
6 7
6 8
3 9
9 10
10 11
11 12
9 13
3 14
14 15
3 16
16 17
17 18
18 19
19 20
20 21
20 22
22 23
22 24
24 25
19 26
19 27
27 28
28 29
16 30
30 31
31 32
32 33
32 34
32 35
35 36
16 37
37 38
38 39
39 40
40 41
38 42
37 43
43 44
44 45
45 46
46 47
45 48
45 49
49 50
50 51
16 52
52 53
53 54
54 55
55 56
54 57
54 58
58 59
58 60
60 61
61 62
16 63
63 64
64 65
65 66
66 67
65 68
63 69
69 70
63 71
71 72
72 73
73 74
74 75
74 76
74 77
77 78
78 79
77 80
71 81
81 82
82 83
83 84
83 85
83 86
86 87
87 88
86 89
71 90
90 91
91 92
92 93
93 94
92 95
92 96
96 97
91 98
91 99
99 100
71 101
101 102
102 103
103 104
104 105
103 106
106 107
102 108
16 109
109 110
110 111
111 112
112 113
112 114
114 115
111 116
111 117
117 118
118 119
16 120
120 121
121 122
122 123
122 124
122 125
120 126
126 127
127 128
126 129
129 130
130 131
129 132
120 133
133 134
134 135
120 136
136 137
137 138
138 139
139 140
140 141
139 142
142 143
138 144
137 145
145 146
146 147
147 148
146 149
146 150
150 151
16 152
152 153
153 154
154 155
154 156
154 157
16 158
158 159
159 160
160 161
161 162
160 163
160 164
164 165
164 166
166 167
167 168
16 169
169 170
170 171
171 172
172 173
171 174
169 175
175 176
176 177
177 178
178 179
178 180
178 181
181 182
182 183
181 184
175 185
185 186
186 187
187 188
188 189
187 190
190 191
191 192
186 193
193 194
175 195
195 196
196 197
197 198
198 199
198 200
200 201
197 202
197 203
203 204
204 205
203 206
203 207
207 208
175 209
209 210
210 211
211 212
211 213
209 214
214 215
209 216
216 217
217 218
218 219
219 220
220 221
219 222
222 223
218 224
216 225
225 226
226 227
227 228
228 229
227 230
230 231
226 232
225 233
233 234
234 235
235 236
234 237
234 238
238 239
16 240
240 241
241 242
242 243
243 244
242 245
245 246
241 247
247 248
247 249
249 250
241 251
251 252
