0 1
1 2
1 3
3 4
3 5
3 6
6 7
6 8
3 9
9 10
10 11
10 12
12 13
10 14
14 15
14 16
16 17
9 18
3 19
19 20
20 21
20 22
22 23
19 24
3 25
25 26
26 27
26 28
28 29
26 30
30 31
25 32
3 33
3 34
34 35
35 36
36 37
37 38
36 39
36 40
40 41
35 42
42 43
43 44
44 45
45 46
44 47
44 48
48 49
43 50
50 51
42 52
52 53
34 54
54 55
55 56
56 57
55 58
55 59
59 60
55 61
34 62
62 63
63 64
64 65
65 66
64 67
62 68
68 69
69 70
68 71
68 72
72 73
62 74
74 75
75 76
76 77
77 78
77 79
79 80
77 81
81 82
77 83
83 84
77 85
85 86
75 87
87 88
34 89
89 90
90 91
91 92
90 93
90 94
94 95
90 96
34 97
97 98
98 99
99 100
98 101
98 102
102 103
34 104
104 105
1 106
106 107
106 108
106 109
109 110
109 111
106 112
112 113
113 114
114 115
112 116
106 117
117 118
106 119
119 120
120 121
121 122
122 123
123 124
122 125
122 126
126 127
126 128
128 129
129 130
119 131
131 132
132 133
133 134
134 135
134 136
136 137
134 138
138 139
138 140
140 141
133 142
133 143
143 144
144 145
119 146
146 147
147 148
148 149
148 150
148 151
146 152
152 153
153 154
152 155
155 156
146 157
157 158
158 159
146 160
160 161
161 162
162 163
163 164
162 165
162 166
166 167
162 168
168 169
169 170
119 171
171 172
172 173
173 174
173 175
173 176
171 177
177 178
178 179
177 180
180 181
181 182
180 183
171 184
184 185
185 186
171 187
187 188
188 189
189 190
190 191
190 192
190 193
193 194
194 195
195 196
194 197
197 198
193 199
187 200
200 201
201 202
202 203
202 204
202 205
205 206
206 207
207 208
206 209
209 210
205 211
187 212
212 213
213 214
214 215
215 216
214 217
214 218
218 219
213 220
213 221
221 222
119 223
223 224
224 225
225 226
226 227
226 228
228 229
226 230
230 231
225 232
225 233
233 234
234 235
119 236
236 237
237 238
238 239
239 240
239 241
241 242
238 243
238 244
244 245
245 246
119 247
247 248
248 249
249 250
249 251
249 252
247 253
253 254
254 255
253 256
256 257
247 258
258 259
259 260
247 261
261 262
262 263
263 264
264 265
265 266
264 267
264 268
268 269
264 270
262 271
271 272
272 273
273 274
273 275
275 276
273 277
277 278
273 279
279 280
273 281
281 282
271 283
283 284
284 285
284 286
286 287
119 288
288 289
289 290
290 291
290 292
290 293
293 294
294 295
293 296
119 297
297 298
298 299
299 300
300 301
299 302
297 303
303 304
304 305
305 306
306 307
307 308
306 309
309 310
305 311
311 312
312 313
311 314
303 315
315 316
316 317
317 318
119 319
319 320
320 321
