0 1
1 2
1 3
3 4
3 5
3 6
6 7
6 8
3 9
9 10
3 11
11 12
12 13
13 14
14 15
13 16
12 17
17 18
18 19
19 20
19 21
19 22
22 23
11 24
24 25
25 26
26 27
27 28
26 29
26 30
30 31
30 32
32 33
33 34
34 35
33 36
11 37
37 38
38 39
39 40
40 41
39 42
38 43
11 44
44 45
45 46
46 47
47 48
46 49
45 50
11 51
51 52
52 53
53 54
53 55
53 56
51 57
57 58
58 59
57 60
60 61
61 62
60 63
51 64
64 65
65 66
51 67
67 68
68 69
69 70
70 71
71 72
70 73
73 74
69 75
75 76
76 77
77 78
76 79
79 80
80 81
79 82
75 83
83 84
84 85
85 86
86 87
87 88
86 89
85 90
84 91
84 92
11 93
93 94
94 95
