0 1
1 2
1 3
3 4
3 5
3 6
6 7
6 8
3 9
9 10
3 11
11 12
12 13
13 14
14 15
15 16
14 17
14 18
18 19
18 20
20 21
21 22
22 23
21 24
11 25
25 26
26 27
27 28
27 29
27 30
25 31
31 32
32 33
31 34
34 35
35 36
34 37
25 38
38 39
39 40
25 41
41 42
42 43
43 44
44 45
45 46
44 47
47 48
43 49
49 50
50 51
51 52
50 53
53 54
54 55
53 56
49 57
57 58
58 59
57 60
11 61
61 62
62 63
1 64
64 65
64 66
66 67
66 68
64 69
64 70
70 71
71 72
72 73
73 74
73 75
73 76
70 77
77 78
78 79
79 80
78 81
77 82
82 83
83 84
84 85
85 86
85 87
85 88
88 89
89 90
88 91
82 92
92 93
93 94
94 95
93 96
92 97
97 98
98 99
99 100
100 101
82 102
102 103
103 104
104 105
103 106
70 107
107 108
108 109
