0 1
1 2
1 3
3 4
4 5
5 6
5 7
7 8
7 9
9 10
4 11
4 12
12 13
13 14
1 15
15 16
15 17
15 18
18 19
18 20
15 21
21 22
21 23
15 24
24 25
24 26
26 27
26 28
28 29
15 30
30 31
31 32
32 33
33 34
34 35
34 36
36 37
33 38
33 39
39 40
40 41
30 42
42 43
43 44
43 45
45 46
43 47
47 48
43 49
43 50
50 51
30 52
52 53
53 54
1 55
55 56
55 57
55 58
58 59
58 60
55 61
61 62
61 63
55 64
64 65
64 66
55 67
67 68
68 69
68 70
70 71
67 72
55 73
55 74
74 75
75 76
76 77
77 78
78 79
77 80
76 81
81 82
75 83
83 84
84 85
85 86
86 87
85 88
85 89
89 90
90 91
89 92
92 93
83 94
74 95
95 96
96 97
97 98
97 99
97 100
100 101
95 102
102 103
103 104
102 105
105 106
95 107
107 108
108 109
95 110
110 111
111 112
112 113
113 114
112 115
112 116
116 117
110 118
118 119
119 120
119 121
121 122
119 123
123 124
119 125
125 126
126 127
125 128
119 129
129 130
110 131
131 132
132 133
133 134
132 135
132 136
136 137
137 138
138 139
137 140
136 141
