0 1
1 2
1 3
3 4
3 5
3 6
6 7
7 8
6 9
3 10
3 11
11 12
12 13
13 14
14 15
14 16
14 17
17 18
11 19
19 20
20 21
21 22
21 23
21 24
24 25
25 26
24 27
11 28
28 29
29 30
30 31
30 32
30 33
33 34
34 35
35 36
34 37
33 38
28 39
39 40
40 41
39 42
28 43
43 44
44 45
28 46
46 47
47 48
48 49
49 50
50 51
49 52
52 53
53 54
52 55
48 56
56 57
57 58
56 59
59 60
47 61
61 62
62 63
63 64
64 65
63 66
66 67
67 68
66 69
61 70
11 71
71 72
72 73
73 74
72 75
75 76
71 77
77 78
78 79
79 80
80 81
79 82
11 83
83 84
84 85
85 86
86 87
85 88
88 89
84 90
90 91
83 92
92 93
93 94
94 95
95 96
94 97
97 98
98 99
97 100
100 101
11 102
102 103
103 104
