0 1
1 2
1 3
3 4
3 5
3 6
6 7
7 8
6 9
3 10
3 11
11 12
12 13
13 14
14 15
14 16
14 17
17 18
17 19
19 20
11 21
21 22
22 23
23 24
22 25
25 26
21 27
27 28
28 29
29 30
30 31
29 32
11 33
33 34
34 35
35 36
34 37
37 38
38 39
37 40
1 41
41 42
41 43
41 44
44 45
45 46
44 47
41 48
41 49
49 50
50 51
51 52
52 53
52 54
52 55
49 56
56 57
57 58
58 59
58 60
58 61
61 62
62 63
63 64
62 65
61 66
49 67
67 68
68 69
69 70
70 71
69 72
72 73
68 74
74 75
75 76
74 77
77 78
67 79
79 80
80 81
81 82
49 83
83 84
84 85
85 86
84 87
87 88
83 89
89 90
90 91
91 92
92 93
92 94
92 95
95 96
96 97
95 98
98 99
99 100
100 101
101 102
100 103
103 104
98 105
89 106
106 107
107 108
108 109
109 110
108 111
111 112
107 113
113 114
114 115
115 116
114 117
117 118
113 119
119 120
120 121
119 122
122 123
123 124
122 125
106 126
126 127
127 128
128 129
89 130
130 131
131 132
132 133
133 134
132 135
135 136
131 137
137 138
138 139
139 140
138 141
141 142
137 143
143 144
144 145
143 146
146 147
147 148
146 149
130 150
150 151
151 152
152 153
153 154
152 155
89 156
156 157
157 158
158 159
159 160
158 161
161 162
157 163
163 164
164 165
163 166
166 167
156 168
168 169
169 170
170 171
171 172
170 173
173 174
174 175
173 176
156 177
177 178
178 179
179 180
180 181
179 182
182 183
183 184
182 185
49 186
186 187
187 188
