0 1
1 2
1 3
3 4
3 5
3 6
6 7
7 8
6 9
3 10
3 11
11 12
12 13
13 14
14 15
14 16
14 17
17 18
18 19
17 20
11 21
21 22
22 23
23 24
23 25
23 26
11 27
27 28
28 29
29 30
29 31
29 32
32 33
33 34
34 35
33 36
32 37
11 38
38 39
39 40
40 41
40 42
40 43
43 44
44 45
43 46
11 47
47 48
48 49
49 50
48 51
51 52
47 53
53 54
54 55
55 56
56 57
56 58
56 59
59 60
60 61
59 62
62 63
63 64
64 65
65 66
64 67
67 68
62 69
53 70
70 71
71 72
72 73
72 74
72 75
75 76
76 77
77 78
78 79
79 80
78 81
81 82
77 83
75 84
84 85
53 86
86 87
87 88
88 89
88 90
88 91
91 92
92 93
93 94
94 95
93 96
91 97
97 98
53 99
99 100
100 101
101 102
100 103
103 104
104 105
103 106
103 107
107 108
103 109
109 110
110 111
109 112
112 113
53 114
114 115
115 116
116 117
117 118
118 119
117 120
120 121
116 122
122 123
123 124
122 125
125 126
115 127
127 128
128 129
129 130
128 131
131 132
127 133
133 134
134 135
133 136
136 137
114 138
138 139
139 140
140 141
141 142
140 143
143 144
114 145
145 146
146 147
147 148
148 149
147 150
150 151
146 152
152 153
153 154
152 155
155 156
145 157
157 158
158 159
159 160
160 161
159 162
162 163
163 164
162 165
145 166
166 167
167 168
168 169
169 170
168 171
171 172
172 173
171 174
11 175
175 176
176 177
