0 1
1 2
1 3
3 4
3 5
3 6
6 7
7 8
6 9
3 10
3 11
11 12
12 13
13 14
14 15
15 16
14 17
13 18
12 19
19 20
20 21
11 22
22 23
23 24
24 25
24 26
24 27
27 28
28 29
27 30
11 31
31 32
32 33
33 34
33 35
33 36
11 37
37 38
38 39
39 40
39 41
39 42
42 43
43 44
44 45
43 46
42 47
11 48
48 49
49 50
50 51
49 52
52 53
48 54
54 55
55 56
56 57
57 58
57 59
57 60
60 61
61 62
60 63
63 64
64 65
65 66
66 67
65 68
68 69
63 70
54 71
71 72
72 73
73 74
74 75
73 76
76 77
72 78
78 79
79 80
78 81
81 82
71 83
83 84
84 85
85 86
86 87
85 88
88 89
89 90
88 91
71 92
92 93
93 94
94 95
95 96
94 97
97 98
11 99
99 100
100 101
101 102
100 103
103 104
