0 1
1 2
1 3
3 4
4 5
5 6
5 7
7 8
7 9
9 10
4 11
4 12
12 13
13 14
1 15
15 16
15 17
15 18
18 19
19 20
18 21
15 22
22 23
23 24
23 25
25 26
22 27
15 28
28 29
28 30
15 31
15 32
32 33
33 34
34 35
35 36
34 37
33 38
32 39
39 40
40 41
41 42
42 43
43 44
44 45
43 46
42 47
41 48
48 49
49 50
50 51
49 52
48 53
40 54
54 55
55 56
56 57
57 58
56 59
59 60
60 61
59 62
54 63
39 64
64 65
65 66
66 67
67 68
66 69
66 70
70 71
71 72
70 73
64 74
74 75
75 76
76 77
75 78
75 79
79 80
80 81
79 82
82 83
64 84
84 85
85 86
86 87
85 88
85 89
89 90
90 91
91 92
90 93
89 94
64 95
32 96
96 97
97 98
98 99
97 100
97 101
101 102
102 103
101 104
32 105
105 106
106 107
106 108
108 109
109 110
108 111
106 112
112 113
106 114
114 115
115 116
114 117
117 118
118 119
117 120
32 121
121 122
122 123
122 124
124 125
125 126
124 127
122 128
128 129
122 130
130 131
131 132
130 133
133 134
134 135
133 136
32 137
137 138
138 139
139 140
138 141
138 142
142 143
143 144
144 145
143 146
142 147
1 148
148 149
148 150
148 151
151 152
152 153
151 154
148 155
155 156
155 157
148 158
158 159
158 160
160 161
160 162
162 163
148 164
164 165
165 166
166 167
167 168
168 169
168 170
170 171
167 172
167 173
173 174
174 175
164 176
176 177
177 178
177 179
179 180
177 181
181 182
177 183
183 184
164 185
185 186
186 187
