0 1
1 2
1 3
3 4
3 5
3 6
6 7
7 8
6 9
3 10
10 11
10 12
3 13
13 14
13 15
15 16
15 17
17 18
3 19
19 20
20 21
21 22
22 23
23 24
23 25
25 26
25 27
27 28
22 29
22 30
30 31
31 32
19 33
33 34
34 35
35 36
34 37
33 38
38 39
39 40
19 41
41 42
42 43
43 44
44 45
44 46
46 47
43 48
43 49
49 50
50 51
19 52
52 53
53 54
53 55
55 56
53 57
57 58
53 59
59 60
53 61
53 62
62 63
19 64
64 65
65 66
1 67
67 68
67 69
67 70
70 71
71 72
70 73
67 74
74 75
75 76
75 77
77 78
74 79
67 80
80 81
81 82
81 83
83 84
83 85
85 86
80 87
67 88
88 89
88 90
67 91
91 92
91 93
67 94
67 95
95 96
96 97
97 98
98 99
97 100
97 101
101 102
102 103
101 104
95 105
105 106
106 107
107 108
106 109
109 110
110 111
109 112
112 113
113 114
112 115
95 116
116 117
117 118
118 119
119 120
120 121
119 122
122 123
118 124
124 125
125 126
126 127
125 128
124 129
117 130
130 131
131 132
132 133
131 134
130 135
116 136
136 137
137 138
138 139
139 140
138 141
138 142
142 143
143 144
142 145
145 146
95 147
147 148
148 149
149 150
150 151
149 152
148 153
147 154
154 155
155 156
156 157
156 158
158 159
159 160
158 161
156 162
162 163
156 164
164 165
156 166
166 167
156 168
168 169
95 170
170 171
171 172
172 173
173 174
172 175
171 176
170 177
177 178
178 179
179 180
179 181
181 182
182 183
181 184
179 185
185 186
179 187
187 188
179 189
189 190
179 191
191 192
95 193
193 194
194 195
195 196
194 197
194 198
198 199
199 200
200 201
199 202
198 203
