0 1
1 2
1 3
3 4
4 5
5 6
5 7
7 8
7 9
9 10
4 11
4 12
12 13
13 14
1 15
15 16
15 17
15 18
18 19
19 20
18 21
15 22
22 23
22 24
15 25
25 26
25 27
27 28
27 29
29 30
15 31
31 32
32 33
33 34
34 35
33 36
32 37
37 38
38 39
31 40
40 41
41 42
41 43
43 44
41 45
45 46
41 47
41 48
48 49
49 50
31 51
51 52
52 53
1 54
54 55
54 56
54 57
57 58
58 59
57 60
54 61
61 62
61 63
54 64
64 65
64 66
54 67
67 68
68 69
68 70
70 71
67 72
54 73
54 74
74 75
75 76
76 77
77 78
76 79
75 80
80 81
81 82
82 83
83 84
82 85
82 86
86 87
87 88
86 89
80 90
90 91
91 92
92 93
91 94
94 95
95 96
94 97
74 98
98 99
99 100
100 101
99 102
98 103
103 104
74 105
105 106
106 107
107 108
108 109
109 110
110 111
109 112
108 113
107 114
114 115
115 116
116 117
115 118
114 119
106 120
120 121
121 122
120 123
123 124
105 125
125 126
126 127
127 128
128 129
127 130
127 131
131 132
132 133
131 134
134 135
74 136
136 137
137 138
138 139
139 140
138 141
137 142
136 143
143 144
144 145
145 146
145 147
147 148
148 149
147 150
145 151
151 152
145 153
153 154
145 155
155 156
143 157
157 158
158 159
159 160
158 161
158 162
162 163
163 164
164 165
163 166
162 167
74 168
168 169
169 170
170 171
171 172
170 173
169 174
168 175
175 176
176 177
177 178
177 179
179 180
180 181
179 182
177 183
183 184
177 185
185 186
177 187
187 188
175 189
189 190
190 191
191 192
190 193
190 194
194 195
195 196
196 197
195 198
194 199
74 200
