0 1
1 2
1 3
3 4
3 5
3 6
6 7
7 8
6 9
3 10
10 11
10 12
3 13
13 14
13 15
15 16
15 17
17 18
3 19
19 20
20 21
21 22
22 23
23 24
23 25
25 26
25 27
27 28
22 29
22 30
30 31
31 32
19 33
33 34
34 35
35 36
36 37
36 38
38 39
35 40
35 41
41 42
42 43
19 44
44 45
45 46
45 47
47 48
45 49
49 50
45 51
51 52
45 53
53 54
19 55
55 56
56 57
1 58
58 59
58 60
60 61
61 62
61 63
63 64
63 65
65 66
60 67
58 68
68 69
69 70
69 71
71 72
68 73
58 74
74 75
75 76
74 77
58 78
78 79
78 80
58 81
58 82
82 83
83 84
84 85
85 86
84 87
83 88
82 89
89 90
90 91
91 92
90 93
90 94
94 95
95 96
94 97
82 98
98 99
99 100
100 101
101 102
102 103
103 104
102 105
101 106
106 107
100 108
108 109
109 110
110 111
109 112
108 113
99 114
114 115
115 116
116 117
115 118
114 119
98 120
120 121
121 122
122 123
121 124
121 125
125 126
126 127
125 128
128 129
82 130
130 131
131 132
131 133
133 134
131 135
135 136
131 137
137 138
138 139
137 140
131 141
141 142
142 143
141 144
144 145
145 146
144 147
82 148
148 149
149 150
149 151
151 152
149 153
153 154
149 155
155 156
156 157
155 158
149 159
159 160
160 161
159 162
162 163
163 164
162 165
82 166
166 167
167 168
168 169
167 170
167 171
171 172
172 173
173 174
172 175
171 176
