0 1
1 2
1 3
3 4
3 5
3 6
6 7
7 8
6 9
3 10
10 11
10 12
3 13
13 14
13 15
15 16
15 17
17 18
3 19
19 20
20 21
21 22
22 23
23 24
23 25
25 26
25 27
27 28
22 29
22 30
30 31
31 32
19 33
33 34
34 35
34 36
36 37
34 38
38 39
34 40
34 41
41 42
34 43
43 44
44 45
44 46
46 47
19 48
48 49
49 50
1 51
51 52
51 53
51 54
54 55
55 56
54 57
51 58
58 59
58 60
51 61
61 62
61 63
51 64
64 65
65 66
65 67
67 68
67 69
69 70
64 71
51 72
72 73
73 74
73 75
75 76
72 77
51 78
51 79
79 80
80 81
81 82
82 83
81 84
80 85
79 86
86 87
87 88
88 89
87 90
90 91
91 92
90 93
93 94
94 95
93 96
79 97
97 98
98 99
99 100
98 101
98 102
102 103
103 104
102 105
79 106
106 107
107 108
108 109
109 110
110 111
109 112
112 113
108 114
114 115
115 116
116 117
115 118
114 119
107 120
120 121
121 122
122 123
121 124
120 125
106 126
126 127
127 128
128 129
127 130
127 131
131 132
132 133
131 134
134 135
79 136
136 137
137 138
137 139
139 140
140 141
139 142
137 143
143 144
137 145
145 146
137 147
147 148
137 149
149 150
79 151
151 152
152 153
152 154
154 155
155 156
154 157
152 158
158 159
152 160
160 161
152 162
162 163
152 164
164 165
79 166
166 167
167 168
168 169
167 170
167 171
171 172
172 173
173 174
172 175
171 176
