0 1
1 2
1 3
3 4
3 5
3 6
6 7
7 8
6 9
3 10
10 11
10 12
3 13
13 14
13 15
15 16
15 17
17 18
3 19
19 20
20 21
21 22
22 23
23 24
23 25
25 26
25 27
27 28
22 29
22 30
30 31
31 32
19 33
33 34
34 35
35 36
36 37
36 38
38 39
35 40
35 41
41 42
42 43
19 44
44 45
45 46
45 47
47 48
45 49
49 50
45 51
51 52
45 53
53 54
45 55
19 56
56 57
57 58
1 59
59 60
59 61
59 62
62 63
63 64
62 65
59 66
66 67
67 68
67 69
69 70
69 71
71 72
66 73
59 74
74 75
75 76
75 77
77 78
74 79
59 80
80 81
80 82
59 83
83 84
83 85
59 86
59 87
87 88
88 89
89 90
90 91
89 92
88 93
87 94
94 95
95 96
96 97
95 98
95 99
99 100
100 101
99 102
87 103
103 104
104 105
105 106
104 107
107 108
108 109
107 110
87 111
111 112
112 113
113 114
114 115
115 116
116 117
115 118
114 119
113 120
120 121
121 122
122 123
121 124
120 125
112 126
126 127
127 128
126 129
129 130
111 131
131 132
132 133
133 134
132 135
132 136
136 137
137 138
136 139
139 140
87 141
141 142
142 143
142 144
144 145
145 146
144 147
142 148
148 149
142 150
150 151
142 152
152 153
142 154
154 155
87 156
156 157
157 158
157 159
159 160
160 161
159 162
157 163
163 164
157 165
165 166
157 167
167 168
157 169
169 170
87 171
171 172
172 173
173 174
172 175
