0 1
1 2
1 3
3 4
4 5
5 6
5 7
7 8
7 9
9 10
4 11
4 12
12 13
13 14
1 15
15 16
15 17
15 18
18 19
19 20
18 21
15 22
22 23
22 24
15 25
25 26
25 27
27 28
27 29
29 30
15 31
31 32
32 33
33 34
34 35
35 36
35 37
37 38
34 39
34 40
40 41
41 42
31 43
43 44
44 45
44 46
46 47
44 48
48 49
44 50
50 51
31 52
52 53
53 54
1 55
55 56
55 57
55 58
58 59
59 60
58 61
55 62
62 63
62 64
55 65
65 66
66 67
66 68
68 69
65 70
55 71
55 72
72 73
73 74
74 75
75 76
74 77
73 78
72 79
79 80
80 81
81 82
80 83
80 84
84 85
85 86
84 87
72 88
88 89
89 90
90 91
89 92
92 93
93 94
92 95
95 96
96 97
95 98
72 99
99 100
100 101
101 102
102 103
103 104
102 105
101 106
100 107
107 108
108 109
109 110
108 111
107 112
99 113
113 114
114 115
115 116
116 117
115 118
114 119
119 120
120 121
121 122
122 123
121 124
121 125
125 126
126 127
125 128
128 129
99 130
130 131
131 132
132 133
132 134
134 135
135 136
134 137
132 138
138 139
132 140
140 141
130 142
142 143
143 144
143 145
145 146
146 147
145 148
143 149
149 150
143 151
151 152
72 153
153 154
154 155
155 156
154 157
154 158
158 159
159 160
160 161
159 162
158 163
