0 1
1 2
1 3
3 4
3 5
3 6
6 7
7 8
6 9
3 10
10 11
10 12
3 13
13 14
13 15
15 16
15 17
17 18
3 19
19 20
20 21
21 22
22 23
23 24
23 25
25 26
25 27
27 28
22 29
22 30
30 31
31 32
19 33
33 34
34 35
35 36
36 37
36 38
38 39
35 40
35 41
41 42
42 43
19 44
44 45
45 46
45 47
47 48
45 49
49 50
45 51
51 52
45 53
45 54
54 55
19 56
56 57
57 58
1 59
59 60
59 61
59 62
62 63
63 64
62 65
59 66
66 67
67 68
67 69
69 70
69 71
71 72
66 73
59 74
74 75
75 76
75 77
77 78
74 79
59 80
80 81
80 82
59 83
83 84
83 85
59 86
59 87
87 88
88 89
89 90
90 91
89 92
88 93
93 94
87 95
95 96
96 97
97 98
96 99
99 100
100 101
99 102
87 103
103 104
104 105
105 106
104 107
104 108
108 109
109 110
108 111
87 112
112 113
113 114
114 115
115 116
116 117
115 118
114 119
113 120
120 121
121 122
122 123
121 124
120 125
112 126
126 127
127 128
128 129
129 130
128 131
131 132
127 133
133 134
134 135
135 136
136 137
135 138
135 139
139 140
140 141
140 142
142 143
139 144
144 145
112 146
146 147
147 148
148 149
148 150
150 151
151 152
150 153
148 154
154 155
148 156
156 157
148 158
158 159
148 160
160 161
146 162
162 163
163 164
163 165
165 166
166 167
165 168
163 169
169 170
163 171
171 172
163 173
173 174
163 175
175 176
87 177
177 178
178 179
179 180
178 181
181 182
182 183
181 184
87 185
185 186
186 187
187 188
186 189
186 190
190 191
191 192
192 193
191 194
190 195
