0 1
1 2
1 3
3 4
3 5
3 6
6 7
6 8
3 9
9 10
9 11
3 12
3 13
13 14
14 15
15 16
16 17
15 18
14 19
19 20
20 21
13 22
22 23
23 24
24 25
23 26
22 27
27 28
28 29
29 30
13 31
31 32
32 33
33 34
32 35
31 36
36 37
37 38
38 39
38 40
40 41
40 42
42 43
40 44
44 45
45 46
13 47
47 48
48 49
49 50
50 51
49 52
48 53
47 54
54 55
55 56
56 57
56 58
58 59
59 60
58 61
61 62
56 63
63 64
64 65
63 66
47 67
67 68
68 69
69 70
70 71
69 72
72 73
72 74
74 75
75 76
74 77
77 78
72 79
79 80
80 81
81 82
82 83
81 84
79 85
1 86
86 87
86 88
86 89
89 90
89 91
86 92
92 93
92 94
86 95
86 96
96 97
97 98
98 99
98 100
100 101
98 102
102 103
102 104
104 105
