0 1
1 2
1 3
3 4
3 5
3 6
6 7
6 8
3 9
9 10
9 11
3 12
3 13
13 14
14 15
15 16
16 17
15 18
14 19
19 20
20 21
13 22
22 23
23 24
24 25
23 26
22 27
27 28
13 29
29 30
30 31
31 32
32 33
31 34
30 35
35 36
36 37
35 38
29 39
39 40
40 41
13 42
42 43
43 44
44 45
43 46
46 47
42 48
48 49
49 50
50 51
51 52
52 53
53 54
54 55
53 56
52 57
50 58
50 59
59 60
13 61
61 62
62 63
63 64
62 65
61 66
66 67
67 68
68 69
69 70
68 71
71 72
72 73
71 74
67 75
75 76
76 77
77 78
76 79
79 80
80 81
81 82
82 83
81 84
67 85
85 86
86 87
87 88
86 89
89 90
90 91
67 92
66 93
93 94
94 95
95 96
94 97
97 98
97 99
99 100
13 101
101 102
102 103
103 104
103 105
103 106
106 107
106 108
108 109
106 110
110 111
111 112
110 113
13 114
114 115
115 116
116 117
117 118
116 119
115 120
114 121
121 122
122 123
123 124
122 125
125 126
114 127
127 128
128 129
129 130
130 131
129 132
132 133
128 134
134 135
