0 1
1 2
1 3
3 4
3 5
3 6
6 7
6 8
3 9
9 10
9 11
3 12
3 13
13 14
14 15
15 16
16 17
16 18
16 19
13 20
20 21
21 22
22 23
21 24
20 25
25 26
26 27
27 28
28 29
27 30
30 31
31 32
25 33
33 34
34 35
34 36
36 37
36 38
38 39
36 40
40 41
20 42
42 43
43 44
44 45
43 46
46 47
13 48
48 49
49 50
49 51
51 52
49 53
53 54
1 55
55 56
55 57
55 58
58 59
58 60
55 61
61 62
61 63
55 64
55 65
65 66
66 67
67 68
68 69
68 70
68 71
65 72
72 73
73 74
74 75
73 76
72 77
77 78
78 79
79 80
78 81
72 82
82 83
83 84
84 85
83 86
82 87
87 88
88 89
89 90
88 91
82 92
92 93
93 94
94 95
95 96
95 97
95 98
98 99
98 100
100 101
98 102
102 103
103 104
102 105
92 106
106 107
107 108
108 109
109 110
108 111
107 112
106 113
113 114
114 115
115 116
114 117
117 118
118 119
117 120
120 121
106 122
122 123
123 124
124 125
123 126
126 127
127 128
128 129
127 130
130 131
126 132
132 133
65 134
134 135
135 136
