0 1
1 2
1 3
3 4
3 5
3 6
6 7
7 8
6 9
3 10
3 11
11 12
12 13
13 14
14 15
14 16
14 17
13 18
18 19
18 20
18 21
11 22
22 23
23 24
24 25
24 26
24 27
22 28
28 29
29 30
28 31
31 32
32 33
31 34
22 35
35 36
36 37
22 38
38 39
39 40
40 41
41 42
42 43
41 44
44 45
40 46
39 47
47 48
48 49
49 50
50 51
39 52
52 53
53 54
54 55
55 56
54 57
57 58
53 59
52 60
60 61
61 62
62 63
63 64
38 65
65 66
66 67
67 68
68 69
67 70
70 71
66 72
11 73
73 74
74 75
75 76
75 77
75 78
73 79
79 80
80 81
79 82
82 83
83 84
82 85
85 86
73 87
87 88
88 89
73 90
90 91
91 92
92 93
93 94
92 95
95 96
91 97
97 98
98 99
99 100
100 101
101 102
100 103
103 104
99 105
91 106
106 107
107 108
108 109
109 110
110 111
109 112
112 113
108 114
