0 1
1 2
1 3
3 4
3 5
3 6
6 7
7 8
6 9
3 10
3 11
11 12
12 13
13 14
14 15
15 16
15 17
17 18
15 19
19 20
14 21
14 22
22 23
23 24
23 25
25 26
23 27
27 28
11 29
29 30
30 31
31 32
31 33
31 34
29 35
35 36
36 37
35 38
38 39
39 40
38 41
29 42
42 43
43 44
29 45
45 46
46 47
47 48
48 49
49 50
48 51
48 52
52 53
53 54
52 55
55 56
46 57
57 58
58 59
59 60
60 61
59 62
59 63
63 64
64 65
63 66
66 67
59 68
46 69
69 70
70 71
71 72
70 73
70 74
74 75
75 76
74 77
77 78
70 79
79 80
80 81
81 82
80 83
80 84
84 85
85 86
84 87
87 88
79 89
11 90
90 91
91 92
92 93
92 94
92 95
11 96
96 97
97 98
98 99
98 100
98 101
96 102
102 103
103 104
102 105
105 106
106 107
105 108
96 109
109 110
110 111
96 112
112 113
113 114
114 115
115 116
114 117
114 118
113 119
119 120
120 121
121 122
122 123
123 124
122 125
122 126
121 127
120 128
128 129
129 130
130 131
131 132
132 133
131 134
134 135
130 136
128 137
137 138
138 139
139 140
138 141
138 142
138 143
143 144
144 145
145 146
144 147
144 148
143 149
128 150
150 151
151 152
152 153
119 154
154 155
155 156
156 157
155 158
155 159
112 160
160 161
161 162
162 163
163 164
162 165
162 166
161 167
167 168
168 169
169 170
168 171
168 172
160 173
173 174
174 175
175 176
176 177
177 178
176 179
176 180
175 181
174 182
182 183
183 184
184 185
185 186
186 187
185 188
188 189
184 190
182 191
191 192
192 193
193 194
192 195
192 196
192 197
197 198
198 199
199 200
198 201
198 202
197 203
182 204
204 205
205 206
206 207
173 208
208 209
209 210
210 211
209 212
209 213
112 214
214 215
215 216
216 217
217 218
218 219
217 220
217 221
216 222
222 223
223 224
224 225
223 226
223 227
215 228
228 229
229 230
230 231
229 232
229 233
214 234
234 235
235 236
236 237
237 238
238 239
237 240
237 241
236 242
235 243
243 244
244 245
245 246
246 247
247 248
246 249
249 250
245 251
243 252
252 253
253 254
254 255
253 256
253 257
253 258
258 259
259 260
260 261
259 262
259 263
258 264
243 265
265 266
266 267
267 268
234 269
269 270
270 271
271 272
270 273
270 274
