0 1
1 2
1 3
3 4
3 5
3 6
6 7
7 8
6 9
3 10
3 11
11 12
12 13
13 14
14 15
15 16
15 17
17 18
15 19
19 20
14 21
14 22
22 23
23 24
11 25
25 26
26 27
27 28
26 29
26 30
26 31
11 32
32 33
33 34
34 35
33 36
33 37
33 38
11 39
39 40
40 41
41 42
40 43
40 44
40 45
11 46
46 47
47 48
48 49
48 50
46 51
51 52
46 53
53 54
54 55
55 56
56 57
55 58
55 59
59 60
55 61
61 62
62 63
63 64
62 65
62 66
66 67
61 68
11 69
69 70
70 71
71 72
71 73
71 74
11 75
75 76
76 77
77 78
77 79
77 80
75 81
81 82
82 83
81 84
84 85
85 86
84 87
84 88
75 89
89 90
90 91
75 92
92 93
93 94
94 95
95 96
96 97
95 98
98 99
94 100
92 101
101 102
102 103
103 104
11 105
105 106
106 107
107 108
107 109
107 110
105 111
111 112
112 113
111 114
114 115
115 116
114 117
114 118
105 119
119 120
120 121
105 122
122 123
123 124
124 125
125 126
126 127
125 128
128 129
124 130
122 131
131 132
132 133
133 134
11 135
135 136
136 137
137 138
137 139
137 140
135 141
141 142
142 143
141 144
144 145
145 146
144 147
144 148
135 149
149 150
150 151
135 152
152 153
153 154
154 155
155 156
156 157
155 158
158 159
154 160
152 161
161 162
162 163
163 164
