0 1
1 2
1 3
3 4
3 5
3 6
6 7
7 8
6 9
3 10
3 11
11 12
12 13
13 14
14 15
15 16
14 17
14 18
18 19
18 20
20 21
11 22
22 23
23 24
24 25
24 26
22 27
27 28
22 29
29 30
30 31
31 32
32 33
31 34
34 35
11 36
36 37
37 38
38 39
38 40
38 41
11 42
42 43
43 44
44 45
44 46
44 47
42 48
48 49
49 50
48 51
51 52
52 53
51 54
42 55
55 56
56 57
42 58
58 59
59 60
60 61
61 62
60 63
63 64
64 65
59 66
11 67
67 68
68 69
69 70
69 71
69 72
67 73
73 74
74 75
73 76
76 77
77 78
76 79
67 80
80 81
81 82
67 83
83 84
84 85
85 86
86 87
85 88
88 89
89 90
84 91
11 92
92 93
93 94
94 95
94 96
94 97
92 98
98 99
99 100
98 101
101 102
102 103
101 104
92 105
105 106
106 107
92 108
108 109
109 110
110 111
111 112
110 113
113 114
114 115
109 116
