0 1
1 2
1 3
3 4
3 5
3 6
6 7
7 8
6 9
3 10
3 11
11 12
12 13
13 14
14 15
14 16
14 17
13 18
18 19
18 20
18 21
13 22
22 23
22 24
22 25
25 26
26 27
27 28
26 29
25 30
11 31
31 32
32 33
33 34
32 35
35 36
31 37
37 38
38 39
39 40
40 41
41 42
40 43
43 44
39 45
38 46
46 47
47 48
48 49
48 50
50 51
48 52
52 53
48 54
54 55
46 56
56 57
57 58
58 59
46 60
60 61
61 62
62 63
38 64
64 65
65 66
66 67
67 68
66 69
69 70
65 71
64 72
72 73
73 74
74 75
74 76
76 77
74 78
78 79
74 80
80 81
72 82
82 83
83 84
84 85
64 86
86 87
87 88
88 89
89 90
1 91
91 92
91 93
91 94
91 95
95 96
96 97
95 98
91 99
99 100
99 101
91 102
102 103
102 104
91 105
91 106
106 107
107 108
108 109
109 110
109 111
109 112
112 113
113 114
112 115
115 116
106 117
117 118
118 119
119 120
120 121
119 122
122 123
118 124
124 125
125 126
124 127
127 128
106 129
129 130
130 131
131 132
132 133
131 134
134 135
130 136
136 137
