0 1
1 2
1 3
3 4
3 5
3 6
6 7
7 8
6 9
3 10
3 11
11 12
12 13
13 14
14 15
14 16
13 17
17 18
17 19
13 20
20 21
20 22
20 23
13 24
24 25
24 26
24 27
13 28
28 29
28 30
28 31
11 32
32 33
33 34
34 35
33 36
32 37
37 38
38 39
37 40
40 41
41 42
40 43
32 44
44 45
45 46
32 47
47 48
48 49
49 50
50 51
51 52
50 53
53 54
49 55
48 56
56 57
57 58
58 59
48 60
60 61
61 62
62 63
63 64
62 65
65 66
61 67
60 68
68 69
69 70
70 71
60 72
72 73
73 74
74 75
75 76
74 77
77 78
73 79
72 80
80 81
81 82
82 83
11 84
84 85
85 86
86 87
85 88
84 89
89 90
90 91
89 92
92 93
93 94
92 95
84 96
96 97
97 98
84 99
99 100
100 101
101 102
102 103
101 104
104 105
100 106
106 107
107 108
108 109
109 110
108 111
111 112
107 113
100 114
114 115
115 116
116 117
115 118
118 119
119 120
118 121
121 122
114 123
123 124
124 125
125 126
126 127
125 128
128 129
124 130
114 131
131 132
132 133
133 134
132 135
135 136
136 137
137 138
136 139
139 140
135 141
141 142
131 143
143 144
144 145
145 146
146 147
145 148
148 149
144 150
