0 1
1 2
1 3
3 4
3 5
3 6
6 7
6 8
3 9
3 10
10 11
11 12
12 13
13 14
13 15
13 16
16 17
10 18
18 19
19 20
20 21
20 22
20 23
10 24
24 25
25 26
26 27
27 28
26 29
25 30
30 31
31 32
32 33
33 34
32 35
31 36
30 37
37 38
38 39
37 40
24 41
41 42
42 43
10 44
44 45
45 46
46 47
45 48
44 49
49 50
50 51
51 52
52 53
52 54
52 55
55 56
56 57
55 58
49 59
59 60
60 61
61 62
60 63
63 64
64 65
65 66
64 67
63 68
68 69
49 70
70 71
71 72
72 73
71 74
74 75
75 76
74 77
10 78
78 79
79 80
80 81
81 82
82 83
81 84
84 85
79 86
79 87
