0 1
1 2
1 3
3 4
3 5
5 6
6 7
6 8
8 9
8 10
10 11
5 12
5 13
13 14
14 15
1 16
16 17
16 18
18 19
19 20
19 21
21 22
18 23
18 24
24 25
25 26
1 27
27 28
27 29
27 30
30 31
31 32
30 33
27 34
34 35
34 36
27 37
37 38
37 39
39 40
39 41
41 42
27 43
43 44
44 45
45 46
45 47
47 48
45 49
49 50
43 51
51 52
52 53
1 54
54 55
54 56
54 57
57 58
58 59
57 60
54 61
61 62
61 63
54 64
54 65
65 66
66 67
67 68
68 69
67 70
66 71
71 72
65 73
73 74
74 75
75 76
74 77
74 78
78 79
79 80
78 81
65 82
82 83
83 84
84 85
85 86
86 87
87 88
86 89
85 90
84 91
91 92
92 93
93 94
92 95
91 96
83 97
97 98
98 99
99 100
98 101
97 102
102 103
82 104
104 105
105 106
106 107
107 108
106 109
106 110
110 111
111 112
110 113
113 114
65 115
115 116
116 117
116 118
118 119
119 120
118 121
116 122
122 123
123 124
122 125
125 126
126 127
125 128
65 129
129 130
130 131
130 132
132 133
133 134
132 135
130 136
136 137
137 138
136 139
139 140
140 141
139 142
65 143
143 144
144 145
145 146
144 147
144 148
148 149
149 150
150 151
149 152
148 153
