0 1
1 2
1 3
3 4
3 5
3 6
6 7
7 8
6 9
3 10
10 11
10 12
3 13
13 14
13 15
15 16
15 17
17 18
3 19
19 20
20 21
21 22
22 23
23 24
23 25
25 26
25 27
27 28
22 29
22 30
30 31
31 32
19 33
33 34
34 35
35 36
36 37
36 38
38 39
35 40
35 41
41 42
42 43
19 44
44 45
45 46
45 47
47 48
45 49
49 50
45 51
51 52
45 53
53 54
19 55
55 56
56 57
1 58
58 59
58 60
58 61
61 62
62 63
61 64
58 65
65 66
65 67
58 68
68 69
69 70
69 71
71 72
68 73
58 74
74 75
75 76
75 77
77 78
77 79
79 80
74 81
58 82
58 83
83 84
84 85
85 86
86 87
85 88
84 89
89 90
83 91
91 92
92 93
93 94
94 95
95 96
96 97
95 98
94 99
93 100
100 101
101 102
102 103
101 104
100 105
92 106
106 107
107 108
106 109
109 110
110 111
109 112
91 113
113 114
114 115
115 116
116 117
117 118
117 119
119 120
116 121
116 122
122 123
123 124
122 125
125 126
113 127
127 128
128 129
129 130
128 131
128 132
132 133
133 134
132 135
113 136
136 137
137 138
138 139
137 140
137 141
141 142
113 143
83 144
144 145
145 146
146 147
145 148
145 149
149 150
150 151
149 152
83 153
153 154
154 155
154 156
156 157
157 158
156 159
154 160
160 161
161 162
160 163
163 164
164 165
163 166
154 167
167 168
154 169
169 170
83 171
171 172
172 173
172 174
174 175
175 176
174 177
172 178
178 179
179 180
178 181
181 182
182 183
181 184
172 185
185 186
172 187
187 188
83 189
189 190
190 191
191 192
190 193
190 194
194 195
195 196
196 197
195 198
194 199
83 200
