0 1
1 2
1 3
3 4
4 5
5 6
5 7
7 8
7 9
9 10
4 11
4 12
12 13
13 14
1 15
15 16
15 17
15 18
18 19
19 20
18 21
15 22
22 23
22 24
15 25
25 26
25 27
27 28
27 29
29 30
15 31
31 32
32 33
33 34
33 35
35 36
33 37
37 38
33 39
39 40
40 41
31 42
42 43
43 44
1 45
45 46
45 47
45 48
48 49
49 50
48 51
45 52
52 53
52 54
45 55
55 56
56 57
56 58
58 59
55 60
45 61
45 62
62 63
63 64
64 65
65 66
64 67
63 68
62 69
69 70
70 71
71 72
70 73
70 74
74 75
75 76
74 77
62 78
78 79
79 80
79 81
81 82
82 83
81 84
79 85
85 86
86 87
85 88
88 89
89 90
88 91
79 92
92 93
62 94
94 95
95 96
96 97
97 98
98 99
99 100
98 101
97 102
96 103
103 104
104 105
105 106
104 107
103 108
95 109
109 110
110 111
111 112
110 113
113 114
114 115
113 116
109 117
94 118
118 119
119 120
120 121
121 122
122 123
122 124
124 125
121 126
121 127
127 128
128 129
118 130
130 131
131 132
132 133
132 134
130 135
135 136
130 137
137 138
138 139
139 140
138 141
138 142
142 143
118 144
144 145
145 146
146 147
145 148
145 149
149 150
62 151
151 152
152 153
152 154
154 155
155 156
154 157
152 158
158 159
159 160
158 161
161 162
162 163
161 164
152 165
165 166
62 167
167 168
168 169
169 170
168 171
168 172
172 173
173 174
174 175
173 176
172 177
