0 1
1 2
1 3
3 4
3 5
3 6
6 7
7 8
6 9
3 10
3 11
11 12
12 13
13 14
14 15
15 16
14 17
13 18
12 19
19 20
20 21
21 22
22 23
21 24
21 25
25 26
19 27
27 28
28 29
29 30
28 31
31 32
32 33
33 34
32 35
31 36
11 37
37 38
38 39
39 40
39 41
39 42
42 43
43 44
42 45
38 46
46 47
46 48
46 49
49 50
50 51
49 52
38 53
53 54
53 55
53 56
56 57
57 58
56 59
11 60
60 61
61 62
62 63
62 64
60 65
65 66
60 67
67 68
68 69
69 70
70 71
71 72
72 73
71 74
74 75
70 76
76 77
77 78
76 79
79 80
69 81
81 82
82 83
81 84
84 85
68 86
86 87
67 88
88 89
89 90
90 91
89 92
92 93
88 94
94 95
95 96
96 97
97 98
96 99
99 100
94 101
101 102
102 103
103 104
102 105
105 106
94 107
107 108
108 109
109 110
108 111
111 112
88 113
113 114
114 115
115 116
114 117
117 118
113 119
119 120
120 121
121 122
122 123
121 124
124 125
119 126
126 127
127 128
128 129
127 130
130 131
113 132
132 133
133 134
134 135
133 136
136 137
132 138
138 139
139 140
140 141
141 142
140 143
143 144
11 145
145 146
146 147
147 148
148 149
147 150
150 151
151 152
150 153
146 154
154 155
154 156
156 157
146 158
158 159
158 160
160 161
