0 1
1 2
1 3
3 4
3 5
3 6
6 7
7 8
6 9
3 10
3 11
11 12
12 13
13 14
14 15
14 16
14 17
17 18
18 19
17 20
11 21
21 22
22 23
23 24
23 25
23 26
26 27
27 28
26 29
11 30
30 31
31 32
32 33
32 34
32 35
35 36
36 37
35 38
11 39
39 40
40 41
41 42
41 43
41 44
44 45
45 46
44 47
11 48
48 49
49 50
50 51
50 52
50 53
48 54
54 55
55 56
54 57
57 58
48 59
59 60
60 61
48 62
62 63
63 64
64 65
65 66
66 67
65 68
68 69
64 70
70 71
63 72
72 73
73 74
74 75
75 76
74 77
77 78
72 79
79 80
80 81
81 82
80 83
83 84
72 85
85 86
86 87
87 88
86 89
89 90
90 91
89 92
92 93
63 94
94 95
95 96
96 97
97 98
98 99
97 100
100 101
96 102
102 103
95 104
104 105
105 106
106 107
105 108
108 109
104 110
110 111
94 112
112 113
113 114
114 115
115 116
114 117
117 118
112 119
119 120
120 121
121 122
120 123
123 124
124 125
123 126
126 127
94 128
128 129
129 130
130 131
131 132
132 133
131 134
134 135
130 136
136 137
129 138
138 139
139 140
140 141
139 142
142 143
138 144
144 145
128 146
146 147
147 148
148 149
149 150
148 151
151 152
152 153
151 154
154 155
11 156
156 157
157 158
157 159
159 160
160 161
161 162
162 163
161 164
164 165
165 166
164 167
160 168
168 169
160 170
170 171
