0 1
1 2
1 3
3 4
3 5
3 6
6 7
7 8
6 9
3 10
3 11
11 12
12 13
13 14
14 15
14 16
14 17
17 18
18 19
17 20
11 21
21 22
22 23
23 24
23 25
21 26
26 27
21 28
28 29
29 30
30 31
31 32
30 33
33 34
29 35
35 36
36 37
37 38
38 39
37 40
40 41
11 42
42 43
43 44
44 45
44 46
44 47
47 48
11 49
49 50
50 51
51 52
51 53
51 54
54 55
11 56
56 57
57 58
58 59
58 60
58 61
61 62
11 63
63 64
64 65
65 66
65 67
63 68
68 69
63 70
70 71
71 72
72 73
73 74
72 75
75 76
71 77
77 78
78 79
79 80
80 81
79 82
82 83
77 84
84 85
85 86
86 87
85 88
88 89
77 90
90 91
91 92
92 93
91 94
94 95
71 96
96 97
97 98
98 99
99 100
98 101
101 102
97 103
103 104
104 105
103 106
106 107
96 108
108 109
109 110
110 111
111 112
110 113
113 114
108 115
115 116
116 117
117 118
116 119
119 120
96 121
121 122
122 123
123 124
124 125
123 126
126 127
122 128
128 129
129 130
128 131
131 132
121 133
133 134
134 135
135 136
136 137
135 138
138 139
11 140
140 141
141 142
142 143
141 144
144 145
140 146
146 147
147 148
148 149
11 150
150 151
151 152
