0 1
1 2
1 3
3 4
3 5
3 6
6 7
6 8
6 9
1 10
10 11
10 12
10 13
13 14
13 15
13 16
1 17
17 18
17 19
17 20
20 21
21 22
22 23
20 24
17 25
17 26
26 27
27 28
28 29
29 30
29 31
29 32
32 33
33 34
32 35
26 36
36 37
37 38
38 39
38 40
38 41
41 42
42 43
43 44
42 45
41 46
26 47
47 48
48 49
49 50
49 51
49 52
47 53
53 54
54 55
53 56
56 57
47 58
58 59
59 60
47 61
61 62
62 63
63 64
64 65
64 66
64 67
62 68
68 69
69 70
68 71
71 72
62 73
73 74
74 75
62 76
76 77
77 78
78 79
79 80
79 81
79 82
82 83
82 84
84 85
82 86
86 87
82 88
88 89
82 90
90 91
82 92
92 93
76 94
94 95
95 96
96 97
97 98
96 99
95 100
100 101
101 102
102 103
103 104
102 105
105 106
101 107
107 108
100 109
94 110
110 111
111 112
112 113
113 114
114 115
113 116
116 117
112 118
118 119
111 120
120 121
94 122
122 123
123 124
124 125
125 126
126 127
127 128
126 129
125 130
130 131
131 132
130 133
123 134
134 135
135 136
136 137
137 138
136 139
139 140
135 141
141 142
134 143
122 144
144 145
145 146
146 147
147 148
148 149
147 150
150 151
146 152
152 153
145 154
154 155
26 156
156 157
157 158
158 159
158 160
158 161
156 162
162 163
163 164
162 165
165 166
156 167
167 168
168 169
156 170
170 171
171 172
172 173
173 174
173 175
173 176
171 177
177 178
178 179
177 180
180 181
171 182
182 183
183 184
171 185
185 186
186 187
187 188
188 189
189 190
190 191
189 192
192 193
188 194
194 195
187 196
196 197
186 198
198 199
199 200
200 201
201 202
202 203
201 204
204 205
200 206
206 207
199 208
186 209
209 210
210 211
211 212
212 213
213 214
212 215
215 216
211 217
217 218
210 219
219 220
209 221
221 222
222 223
223 224
224 225
225 226
224 227
227 228
223 229
229 230
222 231
1 232
232 233
232 234
232 235
235 236
236 237
237 238
235 239
232 240
240 241
240 242
232 243
243 244
243 245
232 246
246 247
246 248
232 249
249 250
249 251
232 252
232 253
253 254
254 255
255 256
256 257
257 258
258 259
256 260
256 261
261 262
262 263
263 264
262 265
265 266
261 267
267 268
268 269
267 270
261 271
271 272
272 273
271 274
261 275
275 276
275 277
277 278
261 279
279 280
279 281
261 282
282 283
282 284
284 285
261 286
286 287
286 288
261 289
289 290
289 291
253 292
292 293
293 294
294 295
294 296
294 297
253 298
298 299
299 300
300 301
301 302
300 303
298 304
304 305
298 306
306 307
307 308
308 309
309 310
309 311
309 312
312 313
313 314
312 315
315 316
316 317
315 318
306 319
319 320
320 321
321 322
321 323
321 324
324 325
325 326
324 327
327 328
328 329
327 330
306 331
331 332
332 333
333 334
334 335
335 336
336 337
335 338
338 339
334 340
340 341
341 342
340 343
343 344
333 345
345 346
346 347
345 348
332 349
349 350
350 351
349 352
331 353
353 354
354 355
355 356
356 357
357 358
358 359
359 360
358 361
361 362
357 363
363 364
356 365
355 366
366 367
367 368
368 369
369 370
368 371
371 372
367 373
373 374
366 375
375 376
354 377
377 378
378 379
379 380
253 381
381 382
382 383
