0 1
1 2
1 3
3 4
3 5
3 6
6 7
7 8
8 9
6 10
3 11
3 12
12 13
13 14
14 15
15 16
15 17
15 18
18 19
19 20
18 21
14 22
22 23
22 24
22 25
25 26
26 27
27 28
26 29
25 30
12 31
31 32
32 33
33 34
34 35
35 36
33 37
33 38
38 39
38 40
40 41
41 42
38 43
43 44
44 45
12 46
46 47
47 48
48 49
48 50
48 51
46 52
52 53
53 54
52 55
55 56
46 57
57 58
58 59
46 60
60 61
61 62
62 63
63 64
63 65
63 66
61 67
67 68
68 69
67 70
70 71
61 72
72 73
73 74
61 75
75 76
76 77
77 78
78 79
79 80
80 81
79 82
82 83
78 84
84 85
77 86
86 87
86 88
88 89
86 90
90 91
86 92
92 93
86 94
94 95
86 96
96 97
12 98
98 99
99 100
100 101
100 102
100 103
98 104
104 105
105 106
104 107
107 108
98 109
109 110
110 111
98 112
112 113
113 114
114 115
115 116
115 117
115 118
113 119
119 120
120 121
119 122
122 123
113 124
124 125
125 126
113 127
127 128
128 129
129 130
130 131
131 132
132 133
131 134
134 135
130 136
136 137
129 138
138 139
139 140
140 141
139 142
142 143
138 144
144 145
1 146
146 147
146 148
146 149
149 150
150 151
151 152
149 153
146 154
154 155
154 156
146 157
157 158
157 159
146 160
160 161
160 162
146 163
163 164
163 165
146 166
146 167
167 168
168 169
169 170
170 171
170 172
170 173
167 174
174 175
175 176
176 177
176 178
176 179
179 180
174 181
181 182
182 183
181 184
174 185
185 186
186 187
174 188
188 189
189 190
190 191
191 192
191 193
191 194
194 195
189 196
196 197
197 198
196 199
189 200
200 201
201 202
189 203
203 204
204 205
205 206
206 207
207 208
206 209
205 210
210 211
211 212
210 213
204 214
214 215
203 216
216 217
217 218
218 219
218 220
218 221
221 222
222 223
221 224
224 225
217 226
226 227
226 228
226 229
229 230
230 231
229 232
232 233
203 234
234 235
235 236
236 237
237 238
236 239
235 240
240 241
241 242
240 243
243 244
234 245
245 246
246 247
247 248
248 249
249 250
248 251
247 252
252 253
253 254
252 255
255 256
246 257
257 258
258 259
259 260
260 261
259 262
262 263
263 264
264 265
263 266
266 267
262 268
268 269
167 270
270 271
271 272
272 273
273 274
274 275
273 276
276 277
272 278
278 279
271 280
270 281
281 282
282 283
283 284
284 285
285 286
284 287
283 288
283 289
270 290
290 291
291 292
292 293
293 294
294 295
293 296
292 297
297 298
298 299
297 300
291 301
301 302
302 303
291 304
304 305
305 306
