0 1
1 2
1 3
3 4
3 5
3 6
6 7
7 8
8 9
6 10
3 11
11 12
11 13
3 14
14 15
14 16
3 17
3 18
18 19
19 20
20 21
21 22
20 23
19 24
24 25
25 26
26 27
27 28
26 29
29 30
30 31
29 32
25 33
33 34
18 35
35 36
1 37
37 38
37 39
37 40
40 41
41 42
42 43
40 44
37 45
45 46
45 47
37 48
48 49
48 50
37 51
37 52
52 53
53 54
54 55
55 56
54 57
57 58
58 59
59 60
58 61
57 62
53 63
63 64
64 65
65 66
66 67
65 68
68 69
69 70
68 71
64 72
72 73
52 74
74 75
1 76
76 77
76 78
76 79
79 80
80 81
81 82
79 83
76 84
84 85
84 86
76 87
87 88
87 89
76 90
76 91
91 92
92 93
93 94
94 95
93 96
92 97
97 98
98 99
99 100
100 101
99 102
102 103
98 104
104 105
105 106
104 107
91 108
108 109
1 110
110 111
110 112
110 113
113 114
114 115
115 116
113 117
110 118
118 119
118 120
110 121
121 122
121 123
110 124
110 125
125 126
126 127
127 128
128 129
127 130
130 131
131 132
132 133
133 134
132 135
131 136
130 137
126 138
138 139
139 140
140 141
141 142
140 143
143 144
139 145
145 146
146 147
145 148
125 149
149 150
1 151
151 152
151 153
151 154
154 155
155 156
156 157
154 158
151 159
159 160
159 161
151 162
162 163
162 164
151 165
151 166
166 167
167 168
168 169
169 170
170 171
169 172
168 173
173 174
174 175
173 176
176 177
177 178
178 179
179 180
178 181
177 182
176 183
167 184
184 185
185 186
186 187
187 188
186 189
189 190
190 191
189 192
185 193
193 194
194 195
193 196
166 197
197 198
1 199
199 200
199 201
199 202
202 203
203 204
204 205
202 206
199 207
207 208
207 209
199 210
210 211
210 212
199 213
199 214
214 215
215 216
216 217
217 218
218 219
217 220
216 221
221 222
222 223
221 224
215 225
225 226
226 227
227 228
228 229
227 230
230 231
231 232
230 233
226 234
234 235
235 236
234 237
214 238
238 239
1 240
240 241
240 242
240 243
243 244
244 245
245 246
243 247
240 248
248 249
248 250
240 251
251 252
251 253
240 254
240 255
255 256
256 257
257 258
258 259
259 260
258 261
261 262
262 263
263 264
262 265
261 266
257 267
267 268
268 269
267 270
270 271
271 272
272 273
273 274
272 275
271 276
270 277
256 278
278 279
279 280
280 281
281 282
280 283
283 284
284 285
283 286
279 287
287 288
288 289
287 290
255 291
291 292
1 293
293 294
293 295
293 296
296 297
297 298
298 299
296 300
293 301
301 302
301 303
293 304
304 305
304 306
293 307
293 308
308 309
309 310
310 311
311 312
312 313
311 314
314 315
315 316
316 317
315 318
314 319
310 320
320 321
321 322
320 323
309 324
324 325
325 326
326 327
327 328
326 329
329 330
330 331
329 332
325 333
333 334
334 335
333 336
308 337
337 338
1 339
339 340
339 341
339 342
342 343
343 344
344 345
342 346
339 347
339 348
348 349
349 350
350 351
351 352
351 353
351 354
354 355
355 356
354 357
348 358
358 359
359 360
360 361
360 362
360 363
363 364
364 365
365 366
364 367
363 368
348 369
369 370
370 371
371 372
372 373
373 374
371 375
371 376
376 377
376 378
378 379
379 380
376 381
381 382
382 383
348 384
384 385
385 386
386 387
386 388
386 389
384 390
390 391
391 392
390 393
393 394
384 395
395 396
396 397
384 398
398 399
399 400
400 401
401 402
401 403
401 404
399 405
405 406
406 407
405 408
408 409
399 410
410 411
411 412
399 413
413 414
414 415
415 416
416 417
417 418
418 419
417 420
420 421
416 422
422 423
415 424
424 425
425 426
426 427
425 428
428 429
424 430
430 431
348 432
432 433
433 434
434 435
434 436
434 437
432 438
438 439
439 440
438 441
441 442
432 443
443 444
444 445
432 446
446 447
447 448
448 449
449 450
449 451
449 452
447 453
453 454
454 455
453 456
456 457
447 458
458 459
459 460
447 461
461 462
462 463
463 464
464 465
464 466
464 467
461 468
468 469
469 470
470 471
471 472
470 473
469 474
474 475
475 476
474 477
468 478
478 479
479 480
480 481
481 482
480 483
483 484
484 485
485 486
485 487
487 488
485 489
489 490
485 491
491 492
484 493
493 494
493 495
495 496
493 497
497 498
493 499
499 500
483 501
501 502
501 503
503 504
501 505
505 506
501 507
507 508
468 509
509 510
510 511
511 512
512 513
511 514
510 515
515 516
516 517
515 518
518 519
519 520
518 521
509 522
522 523
523 524
524 525
525 526
524 527
527 528
528 529
529 530
529 531
531 532
529 533
533 534
529 535
535 536
528 537
537 538
537 539
539 540
537 541
541 542
537 543
543 544
527 545
545 546
545 547
547 548
545 549
549 550
545 551
551 552
509 553
553 554
554 555
555 556
556 557
555 558
558 559
559 560
558 561
554 562
562 563
563 564
562 565
553 566
566 567
567 568
568 569
569 570
568 571
571 572
572 573
573 574
573 575
575 576
573 577
577 578
573 579
579 580
572 581
581 582
581 583
583 584
581 585
585 586
581 587
587 588
571 589
589 590
589 591
591 592
589 593
593 594
589 595
595 596
553 597
597 598
598 599
599 600
600 601
599 602
602 603
603 604
602 605
598 606
606 607
607 608
606 609
609 610
610 611
609 612
597 613
613 614
614 615
615 616
616 617
615 618
618 619
619 620
620 621
620 622
622 623
620 624
624 625
620 626
626 627
619 628
628 629
628 630
630 631
628 632
632 633
628 634
634 635
618 636
636 637
636 638
638 639
636 640
640 641
636 642
642 643
597 644
644 645
645 646
646 647
647 648
646 649
649 650
650 651
651 652
652 653
653 654
654 655
655 656
656 657
656 658
658 659
656 660
660 661
656 662
662 663
655 664
664 665
664 666
666 667
664 668
668 669
664 670
670 671
654 672
672 673
672 674
674 675
672 676
676 677
672 678
678 679
653 680
680 681
680 682
682 683
680 684
684 685
680 686
686 687
652 688
688 689
688 690
690 691
688 692
692 693
688 694
694 695
651 696
696 697
696 698
698 699
696 700
700 701
696 702
702 703
650 704
704 705
704 706
706 707
704 708
708 709
704 710
710 711
649 712
712 713
712 714
714 715
712 716
716 717
712 718
718 719
461 720
720 721
721 722
722 723
723 724
724 725
725 726
724 727
727 728
723 729
729 730
722 731
721 732
732 733
733 734
734 735
735 736
734 737
733 738
738 739
739 740
738 741
720 742
742 743
743 744
744 745
745 746
746 747
747 748
746 749
749 750
745 751
751 752
744 753
720 754
754 755
755 756
756 757
757 758
758 759
759 760
758 761
761 762
757 763
763 764
756 765
755 766
766 767
767 768
766 769
754 770
770 771
771 772
772 773
773 774
774 775
775 776
774 777
777 778
773 779
779 780
772 781
