0 1
1 2
1 3
3 4
3 5
3 6
3 7
7 8
7 9
7 10
1 11
11 12
11 13
11 14
11 15
15 16
15 17
15 18
1 19
19 20
19 21
19 22
19 23
23 24
24 25
25 26
23 27
23 28
28 29
29 30
29 31
31 32
28 33
33 34
33 35
28 36
36 37
36 38
28 39
39 40
40 41
39 42
28 43
43 44
43 45
45 46
28 47
47 48
48 49
47 50
50 51
28 52
52 53
52 54
28 55
55 56
56 57
55 58
1 59
59 60
59 61
59 62
62 63
63 64
64 65
62 66
59 67
59 68
68 69
69 70
70 71
71 72
72 73
71 74
70 75
75 76
76 77
77 78
76 79
75 80
69 81
81 82
68 83
83 84
84 85
85 86
86 87
87 88
85 89
85 90
90 91
90 92
92 93
93 94
94 95
93 96
90 97
97 98
98 99
99 100
100 101
99 102
98 103
68 104
104 105
105 106
106 107
106 108
106 109
104 110
110 111
111 112
110 113
113 114
114 115
113 116
104 117
117 118
118 119
104 120
120 121
121 122
122 123
123 124
123 125
123 126
121 127
127 128
128 129
127 130
130 131
131 132
132 133
131 134
130 135
121 136
136 137
137 138
121 139
139 140
140 141
141 142
142 143
142 144
142 145
145 146
145 147
147 148
145 149
149 150
145 151
151 152
139 153
153 154
154 155
155 156
156 157
157 158
156 159
159 160
155 161
161 162
154 163
163 164
153 165
165 166
166 167
167 168
167 169
169 170
167 171
171 172
167 173
173 174
167 175
175 176
153 177
177 178
178 179
179 180
179 181
181 182
179 183
183 184
179 185
185 186
179 187
187 188
68 189
189 190
190 191
191 192
191 193
191 194
189 195
195 196
196 197
195 198
198 199
199 200
198 201
189 202
202 203
203 204
189 205
205 206
206 207
207 208
208 209
208 210
208 211
206 212
212 213
213 214
212 215
215 216
216 217
217 218
216 219
215 220
206 221
221 222
222 223
206 224
224 225
225 226
226 227
227 228
228 229
229 230
228 231
231 232
227 233
233 234
226 235
235 236
236 237
237 238
236 239
239 240
235 241
241 242
1 243
243 244
243 245
243 246
246 247
247 248
248 249
246 250
243 251
251 252
251 253
243 254
254 255
254 256
243 257
243 258
258 259
259 260
260 261
261 262
261 263
261 264
258 265
265 266
266 267
267 268
268 269
267 270
265 271
271 272
265 273
273 274
274 275
275 276
276 277
276 278
276 279
279 280
280 281
279 282
282 283
283 284
282 285
273 286
286 287
287 288
288 289
288 290
288 291
291 292
292 293
291 294
294 295
295 296
294 297
273 298
298 299
299 300
299 301
301 302
299 303
303 304
299 305
305 306
298 307
307 308
308 309
309 310
310 311
258 312
312 313
313 314
1 315
315 316
315 317
315 318
318 319
319 320
320 321
318 322
315 323
323 324
323 325
315 326
326 327
326 328
315 329
315 330
330 331
331 332
332 333
333 334
334 335
335 336
336 337
337 338
336 339
339 340
340 341
339 342
335 343
343 344
344 345
343 346
334 347
347 348
348 349
347 350
350 351
351 352
352 353
351 354
350 355
333 356
356 357
357 358
356 359
332 360
360 361
361 362
362 363
363 364
362 365
365 366
361 367
367 368
360 369
369 370
1 371
371 372
371 373
371 374
374 375
375 376
376 377
374 378
371 379
379 380
379 381
371 382
382 383
382 384
371 385
385 386
385 387
371 388
371 389
389 390
390 391
391 392
392 393
393 394
392 395
391 396
396 397
397 398
396 399
390 400
400 401
401 402
402 403
403 404
404 405
405 406
404 407
407 408
403 409
409 410
402 411
411 412
390 413
413 414
414 415
415 416
416 417
417 418
418 419
417 420
420 421
416 422
422 423
415 424
424 425
1 426
426 427
426 428
426 429
429 430
430 431
431 432
429 433
426 434
434 435
434 436
426 437
437 438
437 439
426 440
440 441
440 442
426 443
426 444
444 445
445 446
446 447
447 448
446 449
445 450
450 451
451 452
452 453
453 454
454 455
455 456
454 457
457 458
453 459
459 460
452 461
461 462
