0 1
1 2
1 3
3 4
3 5
3 6
6 7
7 8
8 9
6 10
3 11
3 12
12 13
13 14
14 15
15 16
15 17
15 18
18 19
19 20
18 21
12 22
22 23
23 24
24 25
24 26
24 27
27 28
28 29
29 30
28 31
27 32
12 33
33 34
34 35
35 36
36 37
37 38
35 39
35 40
40 41
41 42
41 43
40 44
44 45
44 46
46 47
40 48
48 49
49 50
48 51
40 52
52 53
52 54
40 55
55 56
56 57
55 58
58 59
40 60
60 61
61 62
60 63
40 64
64 65
64 66
66 67
40 68
68 69
68 70
12 71
71 72
72 73
73 74
73 75
73 76
12 77
77 78
78 79
79 80
80 81
80 82
82 83
82 84
84 85
79 86
79 87
87 88
88 89
12 90
90 91
91 92
92 93
92 94
92 95
90 96
96 97
97 98
96 99
99 100
90 101
101 102
102 103
90 104
104 105
105 106
106 107
107 108
107 109
107 110
105 111
111 112
112 113
111 114
114 115
105 116
116 117
117 118
105 119
119 120
120 121
121 122
122 123
121 124
119 125
125 126
126 127
127 128
128 129
127 130
125 131
131 132
125 133
133 134
134 135
135 136
136 137
136 138
136 139
139 140
140 141
141 142
140 143
139 144
144 145
133 146
146 147
147 148
148 149
148 150
148 151
151 152
152 153
153 154
152 155
151 156
156 157
133 158
158 159
159 160
160 161
161 162
162 163
163 164
164 165
163 166
162 167
167 168
168 169
167 170
161 171
171 172
172 173
171 174
174 175
160 176
176 177
177 178
176 179
179 180
159 181
181 182
182 183
183 184
184 185
183 186
186 187
182 188
188 189
181 190
158 191
191 192
192 193
193 194
194 195
119 196
196 197
197 198
198 199
199 200
200 201
201 202
200 203
203 204
199 205
205 206
198 207
197 208
208 209
209 210
208 211
196 212
212 213
213 214
214 215
213 216
213 217
217 218
218 219
217 220
217 221
221 222
217 223
223 224
217 225
196 226
226 227
227 228
228 229
229 230
230 231
231 232
230 233
233 234
229 235
235 236
228 237
227 238
238 239
239 240
238 241
226 242
242 243
243 244
244 245
243 246
243 247
247 248
248 249
247 250
247 251
251 252
247 253
253 254
247 255
226 256
256 257
257 258
258 259
259 260
260 261
261 262
260 263
263 264
259 265
265 266
258 267
257 268
268 269
269 270
268 271
256 272
272 273
273 274
274 275
273 276
273 277
277 278
278 279
277 280
277 281
281 282
277 283
283 284
277 285
12 286
286 287
287 288
288 289
288 290
288 291
286 292
292 293
293 294
292 295
295 296
296 297
295 298
286 299
299 300
300 301
286 302
302 303
303 304
304 305
305 306
305 307
305 308
308 309
309 310
310 311
309 312
309 313
313 314
308 315
308 316
302 317
317 318
318 319
319 320
319 321
319 322
322 323
323 324
324 325
323 326
323 327
327 328
322 329
322 330
302 331
331 332
332 333
333 334
333 335
333 336
336 337
337 338
338 339
337 340
337 341
341 342
336 343
336 344
302 345
345 346
346 347
347 348
348 349
349 350
348 351
351 352
347 353
353 354
346 355
355 356
