0 1
1 2
1 3
3 4
3 5
3 6
6 7
7 8
8 9
6 10
3 11
3 12
12 13
13 14
14 15
15 16
15 17
15 18
18 19
19 20
18 21
12 22
22 23
23 24
24 25
24 26
24 27
27 28
28 29
29 30
28 31
27 32
12 33
33 34
34 35
35 36
36 37
37 38
35 39
35 40
40 41
40 42
42 43
43 44
40 45
45 46
46 47
12 48
48 49
49 50
50 51
50 52
50 53
48 54
54 55
55 56
54 57
57 58
48 59
59 60
60 61
48 62
62 63
63 64
64 65
65 66
65 67
65 68
63 69
69 70
70 71
69 72
72 73
63 74
74 75
75 76
63 77
77 78
78 79
79 80
80 81
80 82
80 83
77 84
84 85
85 86
86 87
87 88
88 89
87 90
86 91
85 92
92 93
93 94
94 95
95 96
94 97
97 98
98 99
97 100
93 101
101 102
92 103
84 104
104 105
105 106
106 107
107 108
77 109
109 110
110 111
111 112
112 113
113 114
114 115
113 116
112 117
111 118
118 119
119 120
120 121
119 122
118 123
123 124
110 125
125 126
126 127
127 128
128 129
127 130
130 131
131 132
130 133
126 134
134 135
135 136
134 137
125 138
109 139
139 140
140 141
141 142
142 143
77 144
144 145
145 146
146 147
147 148
148 149
147 150
146 151
151 152
145 153
153 154
154 155
155 156
156 157
155 158
158 159
154 160
160 161
161 162
160 163
153 164
144 165
165 166
166 167
167 168
168 169
77 170
170 171
171 172
172 173
173 174
174 175
175 176
174 177
173 178
178 179
172 180
180 181
181 182
182 183
181 184
180 185
185 186
171 187
187 188
188 189
189 190
190 191
189 192
192 193
193 194
192 195
188 196
196 197
197 198
196 199
187 200
170 201
201 202
202 203
203 204
204 205
77 206
206 207
207 208
208 209
209 210
210 211
209 212
208 213
213 214
207 215
215 216
216 217
217 218
218 219
217 220
220 221
221 222
220 223
216 224
224 225
215 226
206 227
227 228
228 229
229 230
230 231
77 232
232 233
233 234
234 235
235 236
236 237
237 238
236 239
235 240
240 241
234 242
242 243
243 244
244 245
243 246
242 247
233 248
248 249
249 250
250 251
251 252
250 253
253 254
254 255
253 256
249 257
257 258
258 259
257 260
248 261
232 262
262 263
263 264
264 265
265 266
77 267
267 268
268 269
269 270
270 271
271 272
270 273
269 274
268 275
275 276
276 277
277 278
278 279
277 280
280 281
276 282
282 283
283 284
282 285
275 286
267 287
287 288
288 289
289 290
290 291
77 292
292 293
293 294
294 295
295 296
296 297
297 298
296 299
295 300
294 301
301 302
302 303
303 304
302 305
301 306
293 307
307 308
308 309
309 310
310 311
309 312
312 313
313 314
312 315
308 316
316 317
317 318
316 319
307 320
292 321
321 322
322 323
323 324
324 325
77 326
326 327
327 328
328 329
327 330
326 331
331 332
332 333
333 334
334 335
335 336
336 337
335 338
338 339
334 340
340 341
333 342
326 343
343 344
344 345
345 346
346 347
347 348
348 349
347 350
350 351
346 352
352 353
345 354
344 355
355 356
356 357
357 358
358 359
357 360
356 361
361 362
362 363
361 364
343 365
365 366
366 367
367 368
368 369
369 370
370 371
369 372
372 373
368 374
374 375
367 376
365 377
343 378
378 379
379 380
380 381
381 382
382 383
383 384
382 385
385 386
381 387
387 388
380 389
379 390
390 391
391 392
390 393
378 394
394 395
395 396
396 397
397 398
398 399
399 400
398 401
401 402
397 403
403 404
396 405
378 406
406 407
407 408
408 409
409 410
410 411
411 412
410 413
413 414
409 415
415 416
408 417
407 418
418 419
419 420
418 421
406 422
422 423
423 424
424 425
425 426
426 427
427 428
426 429
429 430
425 431
431 432
424 433
12 434
434 435
435 436
436 437
436 438
436 439
434 440
440 441
441 442
440 443
443 444
434 445
445 446
446 447
434 448
448 449
449 450
450 451
451 452
451 453
451 454
449 455
455 456
456 457
455 458
458 459
449 460
460 461
461 462
449 463
463 464
464 465
465 466
466 467
467 468
468 469
467 470
470 471
466 472
472 473
465 474
474 475
475 476
476 477
475 478
478 479
474 480
480 481
