0 1
1 2
1 3
3 4
3 5
3 6
6 7
7 8
8 9
6 10
3 11
3 12
12 13
13 14
14 15
15 16
15 17
15 18
18 19
19 20
18 21
14 22
22 23
22 24
22 25
25 26
26 27
27 28
26 29
25 30
12 31
31 32
32 33
33 34
34 35
35 36
33 37
33 38
38 39
39 40
39 41
38 42
42 43
43 44
42 45
38 46
46 47
46 48
38 49
49 50
49 51
51 52
38 53
53 54
53 55
38 56
56 57
56 58
58 59
38 60
60 61
61 62
60 63
38 64
64 65
65 66
64 67
67 68
12 69
69 70
70 71
71 72
72 73
73 74
71 75
71 76
76 77
77 78
76 79
76 80
80 81
76 82
82 83
12 84
84 85
85 86
86 87
86 88
86 89
84 90
90 91
91 92
90 93
93 94
84 95
95 96
96 97
84 98
98 99
99 100
100 101
101 102
100 103
103 104
99 105
105 106
106 107
105 108
105 109
109 110
110 111
109 112
112 113
105 114
114 115
12 116
116 117
117 118
118 119
118 120
118 121
116 122
122 123
123 124
122 125
125 126
116 127
127 128
128 129
116 130
130 131
131 132
132 133
133 134
133 135
133 136
131 137
137 138
138 139
137 140
140 141
131 142
142 143
143 144
131 145
145 146
146 147
147 148
148 149
148 150
148 151
145 152
152 153
153 154
154 155
155 156
154 157
152 158
158 159
152 160
160 161
161 162
162 163
163 164
163 165
163 166
166 167
167 168
166 169
169 170
170 171
169 172
160 173
173 174
174 175
175 176
175 177
175 178
178 179
179 180
178 181
181 182
182 183
181 184
160 185
185 186
186 187
187 188
188 189
189 190
190 191
189 192
188 193
193 194
194 195
193 196
187 197
197 198
198 199
197 200
200 201
186 202
202 203
203 204
202 205
205 206
185 207
160 208
208 209
209 210
210 211
211 212
212 213
211 214
214 215
210 216
216 217
209 218
208 219
219 220
220 221
221 222
145 223
223 224
224 225
225 226
226 227
227 228
226 229
229 230
225 231
231 232
224 233
223 234
234 235
235 236
236 237
237 238
236 239
235 240
240 241
241 242
242 243
243 244
244 245
243 246
246 247
242 248
248 249
241 250
223 251
251 252
252 253
253 254
254 255
255 256
254 257
253 258
258 259
259 260
258 261
252 262
262 263
263 264
264 265
265 266
266 267
265 268
268 269
264 270
270 271
263 272
