0 1
1 2
1 3
3 4
3 5
3 6
6 7
7 8
8 9
6 10
3 11
3 12
12 13
13 14
14 15
15 16
15 17
15 18
13 19
19 20
20 21
19 22
22 23
23 24
22 25
13 26
26 27
27 28
13 29
29 30
30 31
31 32
32 33
32 34
32 35
30 36
36 37
37 38
36 39
39 40
40 41
41 42
40 43
43 44
39 45
30 46
46 47
47 48
30 49
49 50
50 51
51 52
51 53
53 54
51 55
55 56
51 57
57 58
12 59
59 60
60 61
61 62
61 63
61 64
59 65
65 66
66 67
65 68
68 69
69 70
68 71
59 72
72 73
73 74
59 75
75 76
76 77
77 78
78 79
78 80
78 81
76 82
82 83
83 84
82 85
85 86
86 87
87 88
86 89
89 90
85 91
76 92
92 93
93 94
76 95
95 96
96 97
97 98
98 99
99 100
100 101
99 102
102 103
98 104
104 105
97 106
96 107
107 108
108 109
109 110
110 111
111 112
110 113
113 114
109 115
115 116
108 117
95 118
118 119
119 120
120 121
121 122
122 123
121 124
124 125
120 126
126 127
119 128
128 129
118 130
130 131
131 132
132 133
133 134
134 135
133 136
136 137
132 138
138 139
131 140
1 141
141 142
141 143
143 144
144 145
145 146
143 147
141 148
148 149
148 150
141 151
151 152
151 153
141 154
141 155
155 156
156 157
157 158
158 159
158 160
158 161
155 162
162 163
163 164
164 165
164 166
164 167
167 168
168 169
169 170
168 171
171 172
167 173
173 174
155 175
175 176
176 177
177 178
176 179
179 180
180 181
179 182
182 183
182 184
184 185
182 186
186 187
187 188
186 189
182 190
190 191
155 192
192 193
193 194
194 195
193 196
196 197
197 198
196 199
199 200
199 201
201 202
199 203
203 204
204 205
203 206
199 207
207 208
155 209
209 210
210 211
211 212
210 213
213 214
214 215
213 216
216 217
216 218
218 219
216 220
220 221
216 222
222 223
223 224
222 225
155 226
226 227
227 228
228 229
227 230
230 231
231 232
230 233
233 234
233 235
235 236
233 237
237 238
233 239
239 240
240 241
239 242
155 243
243 244
244 245
245 246
244 247
247 248
248 249
247 250
250 251
250 252
252 253
250 254
254 255
255 256
254 257
250 258
258 259
259 260
258 261
155 262
262 263
263 264
264 265
263 266
266 267
267 268
266 269
269 270
269 271
271 272
269 273
273 274
274 275
273 276
269 277
277 278
278 279
277 280
155 281
281 282
282 283
283 284
282 285
285 286
286 287
285 288
288 289
288 290
290 291
288 292
292 293
293 294
292 295
288 296
296 297
297 298
296 299
155 300
300 301
301 302
302 303
301 304
304 305
305 306
304 307
307 308
307 309
309 310
307 311
311 312
312 313
311 314
307 315
315 316
316 317
315 318
155 319
319 320
320 321
321 322
322 323
321 324
320 325
325 326
326 327
325 328
319 329
329 330
330 331
331 332
332 333
333 334
332 335
335 336
331 337
337 338
330 339
339 340
155 341
341 342
342 343
343 344
344 345
343 346
342 347
347 348
348 349
349 350
350 351
349 352
348 353
353 354
354 355
353 356
341 357
357 358
358 359
359 360
360 361
361 362
360 363
363 364
359 365
365 366
358 367
155 368
368 369
369 370
370 371
371 372
370 373
369 374
374 375
375 376
374 377
368 378
378 379
379 380
380 381
381 382
382 383
381 384
384 385
380 386
386 387
379 388
388 389
155 390
390 391
391 392
392 393
393 394
392 395
391 396
396 397
397 398
396 399
390 400
400 401
401 402
402 403
403 404
404 405
403 406
406 407
402 408
408 409
401 410
1 411
411 412
411 413
413 414
414 415
415 416
413 417
411 418
418 419
418 420
411 421
421 422
421 423
411 424
411 425
425 426
426 427
427 428
428 429
429 430
430 431
431 432
430 433
429 434
434 435
435 436
434 437
428 438
438 439
439 440
438 441
441 442
442 443
441 444
427 445
445 446
446 447
445 448
448 449
449 450
450 451
449 452
452 453
448 454
426 455
455 456
456 457
457 458
458 459
459 460
460 461
461 462
460 463
463 464
459 465
465 466
458 467
457 468
468 469
469 470
470 471
471 472
470 473
473 474
469 475
475 476
468 477
477 478
456 479
479 480
480 481
425 482
482 483
