0 1
1 2
1 3
3 4
3 5
3 6
6 7
7 8
8 9
6 10
3 11
3 12
12 13
13 14
14 15
15 16
15 17
15 18
13 19
19 20
20 21
19 22
22 23
23 24
22 25
13 26
26 27
27 28
13 29
29 30
30 31
31 32
32 33
32 34
32 35
30 36
36 37
37 38
36 39
39 40
40 41
41 42
40 43
39 44
30 45
45 46
46 47
30 48
48 49
49 50
50 51
51 52
52 53
53 54
52 55
55 56
51 57
57 58
50 59
49 60
60 61
61 62
62 63
63 64
63 65
65 66
63 67
67 68
63 69
69 70
62 71
61 72
72 73
73 74
74 75
75 76
76 77
75 78
78 79
74 80
80 81
73 82
49 83
83 84
84 85
85 86
86 87
87 88
86 89
89 90
85 91
91 92
84 93
83 94
94 95
95 96
96 97
97 98
97 99
97 100
100 101
100 102
102 103
100 104
104 105
100 106
106 107
94 108
108 109
109 110
110 111
109 112
108 113
113 114
114 115
115 116
116 117
117 118
116 119
119 120
115 121
121 122
114 123
123 124
108 125
125 126
126 127
127 128
126 129
125 130
130 131
131 132
132 133
133 134
134 135
133 136
136 137
132 138
138 139
131 140
140 141
12 142
142 143
143 144
144 145
144 146
144 147
142 148
148 149
149 150
148 151
151 152
152 153
151 154
142 155
155 156
156 157
142 158
158 159
159 160
160 161
161 162
161 163
161 164
159 165
165 166
166 167
165 168
168 169
169 170
170 171
169 172
168 173
159 174
174 175
175 176
159 177
177 178
178 179
179 180
180 181
181 182
182 183
181 184
184 185
180 186
186 187
179 188
178 189
189 190
190 191
191 192
192 193
193 194
192 195
195 196
191 197
197 198
190 199
177 200
200 201
201 202
202 203
203 204
204 205
203 206
206 207
202 208
208 209
201 210
210 211
200 212
212 213
213 214
214 215
215 216
216 217
215 218
218 219
214 220
220 221
213 222
1 223
223 224
223 225
223 226
226 227
227 228
228 229
226 230
223 231
231 232
231 233
223 234
234 235
234 236
223 237
223 238
238 239
239 240
240 241
241 242
241 243
241 244
240 245
245 246
245 247
245 248
248 249
249 250
248 251
240 252
252 253
252 254
252 255
255 256
256 257
257 258
256 259
255 260
238 261
261 262
262 263
263 264
264 265
263 266
262 267
267 268
268 269
269 270
270 271
271 272
272 273
271 274
274 275
275 276
274 277
270 278
278 279
269 280
268 281
281 282
282 283
283 284
284 285
283 286
286 287
287 288
286 289
282 290
290 291
281 292
292 293
261 294
294 295
295 296
296 297
238 298
298 299
299 300
300 301
301 302
300 303
303 304
304 305
303 306
299 307
307 308
308 309
309 310
310 311
311 312
312 313
311 314
314 315
315 316
314 317
310 318
318 319
309 320
308 321
321 322
322 323
323 324
324 325
323 326
326 327
327 328
326 329
322 330
330 331
321 332
332 333
298 334
334 335
335 336
336 337
238 338
338 339
339 340
340 341
341 342
340 343
339 344
344 345
345 346
346 347
347 348
348 349
349 350
348 351
351 352
347 353
353 354
354 355
353 356
346 357
345 358
358 359
359 360
360 361
361 362
360 363
363 364
359 365
365 366
366 367
365 368
358 369
369 370
338 371
371 372
372 373
373 374
238 375
375 376
376 377
377 378
378 379
377 380
380 381
381 382
380 383
376 384
384 385
385 386
386 387
387 388
388 389
389 390
388 391
391 392
387 393
393 394
394 395
393 396
386 397
385 398
398 399
399 400
400 401
401 402
400 403
403 404
399 405
405 406
406 407
405 408
398 409
409 410
375 411
411 412
412 413
413 414
238 415
415 416
416 417
417 418
418 419
419 420
418 421
417 422
422 423
423 424
422 425
416 426
426 427
427 428
428 429
429 430
430 431
431 432
430 433
433 434
434 435
433 436
429 437
437 438
438 439
437 440
428 441
427 442
442 443
443 444
444 445
445 446
444 447
447 448
448 449
447 450
443 451
451 452
452 453
451 454
442 455
455 456
415 457
457 458
458 459
459 460
238 461
461 462
462 463
463 464
464 465
465 466
464 467
467 468
468 469
467 470
463 471
471 472
472 473
471 474
474 475
475 476
474 477
462 478
478 479
479 480
480 481
481 482
482 483
483 484
482 485
485 486
486 487
485 488
481 489
489 490
490 491
489 492
480 493
479 494
494 495
495 496
496 497
497 498
496 499
499 500
500 501
499 502
495 503
503 504
504 505
503 506
494 507
507 508
461 509
509 510
510 511
511 512
238 513
513 514
514 515
515 516
516 517
517 518
516 519
515 520
520 521
521 522
520 523
523 524
524 525
523 526
514 527
527 528
528 529
529 530
530 531
531 532
532 533
531 534
534 535
535 536
534 537
530 538
538 539
539 540
538 541
529 542
528 543
543 544
544 545
545 546
546 547
545 548
548 549
549 550
548 551
544 552
552 553
553 554
552 555
543 556
556 557
513 558
558 559
559 560
560 561
238 562
562 563
563 564
564 565
565 566
566 567
565 568
568 569
569 570
568 571
564 572
572 573
573 574
572 575
563 576
576 577
577 578
578 579
579 580
580 581
581 582
580 583
583 584
584 585
583 586
579 587
587 588
588 589
587 590
578 591
577 592
592 593
593 594
594 595
595 596
594 597
597 598
598 599
597 600
593 601
601 602
602 603
601 604
592 605
605 606
562 607
607 608
608 609
609 610
238 611
611 612
612 613
