0 1
1 2
1 3
3 4
3 5
3 6
6 7
7 8
8 9
6 10
3 11
3 12
12 13
13 14
14 15
15 16
15 17
15 18
18 19
19 20
18 21
12 22
22 23
23 24
24 25
24 26
24 27
27 28
28 29
29 30
28 31
27 32
12 33
33 34
34 35
35 36
35 37
12 38
38 39
39 40
40 41
41 42
42 43
40 44
40 45
45 46
45 47
47 48
48 49
45 50
50 51
51 52
12 53
53 54
54 55
55 56
55 57
55 58
53 59
59 60
60 61
59 62
62 63
53 64
64 65
65 66
53 67
67 68
68 69
69 70
70 71
70 72
70 73
68 74
74 75
75 76
74 77
77 78
68 79
79 80
80 81
68 82
82 83
83 84
84 85
85 86
84 87
82 88
88 89
89 90
90 91
90 92
90 93
93 94
94 95
93 96
93 97
93 98
98 99
99 100
98 101
88 102
102 103
103 104
102 105
105 106
106 107
105 108
105 109
109 110
110 111
109 112
105 113
113 114
114 115
113 116
88 117
117 118
118 119
88 120
120 121
121 122
122 123
123 124
123 125
123 126
126 127
127 128
126 129
126 130
126 131
131 132
132 133
131 134
121 135
135 136
136 137
135 138
138 139
139 140
138 141
138 142
142 143
143 144
142 145
138 146
146 147
147 148
146 149
121 150
150 151
151 152
121 153
153 154
154 155
155 156
156 157
155 158
158 159
159 160
158 161
161 162
162 163
163 164
162 165
165 166
161 167
167 168
82 169
169 170
170 171
171 172
172 173
173 174
172 175
175 176
171 177
177 178
170 179
169 180
180 181
181 182
182 183
183 184
184 185
183 186
182 187
187 188
188 189
187 190
181 191
191 192
192 193
193 194
194 195
195 196
196 197
195 198
198 199
194 200
200 201
193 202
181 203
203 204
204 205
205 206
206 207
207 208
208 209
207 210
210 211
206 212
212 213
205 214
169 215
215 216
216 217
217 218
218 219
217 220
216 221
221 222
222 223
223 224
224 225
225 226
226 227
225 228
228 229
224 230
230 231
223 232
216 233
233 234
234 235
235 236
236 237
237 238
238 239
237 240
240 241
236 242
242 243
235 244
12 245
245 246
246 247
247 248
247 249
247 250
245 251
251 252
252 253
251 254
254 255
245 256
256 257
257 258
245 259
259 260
260 261
261 262
262 263
262 264
262 265
260 266
266 267
267 268
266 269
269 270
260 271
271 272
272 273
260 274
274 275
275 276
276 277
277 278
278 279
279 280
278 281
281 282
277 283
283 284
276 285
285 286
286 287
287 288
286 289
289 290
285 291
291 292
