0 1
1 2
1 3
3 4
3 5
3 6
6 7
7 8
6 9
3 10
10 11
3 12
12 13
13 14
14 15
15 16
16 17
16 18
18 19
16 20
20 21
15 22
15 23
23 24
24 25
12 26
26 27
27 28
28 29
28 30
26 31
31 32
32 33
31 34
26 35
35 36
36 37
37 38
38 39
37 40
37 41
41 42
37 43
43 44
44 45
45 46
44 47
44 48
48 49
44 50
43 51
12 52
52 53
53 54
54 55
55 56
56 57
57 58
58 59
57 60
56 61
55 62
55 63
63 64
64 65
64 66
63 67
67 68
67 69
63 70
70 71
71 72
72 73
73 74
72 75
71 76
76 77
77 78
76 79
54 80
54 81
81 82
82 83
82 84
81 85
85 86
86 87
87 88
88 89
87 90
87 91
91 92
92 93
91 94
86 95
86 96
96 97
97 98
96 99
53 100
53 101
53 102
102 103
103 104
103 105
102 106
106 107
106 108
102 109
109 110
110 111
111 112
110 113
113 114
