0 1
1 2
1 3
3 4
3 5
3 6
6 7
7 8
6 9
3 10
10 11
3 12
12 13
13 14
14 15
15 16
16 17
15 18
15 19
19 20
19 21
21 22
12 23
23 24
24 25
25 26
25 27
23 28
28 29
29 30
28 31
23 32
32 33
33 34
34 35
35 36
36 37
35 38
38 39
12 40
40 41
41 42
42 43
43 44
42 45
42 46
46 47
47 48
12 49
49 50
50 51
51 52
51 53
51 54
12 55
55 56
55 57
57 58
58 59
59 60
60 61
60 62
60 63
58 64
64 65
65 66
64 67
67 68
68 69
67 70
58 71
71 72
72 73
58 74
74 75
75 76
76 77
77 78
78 79
77 80
80 81
76 82
82 83
83 84
82 85
85 86
75 87
87 88
88 89
89 90
90 91
89 92
92 93
57 94
94 95
95 96
96 97
97 98
96 99
99 100
95 101
94 102
102 103
57 104
104 105
105 106
106 107
106 108
106 109
104 110
110 111
111 112
110 113
113 114
114 115
113 116
116 117
104 118
118 119
119 120
104 121
121 122
122 123
123 124
124 125
123 126
123 127
127 128
127 129
129 130
57 131
131 132
132 133
133 134
134 135
133 136
136 137
132 138
12 139
139 140
140 141
141 142
140 143
