0 1
1 2
1 3
3 4
3 5
3 6
6 7
7 8
6 9
3 10
10 11
3 12
12 13
13 14
14 15
15 16
16 17
15 18
15 19
12 20
20 21
21 22
22 23
23 24
23 25
25 26
23 27
27 28
22 29
22 30
30 31
31 32
12 33
33 34
34 35
35 36
35 37
35 38
33 39
39 40
40 41
39 42
42 43
43 44
42 45
33 46
46 47
47 48
33 49
49 50
50 51
51 52
52 53
51 54
51 55
55 56
56 57
55 58
55 59
59 60
50 61
61 62
62 63
63 64
62 65
62 66
66 67
67 68
66 69
66 70
70 71
62 72
72 73
73 74
74 75
73 76
73 77
77 78
78 79
77 80
77 81
81 82
72 83
50 84
84 85
85 86
86 87
85 88
85 89
89 90
90 91
89 92
89 93
93 94
85 95
12 96
96 97
97 98
98 99
99 100
99 101
101 102
98 103
98 104
104 105
105 106
104 107
107 108
108 109
107 110
12 111
111 112
112 113
113 114
114 115
114 116
116 117
113 118
113 119
119 120
120 121
119 122
122 123
123 124
122 125
12 126
126 127
127 128
128 129
129 130
128 131
127 132
126 133
133 134
134 135
135 136
136 137
136 138
136 139
139 140
140 141
139 142
139 143
143 144
133 145
145 146
146 147
147 148
147 149
147 150
150 151
151 152
150 153
150 154
154 155
133 156
156 157
157 158
158 159
158 160
158 161
156 162
162 163
163 164
162 165
165 166
156 167
167 168
168 169
156 170
170 171
171 172
172 173
171 174
174 175
175 176
174 177
177 178
178 179
177 180
177 181
181 182
133 183
183 184
184 185
185 186
184 187
184 188
188 189
133 190
190 191
191 192
192 193
191 194
191 195
195 196
12 197
197 198
198 199
