0 1
1 2
1 3
3 4
3 5
3 6
6 7
7 8
6 9
3 10
10 11
3 12
12 13
13 14
14 15
15 16
16 17
15 18
15 19
19 20
19 21
21 22
12 23
23 24
24 25
25 26
25 27
25 28
23 29
29 30
30 31
29 32
32 33
33 34
32 35
23 36
36 37
37 38
23 39
39 40
40 41
41 42
42 43
43 44
42 45
45 46
45 47
47 48
48 49
47 50
47 51
51 52
12 53
53 54
54 55
55 56
56 57
56 58
58 59
55 60
55 61
61 62
62 63
12 64
64 65
65 66
66 67
66 68
66 69
64 70
70 71
71 72
70 73
64 74
74 75
75 76
64 77
77 78
78 79
79 80
80 81
81 82
80 83
83 84
79 85
78 86
86 87
87 88
88 89
89 90
88 91
88 92
92 93
93 94
92 95
95 96
96 97
95 98
98 99
92 100
100 101
100 102
102 103
12 104
104 105
105 106
106 107
105 108
105 109
109 110
105 111
111 112
112 113
112 114
111 115
115 116
115 117
111 118
118 119
119 120
120 121
121 122
122 123
123 124
124 125
123 126
122 127
127 128
128 129
127 130
12 131
131 132
132 133
133 134
134 135
133 136
133 137
137 138
138 139
12 140
140 141
141 142
142 143
142 144
142 145
140 146
146 147
147 148
146 149
149 150
150 151
149 152
140 153
153 154
154 155
140 156
156 157
157 158
158 159
159 160
159 161
159 162
162 163
163 164
164 165
163 166
163 167
167 168
162 169
156 170
170 171
171 172
172 173
172 174
172 175
170 176
176 177
177 178
176 179
179 180
170 181
181 182
182 183
170 184
184 185
185 186
186 187
185 188
185 189
189 190
190 191
191 192
190 193
190 194
194 195
189 196
12 197
197 198
198 199
199 200
198 201
1 202
202 203
202 204
204 205
205 206
205 207
202 208
208 209
209 210
209 211
202 212
212 213
212 214
214 215
214 216
212 217
217 218
217 219
212 220
220 221
221 222
222 223
223 224
223 225
222 226
226 227
220 228
228 229
229 230
230 231
230 232
229 233
233 234
