0 1
1 2
1 3
3 4
3 5
3 6
6 7
7 8
6 9
3 10
10 11
3 12
12 13
13 14
14 15
15 16
16 17
16 18
18 19
16 20
20 21
15 22
15 23
23 24
24 25
12 26
26 27
27 28
28 29
28 30
26 31
31 32
32 33
31 34
26 35
35 36
36 37
37 38
38 39
37 40
37 41
41 42
37 43
43 44
44 45
45 46
44 47
44 48
48 49
44 50
43 51
12 52
52 53
53 54
54 55
55 56
55 57
57 58
54 59
54 60
60 61
61 62
60 63
63 64
64 65
63 66
12 67
67 68
68 69
69 70
69 71
67 72
72 73
73 74
72 75
67 76
76 77
77 78
78 79
79 80
79 81
79 82
77 83
83 84
84 85
83 86
86 87
87 88
86 89
86 90
90 91
77 92
92 93
93 94
77 95
95 96
96 97
97 98
98 99
97 100
97 101
101 102
12 103
103 104
104 105
105 106
104 107
104 108
108 109
104 110
110 111
111 112
111 113
110 114
114 115
114 116
110 117
117 118
118 119
119 120
120 121
119 122
119 123
123 124
118 125
125 126
126 127
125 128
125 129
129 130
12 131
131 132
132 133
133 134
134 135
133 136
133 137
137 138
138 139
12 140
140 141
141 142
142 143
142 144
140 145
145 146
140 147
147 148
148 149
149 150
150 151
149 152
149 153
153 154
12 155
155 156
156 157
157 158
156 159
