0 1
1 2
1 3
3 4
3 5
3 6
6 7
7 8
6 9
3 10
10 11
3 12
12 13
13 14
14 15
15 16
16 17
15 18
14 19
19 20
20 21
19 22
13 23
23 24
24 25
12 26
26 27
27 28
28 29
29 30
29 31
31 32
29 33
33 34
28 35
28 36
36 37
37 38
12 39
39 40
40 41
41 42
41 43
39 44
44 45
45 46
44 47
39 48
48 49
49 50
50 51
51 52
50 53
50 54
54 55
50 56
56 57
57 58
58 59
57 60
57 61
61 62
57 63
56 64
12 65
65 66
66 67
67 68
68 69
68 70
70 71
68 72
72 73
72 74
74 75
67 76
67 77
77 78
78 79
77 80
80 81
81 82
80 83
12 84
84 85
85 86
86 87
86 88
84 89
89 90
90 91
89 92
84 93
93 94
94 95
95 96
96 97
96 98
96 99
99 100
100 101
99 102
99 103
103 104
93 105
105 106
106 107
107 108
106 109
106 110
110 111
106 112
112 113
113 114
93 115
115 116
116 117
117 118
118 119
117 120
117 121
121 122
116 123
116 124
124 125
12 126
126 127
127 128
128 129
129 130
128 131
128 132
132 133
133 134
12 135
135 136
136 137
137 138
137 139
135 140
140 141
141 142
140 143
135 144
144 145
145 146
146 147
147 148
147 149
145 150
150 151
151 152
150 153
150 154
154 155
145 156
156 157
157 158
158 159
159 160
159 161
159 162
157 163
163 164
164 165
163 166
166 167
157 168
168 169
169 170
157 171
171 172
172 173
173 174
174 175
173 176
173 177
177 178
12 179
179 180
180 181
181 182
180 183
