0 1
1 2
1 3
3 4
3 5
3 6
6 7
7 8
6 9
3 10
10 11
3 12
12 13
13 14
14 15
15 16
16 17
16 18
18 19
16 20
20 21
15 22
15 23
23 24
24 25
12 26
26 27
27 28
28 29
28 30
28 31
26 32
32 33
33 34
32 35
35 36
36 37
35 38
26 39
39 40
40 41
26 42
42 43
43 44
44 45
45 46
45 47
45 48
48 49
49 50
48 51
48 52
52 53
42 54
54 55
55 56
56 57
55 58
55 59
59 60
55 61
61 62
62 63
63 64
62 65
62 66
66 67
62 68
61 69
12 70
70 71
71 72
72 73
73 74
73 75
75 76
76 77
75 78
75 79
79 80
75 81
81 82
72 83
72 84
84 85
85 86
84 87
87 88
88 89
87 90
12 91
91 92
92 93
93 94
92 95
92 96
96 97
92 98
98 99
99 100
99 101
98 102
102 103
102 104
98 105
105 106
106 107
107 108
108 109
109 110
108 111
107 112
112 113
113 114
112 115
12 116
116 117
117 118
118 119
119 120
118 121
118 122
12 123
123 124
124 125
125 126
125 127
125 128
123 129
129 130
130 131
129 132
132 133
133 134
132 135
123 136
136 137
137 138
123 139
139 140
140 141
141 142
142 143
142 144
142 145
145 146
146 147
147 148
146 149
146 150
150 151
145 152
139 153
153 154
154 155
155 156
156 157
154 158
153 159
159 160
160 161
161 162
162 163
161 164
164 165
165 166
166 167
165 168
165 169
169 170
164 171
12 172
172 173
173 174
