0 1
1 2
1 3
3 4
3 5
3 6
6 7
7 8
6 9
3 10
10 11
3 12
12 13
13 14
14 15
15 16
16 17
16 18
18 19
18 20
20 21
18 22
22 23
15 24
15 25
25 26
26 27
25 28
28 29
29 30
29 31
28 32
32 33
32 34
28 35
35 36
36 37
37 38
38 39
39 40
38 41
37 42
42 43
43 44
42 45
12 46
46 47
47 48
48 49
49 50
48 51
48 52
52 53
52 54
54 55
12 56
56 57
57 58
58 59
58 60
56 61
61 62
62 63
61 64
56 65
65 66
66 67
67 68
68 69
69 70
68 71
71 72
12 73
73 74
74 75
75 76
75 77
75 78
73 79
79 80
80 81
79 82
82 83
83 84
82 85
73 86
86 87
87 88
73 89
89 90
90 91
91 92
92 93
93 94
92 95
95 96
91 97
90 98
98 99
99 100
100 101
101 102
102 103
101 104
101 105
105 106
106 107
105 108
105 109
109 110
109 111
111 112
98 113
113 114
114 115
115 116
114 117
114 118
118 119
119 120
118 121
121 122
122 123
121 124
121 125
125 126
126 127
125 128
128 129
118 130
130 131
131 132
130 133
133 134
12 135
135 136
136 137
137 138
138 139
137 140
137 141
141 142
142 143
12 144
144 145
145 146
146 147
147 148
146 149
144 150
150 151
151 152
152 153
153 154
152 155
152 156
156 157
157 158
158 159
157 160
156 161
12 162
162 163
163 164
164 165
163 166
