0 1
1 2
1 3
3 4
3 5
5 6
6 7
5 8
3 9
9 10
3 11
11 12
12 13
13 14
14 15
14 16
14 17
17 18
18 19
17 20
11 21
21 22
22 23
23 24
24 25
24 26
26 27
24 28
28 29
23 30
23 31
31 32
32 33
11 34
34 35
35 36
36 37
37 38
37 39
39 40
39 41
41 42
36 43
36 44
44 45
45 46
11 47
47 48
48 49
49 50
49 51
47 52
52 53
47 54
54 55
55 56
56 57
57 58
56 59
56 60
60 61
55 62
62 63
63 64
64 65
65 66
64 67
64 68
68 69
64 70
70 71
71 72
72 73
71 74
71 75
75 76
70 77
55 78
78 79
79 80
80 81
81 82
80 83
80 84
84 85
80 86
11 87
87 88
88 89
89 90
89 91
89 92
87 93
93 94
94 95
93 96
96 97
87 98
98 99
99 100
87 101
101 102
102 103
103 104
104 105
103 106
103 107
107 108
108 109
11 110
110 111
111 112
112 113
113 114
114 115
113 116
113 117
117 118
113 119
119 120
112 121
110 122
122 123
123 124
122 125
110 126
126 127
127 128
128 129
129 130
130 131
129 132
129 133
133 134
134 135
133 136
128 137
128 138
138 139
139 140
138 141
11 142
142 143
143 144
144 145
145 146
144 147
144 148
11 149
149 150
150 151
151 152
151 153
151 154
154 155
149 156
156 157
157 158
156 159
149 160
160 161
161 162
149 163
163 164
164 165
165 166
166 167
167 168
168 169
167 170
167 171
171 172
166 173
165 174
164 175
175 176
176 177
177 178
178 179
178 180
176 181
181 182
182 183
181 184
181 185
185 186
176 187
187 188
188 189
189 190
190 191
190 192
190 193
188 194
194 195
195 196
194 197
197 198
188 199
199 200
200 201
188 202
202 203
203 204
204 205
205 206
204 207
207 208
208 209
207 210
210 211
11 212
212 213
213 214
1 215
215 216
215 217
215 218
218 219
219 220
218 221
215 222
222 223
215 224
224 225
225 226
226 227
226 228
228 229
229 230
228 231
