0 1
1 2
1 3
3 4
3 5
3 6
6 7
7 8
6 9
3 10
10 11
3 12
12 13
13 14
14 15
15 16
16 17
16 18
18 19
15 20
15 21
21 22
22 23
12 24
24 25
25 26
26 27
27 28
27 29
29 30
27 31
31 32
26 33
26 34
34 35
35 36
12 37
37 38
38 39
39 40
40 41
39 42
37 43
43 44
44 45
43 46
37 47
47 48
48 49
49 50
50 51
49 52
49 53
53 54
49 55
55 56
56 57
57 58
56 59
56 60
60 61
56 62
55 63
12 64
64 65
65 66
66 67
67 68
68 69
69 70
68 71
67 72
66 73
66 74
74 75
75 76
74 77
74 78
78 79
79 80
80 81
79 82
78 83
65 84
65 85
85 86
86 87
86 88
85 89
89 90
90 91
91 92
92 93
92 94
92 95
90 96
96 97
97 98
96 99
99 100
100 101
99 102
90 103
103 104
104 105
90 106
106 107
107 108
108 109
109 110
108 111
108 112
112 113
113 114
112 115
12 116
116 117
117 118
118 119
119 120
120 121
119 122
118 123
118 124
124 125
125 126
125 127
124 128
128 129
129 130
130 131
129 132
117 133
117 134
134 135
135 136
134 137
