0 1
1 2
1 3
3 4
3 5
3 6
6 7
7 8
6 9
3 10
10 11
3 12
12 13
13 14
14 15
15 16
16 17
15 18
15 19
19 20
19 21
21 22
12 23
23 24
24 25
25 26
25 27
25 28
23 29
29 30
30 31
29 32
32 33
33 34
32 35
23 36
36 37
37 38
23 39
39 40
40 41
41 42
42 43
43 44
42 45
45 46
46 47
45 48
45 49
49 50
41 51
12 52
52 53
53 54
54 55
55 56
55 57
57 58
54 59
54 60
60 61
61 62
12 63
63 64
64 65
65 66
65 67
65 68
63 69
69 70
70 71
69 72
63 73
73 74
74 75
63 76
76 77
77 78
78 79
79 80
80 81
79 82
82 83
78 84
77 85
85 86
86 87
87 88
88 89
87 90
87 91
91 92
91 93
93 94
12 95
95 96
96 97
97 98
96 99
96 100
100 101
101 102
101 103
100 104
104 105
104 106
100 107
107 108
108 109
109 110
110 111
109 112
112 113
108 114
114 115
115 116
114 117
117 118
12 119
119 120
120 121
121 122
122 123
121 124
121 125
125 126
126 127
12 128
128 129
129 130
130 131
130 132
128 133
133 134
128 135
135 136
136 137
137 138
138 139
138 140
138 141
136 142
142 143
143 144
142 145
145 146
146 147
145 148
148 149
136 150
150 151
151 152
136 153
153 154
154 155
155 156
156 157
155 158
155 159
159 160
12 161
161 162
162 163
163 164
162 165
