0 1
1 2
1 3
3 4
3 5
3 6
6 7
6 8
3 9
9 10
9 11
11 12
11 13
13 14
3 15
15 16
16 17
17 18
18 19
19 20
19 21
21 22
21 23
23 24
18 25
18 26
26 27
27 28
15 29
29 30
30 31
31 32
31 33
31 34
29 35
35 36
36 37
35 38
38 39
29 40
40 41
41 42
29 43
43 44
44 45
45 46
46 47
45 48
44 49
49 50
50 51
51 52
52 53
53 54
53 55
55 56
52 57
52 58
58 59
59 60
49 61
61 62
62 63
63 64
62 65
62 66
49 67
67 68
68 69
69 70
68 71
68 72
72 73
44 74
74 75
75 76
76 77
75 78
74 79
79 80
80 81
81 82
82 83
83 84
83 85
85 86
82 87
82 88
88 89
89 90
79 91
91 92
92 93
93 94
92 95
92 96
79 97
97 98
98 99
99 100
98 101
98 102
79 103
103 104
104 105
105 106
104 107
104 108
108 109
74 110
110 111
111 112
112 113
113 114
114 115
114 116
116 117
113 118
113 119
119 120
120 121
110 122
122 123
123 124
124 125
125 126
125 127
127 128
124 129
124 130
130 131
131 132
130 133
130 134
134 135
135 136
134 137
110 138
138 139
139 140
140 141
140 142
140 143
138 144
144 145
145 146
144 147
147 148
138 149
149 150
150 151
138 152
152 153
153 154
154 155
155 156
156 157
155 158
154 159
159 160
160 161
159 162
162 163
153 164
164 165
165 166
166 167
167 168
166 169
166 170
153 171
171 172
172 173
173 174
174 175
173 176
173 177
177 178
178 179
179 180
178 181
178 182
182 183
183 184
182 185
177 186
186 187
187 188
186 189
186 190
190 191
110 192
192 193
193 194
194 195
193 196
193 197
197 198
15 199
199 200
200 201
