0 1
1 2
1 3
3 4
3 5
3 6
6 7
6 8
3 9
9 10
9 11
11 12
11 13
13 14
3 15
15 16
16 17
17 18
18 19
19 20
19 21
21 22
21 23
23 24
18 25
18 26
26 27
27 28
15 29
29 30
30 31
31 32
31 33
31 34
29 35
35 36
36 37
35 38
38 39
29 40
40 41
41 42
29 43
43 44
44 45
45 46
46 47
47 48
47 49
49 50
46 51
46 52
52 53
53 54
43 55
55 56
56 57
57 58
56 59
55 60
60 61
61 62
62 63
63 64
62 65
62 66
60 67
67 68
68 69
69 70
68 71
68 72
72 73
60 74
43 75
75 76
76 77
77 78
76 79
76 80
43 81
81 82
82 83
83 84
83 85
83 86
81 87
87 88
88 89
87 90
90 91
81 92
92 93
93 94
81 95
95 96
96 97
97 98
98 99
97 100
97 101
101 102
102 103
103 104
104 105
103 106
103 107
107 108
108 109
107 110
102 111
102 112
112 113
101 114
114 115
115 116
116 117
115 118
115 119
119 120
120 121
119 122
114 123
114 124
124 125
125 126
124 127
43 128
128 129
129 130
130 131
129 132
129 133
43 134
134 135
135 136
136 137
135 138
135 139
139 140
15 141
141 142
142 143
