0 1
1 2
1 3
3 4
3 5
3 6
6 7
7 8
6 9
3 10
10 11
3 12
12 13
13 14
14 15
15 16
15 17
15 18
18 19
19 20
20 21
19 22
18 23
12 24
24 25
25 26
26 27
25 28
24 29
29 30
30 31
31 32
32 33
33 34
32 35
35 36
31 37
30 38
38 39
39 40
40 41
41 42
42 43
41 44
44 45
40 46
30 47
47 48
48 49
49 50
50 51
51 52
50 53
53 54
49 55
47 56
56 57
57 58
29 59
59 60
60 61
61 62
12 63
63 64
64 65
65 66
66 67
65 68
65 69
69 70
69 71
71 72
72 73
73 74
74 75
73 76
72 77
12 78
78 79
79 80
80 81
81 82
80 83
79 84
12 85
85 86
86 87
