0 1
1 2
1 3
3 4
3 5
3 6
6 7
7 8
6 9
3 10
10 11
3 12
12 13
13 14
14 15
15 16
16 17
15 18
15 19
19 20
20 21
12 22
22 23
23 24
24 25
24 26
24 27
12 28
28 29
29 30
30 31
29 32
32 33
33 34
32 35
28 36
36 37
37 38
38 39
39 40
38 41
38 42
42 43
43 44
42 45
45 46
36 47
47 48
48 49
49 50
12 51
51 52
52 53
53 54
54 55
53 56
53 57
57 58
58 59
57 60
60 61
61 62
60 63
12 64
64 65
65 66
66 67
65 68
68 69
69 70
68 71
68 72
72 73
73 74
72 75
12 76
76 77
77 78
78 79
79 80
78 81
78 82
82 83
83 84
82 85
12 86
86 87
87 88
88 89
89 90
89 91
91 92
88 93
88 94
94 95
95 96
12 97
97 98
98 99
99 100
99 101
99 102
97 103
103 104
104 105
103 106
106 107
107 108
106 109
97 110
110 111
111 112
97 113
113 114
114 115
115 116
116 117
115 118
115 119
119 120
120 121
119 122
119 123
123 124
124 125
123 126
123 127
127 128
12 129
129 130
130 131
131 132
132 133
131 134
131 135
135 136
136 137
137 138
138 139
137 140
136 141
136 142
142 143
143 144
144 145
135 146
12 147
147 148
148 149
