0 1
1 2
1 3
3 4
3 5
3 6
6 7
6 8
3 9
3 10
10 11
11 12
12 13
13 14
13 15
13 16
10 17
17 18
18 19
19 20
18 21
21 22
21 23
23 24
10 25
25 26
26 27
27 28
28 29
27 30
26 31
31 32
32 33
31 34
25 35
35 36
36 37
25 38
38 39
1 40
40 41
40 42
40 43
40 44
44 45
44 46
40 47
40 48
48 49
49 50
50 51
51 52
51 53
51 54
48 55
55 56
56 57
57 58
56 59
55 60
60 61
61 62
62 63
63 64
62 65
65 66
66 67
66 68
68 69
65 70
70 71
71 72
70 73
70 74
74 75
75 76
74 77
70 78
60 79
79 80
80 81
81 82
80 83
83 84
84 85
85 86
86 87
85 88
88 89
89 90
88 91
83 92
48 93
93 94
94 95
95 96
94 97
93 98
98 99
99 100
100 101
101 102
100 103
103 104
103 105
105 106
105 107
107 108
48 109
109 110
110 111
