0 1
1 2
1 3
3 4
3 5
3 6
6 7
6 8
3 9
3 10
10 11
11 12
12 13
13 14
13 15
13 16
10 17
17 18
18 19
19 20
18 21
17 22
22 23
23 24
24 25
25 26
25 27
25 28
28 29
29 30
28 31
22 32
32 33
33 34
34 35
33 36
36 37
37 38
36 39
39 40
22 41
41 42
42 43
43 44
42 45
10 46
46 47
47 48
1 49
49 50
49 51
49 52
52 53
52 54
49 55
49 56
56 57
57 58
58 59
59 60
58 61
57 62
62 63
56 64
64 65
65 66
66 67
67 68
68 69
67 70
66 71
71 72
72 73
71 74
65 75
75 76
76 77
75 78
64 79
79 80
56 81
81 82
82 83
82 84
84 85
84 86
86 87
