0 1
1 2
1 3
3 4
3 5
3 6
6 7
6 8
3 9
3 10
10 11
11 12
12 13
13 14
14 15
14 16
16 17
13 18
13 19
19 20
20 21
10 22
22 23
23 24
24 25
24 26
24 27
10 28
28 29
29 30
30 31
30 32
30 33
10 34
34 35
35 36
36 37
36 38
36 39
10 40
40 41
41 42
42 43
43 44
42 45
42 46
46 47
40 48
48 49
49 50
50 51
51 52
50 53
50 54
54 55
48 56
56 57
57 58
58 59
57 60
48 61
61 62
62 63
63 64
62 65
48 66
66 67
67 68
68 69
67 70
66 71
71 72
72 73
73 74
74 75
73 76
76 77
77 78
76 79
71 80
80 81
81 82
82 83
81 84
84 85
85 86
86 87
85 88
88 89
71 90
90 91
91 92
92 93
91 94
94 95
95 96
94 97
48 98
98 99
99 100
100 101
99 102
98 103
103 104
98 105
105 106
106 107
107 108
108 109
107 110
110 111
10 112
112 113
