0 1
1 2
1 3
3 4
3 5
3 6
6 7
7 8
6 9
3 10
10 11
11 12
10 13
3 14
14 15
3 16
16 17
17 18
18 19
19 20
20 21
19 22
18 23
23 24
24 25
23 26
17 27
27 28
28 29
17 30
30 31
31 32
32 33
31 34
31 35
35 36
30 37
37 38
38 39
39 40
16 41
41 42
42 43
43 44
44 45
44 46
46 47
44 48
48 49
43 50
43 51
51 52
52 53
16 54
54 55
55 56
56 57
56 58
54 59
59 60
60 61
59 62
54 63
63 64
64 65
65 66
66 67
65 68
65 69
69 70
65 71
71 72
72 73
73 74
72 75
72 76
76 77
72 78
71 79
16 80
80 81
81 82
82 83
82 84
82 85
81 86
86 87
86 88
86 89
81 90
90 91
90 92
90 93
93 94
94 95
93 96
16 97
97 98
98 99
99 100
99 101
99 102
102 103
103 104
102 105
98 106
106 107
106 108
106 109
16 110
110 111
111 112
112 113
111 114
114 115
115 116
114 117
110 118
118 119
119 120
120 121
121 122
121 123
121 124
124 125
125 126
124 127
124 128
128 129
118 130
130 131
131 132
132 133
133 134
132 135
132 136
136 137
131 138
138 139
139 140
140 141
139 142
139 143
143 144
138 145
130 146
146 147
147 148
148 149
149 150
118 151
151 152
152 153
153 154
152 155
152 156
156 157
152 158
158 159
159 160
160 161
159 162
159 163
163 164
159 165
158 166
118 167
167 168
168 169
169 170
170 171
169 172
172 173
173 174
172 175
168 176
176 177
177 178
176 179
167 180
180 181
181 182
182 183
183 184
184 185
185 186
184 187
187 188
183 189
182 190
190 191
181 192
192 193
193 194
194 195
195 196
194 197
197 198
198 199
199 200
200 201
199 202
202 203
198 204
192 205
205 206
206 207
207 208
206 209
209 210
180 211
211 212
212 213
213 214
212 215
212 216
216 217
217 218
216 219
216 220
220 221
212 222
222 223
223 224
224 225
223 226
223 227
227 228
228 229
227 230
227 231
231 232
223 233
233 234
222 235
180 236
236 237
237 238
238 239
239 240
238 241
238 242
242 243
243 244
242 245
242 246
246 247
237 248
236 249
249 250
250 251
251 252
252 253
180 254
254 255
255 256
256 257
118 258
258 259
259 260
260 261
16 262
262 263
263 264
264 265
265 266
266 267
265 268
268 269
269 270
268 271
263 272
263 273
273 274
274 275
273 276
273 277
277 278
273 279
279 280
280 281
279 282
282 283
