0 1
1 2
1 3
3 4
3 5
3 6
6 7
7 8
6 9
3 10
10 11
11 12
10 13
3 14
14 15
3 16
16 17
17 18
18 19
19 20
20 21
19 22
18 23
23 24
24 25
23 26
17 27
27 28
16 29
29 30
30 31
31 32
32 33
32 34
34 35
32 36
36 37
31 38
31 39
39 40
40 41
16 42
42 43
43 44
44 45
44 46
42 47
47 48
48 49
47 50
42 51
51 52
52 53
53 54
54 55
53 56
53 57
57 58
53 59
59 60
60 61
61 62
60 63
60 64
64 65
60 66
59 67
16 68
68 69
69 70
70 71
71 72
71 73
73 74
71 75
75 76
70 77
70 78
78 79
79 80
16 81
81 82
82 83
83 84
83 85
83 86
82 87
87 88
87 89
87 90
16 91
91 92
92 93
93 94
93 95
93 96
96 97
97 98
96 99
16 100
100 101
101 102
102 103
103 104
102 105
102 106
16 107
107 108
108 109
109 110
109 111
109 112
112 113
113 114
112 115
16 116
116 117
117 118
118 119
118 120
118 121
16 122
122 123
123 124
124 125
123 126
126 127
127 128
126 129
122 130
130 131
131 132
132 133
133 134
133 135
133 136
136 137
137 138
136 139
136 140
140 141
130 142
142 143
143 144
144 145
143 146
143 147
147 148
143 149
149 150
150 151
151 152
150 153
150 154
154 155
150 156
149 157
130 158
158 159
159 160
160 161
161 162
160 163
160 164
164 165
159 166
166 167
167 168
168 169
169 170
168 171
168 172
172 173
167 174
166 175
175 176
176 177
177 178
176 179
176 180
180 181
175 182
158 183
183 184
184 185
185 186
186 187
130 188
188 189
189 190
190 191
191 192
190 193
193 194
189 195
195 196
196 197
195 198
198 199
188 200
200 201
201 202
202 203
203 204
203 205
203 206
206 207
207 208
206 209
206 210
210 211
200 212
212 213
213 214
214 215
215 216
216 217
215 218
218 219
214 220
213 221
221 222
212 223
223 224
224 225
225 226
226 227
225 228
228 229
229 230
230 231
229 232
232 233
228 234
223 235
235 236
236 237
237 238
236 239
239 240
240 241
239 242
239 243
243 244
239 245
245 246
246 247
245 248
200 249
249 250
250 251
251 252
250 253
250 254
254 255
250 256
256 257
257 258
258 259
257 260
257 261
261 262
256 263
200 264
264 265
265 266
266 267
267 268
266 269
266 270
270 271
265 272
272 273
273 274
274 275
275 276
274 277
274 278
278 279
273 280
272 281
281 282
282 283
283 284
282 285
282 286
286 287
281 288
264 289
289 290
290 291
291 292
292 293
200 294
294 295
295 296
296 297
130 298
298 299
299 300
300 301
16 302
302 303
303 304
