0 1
1 2
1 3
3 4
3 5
3 6
6 7
7 8
6 9
3 10
10 11
11 12
10 13
3 14
14 15
3 16
16 17
17 18
18 19
19 20
19 21
19 22
22 23
23 24
22 25
18 26
26 27
26 28
26 29
29 30
30 31
29 32
16 33
33 34
34 35
35 36
35 37
35 38
34 39
39 40
39 41
39 42
34 43
43 44
43 45
43 46
46 47
47 48
46 49
34 50
50 51
50 52
50 53
16 54
54 55
55 56
56 57
57 58
56 59
56 60
60 61
60 62
62 63
16 64
64 65
65 66
66 67
66 68
64 69
69 70
70 71
69 72
64 73
73 74
74 75
75 76
76 77
77 78
76 79
79 80
16 81
81 82
82 83
83 84
82 85
85 86
81 87
87 88
88 89
89 90
90 91
91 92
90 93
93 94
94 95
93 96
93 97
97 98
87 99
99 100
100 101
101 102
102 103
101 104
104 105
105 106
104 107
104 108
108 109
100 110
99 111
111 112
112 113
113 114
87 115
115 116
116 117
117 118
118 119
117 120
116 121
121 122
122 123
121 124
124 125
115 126
126 127
127 128
128 129
129 130
128 131
131 132
132 133
133 134
132 135
135 136
131 137
127 138
138 139
139 140
140 141
141 142
140 143
143 144
144 145
145 146
144 147
147 148
143 149
138 150
150 151
151 152
152 153
151 154
154 155
126 156
156 157
157 158
158 159
159 160
158 161
161 162
162 163
161 164
161 165
165 166
126 167
167 168
168 169
169 170
170 171
169 172
172 173
173 174
172 175
172 176
176 177
168 178
167 179
179 180
180 181
181 182
126 183
183 184
184 185
185 186
87 187
187 188
188 189
189 190
16 191
191 192
192 193
193 194
194 195
195 196
194 197
197 198
198 199
197 200
192 201
192 202
202 203
203 204
202 205
202 206
206 207
202 208
208 209
209 210
208 211
211 212
