0 1
1 2
1 3
3 4
3 5
3 6
6 7
7 8
6 9
3 10
10 11
11 12
10 13
3 14
14 15
3 16
16 17
17 18
18 19
19 20
19 21
19 22
18 23
23 24
23 25
23 26
18 27
27 28
27 29
27 30
18 31
31 32
31 33
31 34
34 35
16 36
36 37
37 38
38 39
38 40
38 41
41 42
42 43
41 44
16 45
45 46
46 47
47 48
48 49
47 50
47 51
51 52
51 53
53 54
16 55
55 56
56 57
57 58
56 59
56 60
60 61
56 62
16 63
63 64
64 65
65 66
65 67
65 68
68 69
69 70
68 71
16 72
72 73
73 74
74 75
74 76
74 77
77 78
78 79
77 80
16 81
81 82
82 83
83 84
83 85
83 86
81 87
87 88
88 89
87 90
90 91
81 92
92 93
93 94
81 95
95 96
96 97
97 98
98 99
99 100
98 101
101 102
102 103
101 104
101 105
105 106
16 107
107 108
108 109
109 110
108 111
111 112
107 113
113 114
114 115
115 116
116 117
117 118
116 119
119 120
120 121
119 122
119 123
123 124
115 125
114 126
126 127
127 128
128 129
129 130
113 131
131 132
132 133
133 134
134 135
133 136
136 137
137 138
136 139
136 140
140 141
113 142
142 143
143 144
144 145
143 146
146 147
142 148
148 149
149 150
150 151
151 152
152 153
153 154
152 155
155 156
151 157
150 158
158 159
149 160
160 161
161 162
162 163
163 164
162 165
165 166
166 167
167 168
166 169
169 170
165 171
160 172
172 173
173 174
174 175
173 176
176 177
148 178
178 179
179 180
180 181
181 182
180 183
183 184
184 185
183 186
183 187
187 188
148 189
189 190
190 191
191 192
192 193
191 194
194 195
195 196
194 197
194 198
198 199
190 200
189 201
201 202
202 203
203 204
204 205
148 206
206 207
207 208
208 209
113 210
210 211
211 212
212 213
16 214
214 215
215 216
216 217
217 218
216 219
219 220
215 221
215 222
222 223
223 224
222 225
222 226
226 227
222 228
228 229
229 230
228 231
231 232
