0 1
1 2
1 3
3 4
3 5
3 6
6 7
7 8
6 9
3 10
10 11
11 12
10 13
3 14
14 15
3 16
16 17
17 18
18 19
19 20
19 21
19 22
22 23
23 24
22 25
16 26
26 27
27 28
28 29
29 30
28 31
27 32
32 33
26 34
34 35
16 36
36 37
37 38
38 39
39 40
39 41
41 42
39 43
43 44
38 45
38 46
46 47
47 48
16 49
49 50
50 51
51 52
51 53
49 54
54 55
55 56
54 57
49 58
58 59
59 60
60 61
59 62
59 63
63 64
59 65
65 66
66 67
67 68
66 69
66 70
70 71
66 72
65 73
16 74
74 75
75 76
76 77
76 78
76 79
79 80
80 81
79 82
16 83
83 84
84 85
85 86
85 87
85 88
84 89
89 90
89 91
89 92
16 93
93 94
94 95
95 96
95 97
95 98
98 99
99 100
98 101
16 102
102 103
103 104
104 105
104 106
104 107
16 108
108 109
109 110
110 111
109 112
112 113
108 114
114 115
115 116
116 117
117 118
117 119
117 120
120 121
121 122
120 123
120 124
124 125
114 126
126 127
127 128
128 129
129 130
128 131
128 132
132 133
127 134
134 135
135 136
136 137
135 138
135 139
139 140
134 141
126 142
142 143
143 144
144 145
114 146
146 147
147 148
148 149
147 150
147 151
151 152
147 153
153 154
154 155
155 156
154 157
154 158
158 159
154 160
153 161
114 162
162 163
163 164
164 165
163 166
162 167
167 168
168 169
169 170
170 171
170 172
170 173
173 174
174 175
175 176
174 177
177 178
173 179
167 180
180 181
181 182
182 183
181 184
184 185
180 186
186 187
187 188
188 189
189 190
188 191
191 192
186 193
193 194
194 195
195 196
194 197
197 198
167 199
199 200
200 201
201 202
201 203
201 204
204 205
205 206
204 207
204 208
208 209
167 210
210 211
211 212
212 213
211 214
211 215
215 216
211 217
217 218
218 219
219 220
218 221
218 222
222 223
218 224
217 225
167 226
226 227
227 228
228 229
229 230
228 231
228 232
232 233
227 234
234 235
235 236
236 237
235 238
235 239
239 240
234 241
226 242
242 243
243 244
244 245
245 246
167 247
247 248
248 249
249 250
114 251
251 252
252 253
253 254
16 255
255 256
256 257
257 258
258 259
257 260
260 261
261 262
260 263
256 264
256 265
265 266
266 267
265 268
265 269
269 270
265 271
271 272
272 273
271 274
274 275
