0 1
1 2
1 3
3 4
3 5
3 6
6 7
7 8
6 9
3 10
10 11
11 12
10 13
3 14
14 15
3 16
16 17
17 18
18 19
19 20
20 21
20 22
22 23
20 24
24 25
19 26
19 27
27 28
28 29
16 30
30 31
31 32
32 33
32 34
30 35
35 36
36 37
35 38
30 39
39 40
40 41
41 42
42 43
41 44
41 45
45 46
41 47
47 48
48 49
49 50
48 51
48 52
52 53
48 54
47 55
16 56
56 57
57 58
58 59
58 60
58 61
16 62
62 63
63 64
64 65
64 66
64 67
67 68
68 69
67 70
16 71
71 72
72 73
73 74
73 75
73 76
76 77
16 78
78 79
79 80
80 81
80 82
80 83
16 84
84 85
85 86
86 87
86 88
86 89
84 90
90 91
91 92
90 93
93 94
94 95
93 96
84 97
97 98
98 99
84 100
100 101
101 102
102 103
103 104
103 105
103 106
106 107
107 108
106 109
106 110
110 111
100 112
112 113
113 114
114 115
113 116
113 117
117 118
112 119
119 120
120 121
121 122
122 123
121 124
121 125
125 126
121 127
127 128
128 129
129 130
128 131
128 132
132 133
127 134
119 135
135 136
136 137
137 138
138 139
137 140
137 141
141 142
136 143
135 144
144 145
145 146
146 147
147 148
119 149
149 150
150 151
151 152
150 153
153 154
154 155
153 156
149 157
157 158
158 159
159 160
160 161
161 162
162 163
161 164
164 165
160 166
159 167
167 168
158 169
169 170
170 171
171 172
172 173
171 174
174 175
175 176
176 177
175 178
178 179
174 180
169 181
181 182
182 183
183 184
182 185
185 186
157 187
187 188
188 189
189 190
189 191
189 192
192 193
193 194
192 195
192 196
196 197
157 198
198 199
199 200
200 201
199 202
199 203
203 204
198 205
205 206
206 207
207 208
208 209
207 210
207 211
211 212
207 213
213 214
214 215
215 216
214 217
214 218
218 219
213 220
205 221
221 222
222 223
223 224
224 225
223 226
223 227
227 228
222 229
221 230
230 231
231 232
232 233
233 234
157 235
235 236
236 237
237 238
16 239
239 240
240 241
241 242
242 243
241 244
244 245
240 246
240 247
247 248
248 249
247 250
247 251
251 252
247 253
253 254
254 255
253 256
256 257
