0 1
1 2
1 3
3 4
3 5
3 6
6 7
7 8
6 9
3 10
10 11
11 12
10 13
3 14
14 15
3 16
16 17
17 18
18 19
19 20
20 21
19 22
18 23
23 24
24 25
23 26
17 27
27 28
16 29
29 30
30 31
31 32
32 33
32 34
34 35
32 36
36 37
31 38
31 39
39 40
40 41
16 42
42 43
43 44
44 45
44 46
42 47
47 48
48 49
47 50
42 51
51 52
52 53
53 54
54 55
53 56
53 57
57 58
53 59
59 60
60 61
61 62
60 63
60 64
64 65
60 66
59 67
16 68
68 69
69 70
70 71
70 72
70 73
73 74
74 75
73 76
16 77
77 78
78 79
79 80
79 81
79 82
78 83
83 84
83 85
83 86
16 87
87 88
88 89
89 90
89 91
89 92
16 93
93 94
94 95
95 96
95 97
95 98
98 99
99 100
98 101
16 102
102 103
103 104
104 105
103 106
106 107
107 108
106 109
102 110
110 111
111 112
112 113
113 114
113 115
113 116
116 117
117 118
116 119
116 120
120 121
110 122
122 123
123 124
124 125
123 126
123 127
127 128
122 129
129 130
130 131
131 132
132 133
131 134
131 135
135 136
131 137
137 138
138 139
139 140
138 141
138 142
142 143
137 144
129 145
145 146
146 147
147 148
148 149
147 150
147 151
151 152
146 153
145 154
154 155
155 156
156 157
110 158
158 159
159 160
160 161
110 162
162 163
163 164
164 165
163 166
162 167
167 168
168 169
169 170
170 171
170 172
170 173
173 174
174 175
173 176
173 177
177 178
167 179
179 180
180 181
181 182
180 183
180 184
184 185
179 186
186 187
187 188
188 189
189 190
188 191
188 192
192 193
188 194
194 195
195 196
196 197
195 198
195 199
199 200
194 201
186 202
202 203
203 204
204 205
205 206
204 207
204 208
208 209
203 210
202 211
211 212
212 213
213 214
167 215
215 216
216 217
217 218
218 219
217 220
220 221
216 222
222 223
215 224
224 225
225 226
226 227
227 228
226 229
229 230
230 231
229 232
232 233
224 234
234 235
235 236
236 237
235 238
238 239
167 240
240 241
241 242
242 243
16 244
244 245
245 246
246 247
245 248
248 249
249 250
248 251
244 252
252 253
16 254
254 255
255 256
256 257
255 258
255 259
259 260
255 261
261 262
262 263
261 264
264 265
