0 1
1 2
1 3
3 4
3 5
3 6
6 7
7 8
6 9
3 10
10 11
11 12
10 13
3 14
14 15
3 16
16 17
17 18
18 19
19 20
20 21
19 22
19 23
23 24
23 25
25 26
16 27
27 28
28 29
29 30
29 31
29 32
32 33
33 34
32 35
16 36
36 37
37 38
38 39
38 40
38 41
41 42
16 43
43 44
44 45
45 46
45 47
45 48
48 49
49 50
48 51
16 52
52 53
53 54
54 55
54 56
54 57
57 58
58 59
57 60
16 61
61 62
62 63
62 64
64 65
64 66
61 67
67 68
68 69
67 70
61 71
71 72
72 73
73 74
74 75
73 76
76 77
16 78
78 79
79 80
80 81
80 82
80 83
79 84
84 85
84 86
84 87
78 88
88 89
89 90
88 91
91 92
78 93
93 94
94 95
78 96
96 97
97 98
98 99
99 100
100 101
101 102
100 103
103 104
104 105
103 106
103 107
107 108
98 109
97 110
110 111
111 112
112 113
96 114
114 115
115 116
116 117
115 118
114 119
119 120
120 121
121 122
122 123
123 124
124 125
123 126
126 127
122 128
121 129
129 130
120 131
131 132
132 133
133 134
134 135
133 136
136 137
131 138
138 139
139 140
140 141
139 142
142 143
143 144
144 145
143 146
146 147
142 148
119 149
149 150
150 151
151 152
152 153
153 154
152 155
155 156
156 157
155 158
155 159
159 160
160 161
150 162
149 163
163 164
164 165
165 166
16 167
167 168
168 169
169 170
170 171
169 172
172 173
168 174
168 175
175 176
176 177
175 178
175 179
179 180
175 181
181 182
182 183
181 184
184 185
