0 1
1 2
1 3
3 4
4 5
4 6
4 7
7 8
8 9
7 10
1 11
11 12
11 13
11 14
14 15
15 16
14 17
11 18
11 19
19 20
20 21
21 22
21 23
23 24
19 25
25 26
26 27
1 28
28 29
28 30
30 31
31 32
30 33
28 34
28 35
35 36
36 37
37 38
38 39
37 40
36 41
41 42
35 43
43 44
44 45
45 46
45 47
45 48
48 49
48 50
50 51
51 52
50 53
35 54
54 55
55 56
56 57
56 58
56 59
59 60
59 61
61 62
62 63
61 64
35 65
65 66
66 67
67 68
66 69
69 70
70 71
69 72
69 73
73 74
69 75
75 76
76 77
77 78
76 79
79 80
75 81
81 82
82 83
81 84
35 85
85 86
86 87
87 88
86 89
86 90
90 91
91 92
92 93
91 94
91 95
95 96
91 97
97 98
90 99
99 100
100 101
99 102
86 103
