0 1
1 2
1 3
3 4
3 5
5 6
5 7
5 8
8 9
9 10
8 11
1 12
12 13
12 14
12 15
15 16
16 17
15 18
12 19
12 20
20 21
21 22
22 23
22 24
24 25
20 26
26 27
27 28
1 29
29 30
29 31
29 32
32 33
33 34
32 35
29 36
29 37
37 38
38 39
39 40
40 41
39 42
38 43
43 44
44 45
45 46
37 47
47 48
48 49
49 50
49 51
49 52
52 53
52 54
54 55
55 56
54 57
37 58
58 59
59 60
60 61
60 62
60 63
63 64
63 65
65 66
66 67
65 68
37 69
69 70
70 71
71 72
71 73
71 74
74 75
75 76
76 77
75 78
74 79
79 80
37 81
81 82
82 83
83 84
83 85
83 86
86 87
87 88
88 89
87 90
86 91
91 92
37 93
93 94
94 95
95 96
94 97
97 98
98 99
97 100
97 101
101 102
97 103
103 104
104 105
103 106
103 107
107 108
103 109
109 110
37 111
111 112
112 113
113 114
112 115
115 116
116 117
115 118
115 119
119 120
115 121
121 122
122 123
121 124
37 125
125 126
126 127
127 128
126 129
129 130
130 131
129 132
129 133
133 134
129 135
135 136
136 137
137 138
138 139
137 140
136 141
141 142
135 143
143 144
37 145
145 146
146 147
147 148
146 149
146 150
150 151
151 152
150 153
146 154
154 155
155 156
154 157
154 158
158 159
154 160
160 161
