0 1
1 2
1 3
3 4
4 5
4 6
4 7
7 8
8 9
7 10
1 11
11 12
11 13
11 14
14 15
15 16
14 17
11 18
11 19
19 20
20 21
21 22
21 23
23 24
19 25
25 26
26 27
26 28
28 29
1 30
30 31
30 32
32 33
33 34
32 35
30 36
30 37
37 38
38 39
39 40
40 41
39 42
38 43
43 44
44 45
45 46
44 47
37 48
48 49
49 50
50 51
50 52
50 53
53 54
53 55
55 56
56 57
55 58
37 59
59 60
60 61
61 62
61 63
61 64
64 65
64 66
66 67
67 68
66 69
37 70
70 71
71 72
72 73
72 74
72 75
75 76
76 77
77 78
76 79
75 80
80 81
80 82
80 83
83 84
80 85
85 86
37 87
87 88
88 89
89 90
88 91
91 92
91 93
93 94
91 95
95 96
96 97
97 98
96 99
99 100
95 101
101 102
102 103
101 104
91 105
105 106
37 107
107 108
108 109
1 110
110 111
110 112
112 113
112 114
110 115
110 116
116 117
117 118
118 119
119 120
119 121
119 122
122 123
123 124
122 125
116 126
126 127
127 128
128 129
128 130
126 131
131 132
126 133
133 134
134 135
135 136
136 137
135 138
138 139
134 140
140 141
141 142
142 143
141 144
144 145
116 146
146 147
147 148
