0 1
1 2
1 3
3 4
3 5
3 6
6 7
7 8
6 9
3 10
10 11
10 12
3 13
13 14
3 15
15 16
16 17
17 18
18 19
19 20
18 21
17 22
22 23
23 24
24 25
23 26
22 27
16 28
28 29
29 30
30 31
15 32
32 33
33 34
34 35
33 36
36 37
36 38
38 39
36 40
40 41
15 42
42 43
43 44
44 45
45 46
44 47
44 48
48 49
15 50
50 51
51 52
52 53
53 54
52 55
51 56
56 57
57 58
58 59
57 60
56 61
50 62
62 63
63 64
64 65
65 66
65 67
65 68
63 69
69 70
70 71
71 72
70 73
69 74
74 75
75 76
74 77
77 78
63 79
79 80
80 81
63 82
82 83
83 84
84 85
85 86
84 87
87 88
88 89
87 90
62 91
91 92
92 93
93 94
94 95
93 96
92 97
97 98
98 99
99 100
98 101
97 102
91 103
103 104
104 105
105 106
106 107
107 108
106 109
105 110
110 111
110 112
112 113
113 114
112 115
110 116
116 117
103 118
118 119
119 120
120 121
119 122
122 123
123 124
122 125
15 126
126 127
127 128
1 129
129 130
129 131
129 132
132 133
133 134
132 135
129 136
136 137
136 138
129 139
139 140
129 141
141 142
142 143
143 144
144 145
145 146
144 147
143 148
142 149
149 150
150 151
151 152
141 153
153 154
154 155
155 156
156 157
155 158
155 159
159 160
141 161
161 162
162 163
163 164
163 165
163 166
161 167
167 168
168 169
167 170
170 171
161 172
172 173
173 174
161 175
175 176
176 177
177 178
178 179
177 180
176 181
181 182
182 183
183 184
175 185
185 186
186 187
187 188
186 189
189 190
190 191
189 192
141 193
193 194
194 195
195 196
196 197
195 198
195 199
141 200
200 201
201 202
202 203
203 204
202 205
202 206
206 207
141 208
208 209
209 210
210 211
209 212
212 213
141 214
214 215
215 216
216 217
217 218
216 219
216 220
220 221
221 222
220 223
141 224
224 225
225 226
226 227
226 228
226 229
224 230
230 231
231 232
230 233
233 234
224 235
235 236
236 237
224 238
238 239
239 240
240 241
241 242
240 243
243 244
244 245
243 246
238 247
247 248
248 249
249 250
250 251
249 252
248 253
253 254
238 255
255 256
256 257
257 258
256 259
259 260
238 261
261 262
262 263
263 264
262 265
265 266
141 267
267 268
268 269
269 270
270 271
269 272
268 273
273 274
141 275
275 276
276 277
141 278
