0 1
1 2
1 3
3 4
3 5
3 6
6 7
7 8
6 9
3 10
10 11
10 12
3 13
13 14
3 15
15 16
16 17
17 18
18 19
19 20
18 21
17 22
22 23
23 24
22 25
16 26
26 27
27 28
28 29
15 30
30 31
31 32
32 33
33 34
32 35
32 36
36 37
15 38
38 39
39 40
40 41
41 42
42 43
40 44
40 45
45 46
46 47
45 48
48 49
49 50
15 51
51 52
52 53
53 54
54 55
53 56
52 57
57 58
15 59
59 60
60 61
61 62
61 63
61 64
59 65
65 66
66 67
65 68
68 69
59 70
70 71
71 72
59 73
73 74
74 75
75 76
76 77
77 78
76 79
79 80
75 81
81 82
82 83
81 84
73 85
85 86
86 87
87 88
86 89
89 90
90 91
89 92
73 93
93 94
94 95
95 96
94 97
93 98
98 99
99 100
100 101
101 102
100 103
15 104
104 105
105 106
106 107
107 108
108 109
107 110
106 111
105 112
112 113
113 114
112 115
15 116
116 117
117 118
118 119
118 120
118 121
121 122
15 123
123 124
124 125
125 126
126 127
125 128
124 129
123 130
130 131
131 132
132 133
133 134
134 135
135 136
134 137
137 138
138 139
137 140
133 141
132 142
142 143
143 144
142 145
145 146
146 147
145 148
130 149
149 150
150 151
151 152
15 153
153 154
154 155
155 156
156 157
157 158
156 159
155 160
154 161
161 162
161 163
163 164
164 165
165 166
164 167
163 168
161 169
169 170
15 171
171 172
172 173
173 174
172 175
175 176
176 177
175 178
