0 1
1 2
1 3
3 4
3 5
3 6
6 7
7 8
6 9
3 10
10 11
10 12
3 13
13 14
3 15
15 16
16 17
17 18
18 19
19 20
18 21
17 22
22 23
23 24
24 25
23 26
22 27
16 28
28 29
29 30
30 31
15 32
32 33
33 34
34 35
35 36
34 37
34 38
38 39
33 40
40 41
41 42
40 43
40 44
44 45
15 46
46 47
47 48
48 49
48 50
48 51
15 52
52 53
53 54
54 55
55 56
54 57
53 58
58 59
59 60
58 61
61 62
52 63
63 64
64 65
65 66
66 67
63 68
68 69
69 70
70 71
69 72
72 73
73 74
72 75
15 76
76 77
77 78
78 79
77 80
76 81
81 82
82 83
83 84
76 85
85 86
86 87
87 88
88 89
89 90
88 91
88 92
92 93
92 94
94 95
95 96
94 97
92 98
98 99
85 100
100 101
101 102
101 103
103 104
101 105
105 106
101 107
107 108
101 109
109 110
1 111
111 112
111 113
111 114
114 115
115 116
114 117
111 118
118 119
119 120
118 121
111 122
122 123
123 124
122 125
111 126
126 127
126 128
111 129
129 130
111 131
131 132
132 133
133 134
134 135
135 136
134 137
134 138
138 139
133 140
140 141
141 142
140 143
140 144
144 145
131 146
146 147
147 148
148 149
148 150
148 151
131 152
152 153
153 154
154 155
153 156
156 157
152 158
158 159
159 160
160 161
161 162
160 163
163 164
164 165
163 166
158 167
167 168
168 169
169 170
170 171
169 172
168 173
173 174
158 175
175 176
176 177
177 178
176 179
179 180
158 181
181 182
182 183
183 184
182 185
185 186
158 187
187 188
188 189
189 190
131 191
191 192
192 193
