0 1
1 2
1 3
3 4
3 5
3 6
6 7
7 8
6 9
3 10
10 11
10 12
3 13
13 14
3 15
15 16
16 17
17 18
18 19
18 20
18 21
15 22
22 23
23 24
24 25
25 26
24 27
24 28
28 29
15 30
30 31
31 32
32 33
33 34
32 35
32 36
15 37
37 38
38 39
39 40
40 41
39 42
39 43
15 44
44 45
45 46
46 47
47 48
46 49
46 50
15 51
51 52
52 53
53 54
54 55
53 56
53 57
15 58
58 59
59 60
60 61
61 62
60 63
60 64
15 65
65 66
66 67
67 68
66 69
65 70
70 71
71 72
72 73
73 74
72 75
70 76
76 77
77 78
78 79
77 80
76 81
81 82
82 83
83 84
84 85
83 86
86 87
81 88
88 89
89 90
90 91
89 92
92 93
81 94
70 95
95 96
96 97
97 98
96 99
99 100
95 101
101 102
102 103
103 104
104 105
103 106
106 107
107 108
106 109
101 110
110 111
111 112
111 113
113 114
111 115
115 116
111 117
117 118
111 119
119 120
101 121
121 122
122 123
123 124
122 125
101 126
126 127
127 128
128 129
127 130
126 131
131 132
132 133
133 134
134 135
133 136
136 137
101 138
138 139
139 140
140 141
139 142
142 143
95 144
144 145
145 146
146 147
147 148
146 149
149 150
150 151
149 152
15 153
153 154
154 155
155 156
156 157
155 158
154 159
159 160
154 161
161 162
1 163
163 164
163 165
163 166
166 167
167 168
166 169
163 170
170 171
171 172
170 173
163 174
174 175
175 176
174 177
163 178
178 179
179 180
178 181
163 182
163 183
183 184
184 185
185 186
186 187
187 188
186 189
186 190
190 191
183 192
192 193
193 194
194 195
195 196
194 197
194 198
198 199
183 200
200 201
201 202
202 203
201 204
204 205
200 206
206 207
207 208
208 209
209 210
210 211
209 212
209 213
213 214
214 215
213 216
206 217
217 218
218 219
219 220
220 221
219 222
218 223
223 224
206 225
225 226
226 227
227 228
226 229
229 230
206 231
231 232
232 233
233 234
232 235
235 236
183 237
237 238
238 239
239 240
238 241
237 242
242 243
243 244
244 245
245 246
246 247
245 248
244 249
249 250
183 251
251 252
252 253
253 254
254 255
253 256
252 257
257 258
