0 1
1 2
1 3
3 4
3 5
3 6
3 7
7 8
8 9
7 10
3 11
11 12
3 13
13 14
14 15
15 16
16 17
17 18
16 19
15 20
20 21
21 22
22 23
21 24
20 25
14 26
26 27
27 28
13 29
29 30
30 31
31 32
32 33
31 34
31 35
35 36
35 37
37 38
38 39
37 40
13 41
41 42
42 43
43 44
44 45
43 46
43 47
47 48
48 49
47 50
13 51
51 52
52 53
53 54
54 55
53 56
52 57
57 58
13 59
59 60
60 61
61 62
62 63
61 64
60 65
13 66
66 67
67 68
1 69
69 70
69 71
69 72
69 73
73 74
74 75
73 76
69 77
77 78
77 79
69 80
80 81
69 82
82 83
83 84
84 85
85 86
86 87
87 88
86 89
85 90
90 91
91 92
92 93
91 94
90 95
84 96
96 97
97 98
96 99
83 100
100 101
101 102
82 103
103 104
104 105
105 106
106 107
105 108
105 109
109 110
82 111
111 112
112 113
113 114
113 115
113 116
82 117
117 118
118 119
119 120
120 121
119 122
119 123
123 124
82 125
125 126
126 127
127 128
128 129
127 130
127 131
131 132
82 133
133 134
134 135
135 136
135 137
135 138
82 139
139 140
140 141
141 142
140 143
139 144
144 145
145 146
146 147
147 148
146 149
149 150
145 151
151 152
152 153
153 154
154 155
155 156
154 157
154 158
158 159
159 160
158 161
151 162
162 163
163 164
164 165
165 166
164 167
163 168
151 169
169 170
170 171
171 172
170 173
151 174
174 175
175 176
176 177
175 178
178 179
178 180
180 181
151 182
182 183
183 184
184 185
185 186
184 187
183 188
188 189
151 190
190 191
191 192
192 193
151 194
194 195
195 196
196 197
195 198
194 199
199 200
200 201
201 202
200 203
203 204
194 205
205 206
206 207
207 208
208 209
209 210
208 211
207 212
212 213
205 214
214 215
215 216
216 217
215 218
218 219
151 220
220 221
221 222
222 223
221 224
224 225
151 226
226 227
227 228
228 229
227 230
230 231
145 232
232 233
233 234
234 235
235 236
232 237
237 238
238 239
239 240
238 241
241 242
242 243
241 244
82 245
245 246
246 247
