0 1
1 2
1 3
3 4
3 5
3 6
6 7
7 8
6 9
3 10
10 11
10 12
3 13
13 14
13 15
3 16
16 17
16 18
3 19
19 20
19 21
3 22
22 23
3 24
24 25
25 26
26 27
27 28
28 29
27 30
30 31
26 32
32 33
25 34
34 35
35 36
36 37
24 38
38 39
39 40
40 41
41 42
40 43
40 44
44 45
24 46
46 47
47 48
48 49
49 50
48 51
48 52
24 53
53 54
54 55
55 56
56 57
55 58
55 59
24 60
60 61
61 62
62 63
63 64
62 65
65 66
61 67
67 68
68 69
67 70
60 71
71 72
72 73
73 74
74 75
73 76
76 77
77 78
76 79
71 80
80 81
81 82
82 83
83 84
82 85
81 86
86 87
71 88
88 89
89 90
90 91
89 92
92 93
71 94
94 95
95 96
96 97
95 98
98 99
71 100
100 101
101 102
102 103
24 104
104 105
105 106
106 107
105 108
104 109
109 110
110 111
111 112
112 113
113 114
112 115
111 116
116 117
116 118
118 119
116 120
120 121
116 122
122 123
116 124
124 125
125 126
124 127
127 128
116 129
24 130
130 131
131 132
1 133
133 134
133 135
133 136
136 137
137 138
136 139
133 140
140 141
140 142
133 143
143 144
133 145
145 146
146 147
147 148
148 149
149 150
148 151
148 152
152 153
145 154
154 155
155 156
156 157
156 158
156 159
145 160
160 161
161 162
162 163
161 164
160 165
165 166
166 167
167 168
168 169
167 170
170 171
171 172
170 173
165 174
174 175
175 176
176 177
145 178
178 179
179 180
179 181
181 182
179 183
183 184
179 185
185 186
179 187
179 188
