0 1
1 2
1 3
3 4
3 5
3 6
6 7
7 8
6 9
3 10
10 11
10 12
3 13
13 14
3 15
15 16
16 17
17 18
18 19
19 20
19 21
21 22
18 23
18 24
24 25
25 26
15 27
27 28
28 29
29 30
30 31
29 32
29 33
33 34
34 35
15 36
36 37
37 38
38 39
39 40
38 41
38 42
42 43
15 44
44 45
45 46
46 47
47 48
46 49
46 50
15 51
51 52
52 53
53 54
52 55
51 56
56 57
57 58
58 59
59 60
60 61
59 62
58 63
57 64
64 65
65 66
66 67
65 68
68 69
56 70
70 71
71 72
72 73
71 74
71 75
75 76
56 77
77 78
78 79
79 80
80 81
79 82
78 83
83 84
77 85
85 86
86 87
87 88
88 89
89 90
88 91
86 92
92 93
93 94
94 95
95 96
96 97
95 98
95 99
99 100
100 101
99 102
102 103
103 104
104 105
103 106
102 107
92 108
108 109
109 110
110 111
111 112
110 113
109 114
114 115
92 116
116 117
117 118
118 119
117 120
120 121
121 122
120 123
56 124
124 125
125 126
126 127
125 128
128 129
129 130
128 131
15 132
132 133
133 134
134 135
135 136
134 137
133 138
132 139
139 140
140 141
141 142
142 143
141 144
140 145
145 146
15 147
147 148
148 149
149 150
148 151
