0 1
1 2
1 3
3 4
3 5
3 6
6 7
7 8
6 9
3 10
10 11
3 12
12 13
13 14
14 15
15 16
16 17
15 18
15 19
19 20
20 21
12 22
22 23
23 24
24 25
25 26
25 27
27 28
25 29
29 30
24 31
24 32
32 33
33 34
12 35
35 36
36 37
37 38
37 39
35 40
40 41
41 42
40 43
35 44
44 45
45 46
46 47
47 48
46 49
46 50
50 51
45 52
52 53
53 54
54 55
55 56
54 57
54 58
58 59
54 60
60 61
61 62
62 63
61 64
61 65
65 66
60 67
45 68
68 69
69 70
70 71
71 72
70 73
70 74
74 75
70 76
12 77
77 78
78 79
79 80
80 81
80 82
82 83
79 84
79 85
85 86
86 87
85 88
88 89
89 90
89 91
88 92
92 93
92 94
88 95
95 96
96 97
97 98
98 99
97 100
97 101
101 102
96 103
103 104
104 105
103 106
103 107
107 108
12 109
109 110
110 111
111 112
110 113
110 114
114 115
115 116
114 117
12 118
118 119
119 120
120 121
121 122
120 123
118 124
124 125
125 126
126 127
127 128
127 129
127 130
130 131
131 132
130 133
124 134
134 135
135 136
136 137
136 138
136 139
134 140
140 141
141 142
140 143
143 144
144 145
143 146
143 147
147 148
134 149
149 150
150 151
134 152
152 153
153 154
154 155
155 156
154 157
154 158
158 159
12 160
160 161
161 162
162 163
161 164
