0 1
1 2
1 3
3 4
3 5
3 6
6 7
7 8
6 9
3 10
10 11
3 12
12 13
13 14
14 15
15 16
16 17
15 18
15 19
19 20
19 21
21 22
12 23
23 24
24 25
25 26
25 27
23 28
28 29
29 30
28 31
23 32
32 33
33 34
34 35
35 36
36 37
35 38
38 39
12 40
40 41
41 42
42 43
43 44
43 45
45 46
42 47
42 48
48 49
49 50
12 51
51 52
52 53
53 54
53 55
53 56
51 57
57 58
58 59
57 60
51 61
61 62
62 63
51 64
64 65
65 66
66 67
67 68
68 69
67 70
70 71
66 72
65 73
73 74
74 75
75 76
76 77
75 78
75 79
79 80
12 81
81 82
82 83
83 84
82 85
82 86
86 87
82 88
88 89
89 90
89 91
88 92
92 93
92 94
88 95
95 96
96 97
97 98
98 99
97 100
100 101
96 102
102 103
103 104
102 105
105 106
12 107
107 108
108 109
109 110
110 111
109 112
109 113
113 114
114 115
12 116
116 117
117 118
118 119
118 120
116 121
121 122
116 123
123 124
124 125
125 126
126 127
126 128
126 129
129 130
130 131
129 132
132 133
123 134
134 135
135 136
136 137
136 138
136 139
134 140
140 141
141 142
140 143
143 144
134 145
145 146
146 147
134 148
148 149
149 150
150 151
151 152
150 153
150 154
154 155
12 156
156 157
157 158
158 159
157 160
