0 1
1 2
1 3
3 4
3 5
3 6
6 7
7 8
6 9
3 10
10 11
3 12
12 13
13 14
14 15
15 16
16 17
15 18
15 19
19 20
19 21
21 22
12 23
23 24
24 25
25 26
26 27
25 28
25 29
29 30
30 31
12 32
32 33
33 34
34 35
34 36
32 37
37 38
38 39
37 40
32 41
41 42
42 43
43 44
44 45
45 46
44 47
47 48
48 49
47 50
12 51
51 52
52 53
53 54
53 55
53 56
51 57
57 58
58 59
57 60
51 61
61 62
62 63
51 64
64 65
65 66
66 67
67 68
67 69
67 70
64 71
71 72
72 73
73 74
73 75
73 76
64 77
77 78
78 79
79 80
79 81
79 82
77 83
83 84
84 85
83 86
77 87
87 88
88 89
77 90
90 91
91 92
92 93
93 94
94 95
95 96
94 97
97 98
93 99
92 100
100 101
101 102
102 103
101 104
104 105
100 106
106 107
91 108
108 109
109 110
110 111
111 112
110 113
113 114
108 115
115 116
116 117
117 118
116 119
119 120
120 121
119 122
122 123
64 124
124 125
125 126
126 127
127 128
126 129
129 130
125 131
131 132
64 133
133 134
134 135
135 136
135 137
135 138
133 139
139 140
140 141
139 142
142 143
133 144
144 145
145 146
133 147
147 148
148 149
149 150
150 151
149 152
149 153
153 154
153 155
155 156
156 157
156 158
158 159
12 160
160 161
161 162
162 163
161 164
