0 1
1 2
1 3
3 4
3 5
3 6
6 7
7 8
6 9
3 10
10 11
3 12
12 13
13 14
14 15
15 16
16 17
15 18
15 19
19 20
19 21
21 22
12 23
23 24
24 25
25 26
25 27
25 28
28 29
29 30
28 31
12 32
32 33
33 34
34 35
35 36
36 37
34 38
34 39
39 40
40 41
39 42
42 43
43 44
12 45
45 46
46 47
47 48
47 49
47 50
45 51
51 52
52 53
51 54
54 55
45 56
56 57
57 58
45 59
59 60
60 61
61 62
62 63
62 64
62 65
65 66
66 67
65 68
65 69
69 70
59 71
71 72
72 73
73 74
74 75
73 76
76 77
72 78
78 79
59 80
80 81
81 82
82 83
83 84
82 85
85 86
12 87
87 88
88 89
89 90
88 91
88 92
92 93
88 94
94 95
95 96
95 97
94 98
98 99
98 100
94 101
101 102
102 103
103 104
104 105
105 106
106 107
105 108
108 109
104 110
110 111
111 112
110 113
113 114
102 115
115 116
116 117
115 118
115 119
119 120
115 121
121 122
102 123
123 124
124 125
123 126
123 127
127 128
128 129
127 130
130 131
123 132
132 133
133 134
132 135
135 136
12 137
137 138
138 139
139 140
140 141
139 142
139 143
143 144
144 145
12 146
146 147
147 148
148 149
148 150
148 151
146 152
152 153
153 154
152 155
155 156
146 157
157 158
158 159
146 160
160 161
161 162
162 163
163 164
162 165
162 166
166 167
167 168
166 169
169 170
12 171
171 172
172 173
173 174
172 175
