0 1
1 2
1 3
3 4
3 5
3 6
6 7
7 8
6 9
3 10
10 11
3 12
12 13
13 14
14 15
15 16
15 17
17 18
18 19
19 20
20 21
19 22
18 23
18 24
24 25
25 26
25 27
24 28
28 29
29 30
29 31
31 32
17 33
17 34
34 35
35 36
34 37
34 38
38 39
39 40
38 41
34 42
42 43
43 44
42 45
15 46
12 47
47 48
48 49
49 50
50 51
49 52
49 53
53 54
54 55
55 56
56 57
57 58
58 59
59 60
58 61
57 62
56 63
56 64
64 65
65 66
66 67
67 68
66 69
65 70
70 71
65 72
72 73
65 74
64 75
55 76
55 77
77 78
78 79
78 80
77 81
81 82
82 83
83 84
84 85
83 86
83 87
87 88
88 89
89 90
88 91
87 92
83 93
93 94
94 95
93 96
82 97
54 98
54 99
99 100
100 101
101 102
53 103
53 104
104 105
105 106
104 107
12 108
108 109
109 110
