0 1
1 2
1 3
3 4
3 5
3 6
6 7
7 8
6 9
3 10
10 11
3 12
12 13
13 14
14 15
14 16
16 17
16 18
16 19
19 20
20 21
19 22
12 23
23 24
24 25
25 26
26 27
25 28
25 29
29 30
30 31
12 32
32 33
33 34
34 35
35 36
34 37
34 38
38 39
38 40
40 41
12 42
42 43
43 44
44 45
45 46
46 47
46 48
48 49
44 50
44 51
51 52
52 53
51 54
54 55
55 56
56 57
55 58
12 59
59 60
60 61
60 62
62 63
62 64
59 65
65 66
66 67
65 68
59 69
69 70
70 71
71 72
72 73
71 74
74 75
12 76
76 77
77 78
78 79
78 80
78 81
76 82
82 83
83 84
82 85
76 86
86 87
87 88
76 89
89 90
90 91
91 92
91 93
93 94
93 95
93 96
96 97
97 98
96 99
99 100
89 101
101 102
102 103
103 104
102 105
101 106
106 107
107 108
108 109
109 110
110 111
109 112
112 113
108 114
107 115
115 116
116 117
117 118
118 119
117 120
120 121
116 122
122 123
123 124
106 125
125 126
126 127
127 128
128 129
127 130
130 131
126 132
126 133
133 134
133 135
135 136
12 137
137 138
138 139
139 140
139 141
139 142
142 143
137 144
144 145
145 146
144 147
137 148
148 149
149 150
137 151
151 152
152 153
153 154
154 155
153 156
156 157
152 158
151 159
159 160
160 161
160 162
162 163
162 164
159 165
165 166
166 167
165 168
168 169
159 170
170 171
171 172
172 173
172 174
172 175
170 176
176 177
177 178
176 179
179 180
170 181
181 182
182 183
170 184
184 185
185 186
186 187
185 188
185 189
189 190
12 191
191 192
192 193
193 194
192 195
