0 1
1 2
1 3
3 4
3 5
3 6
6 7
7 8
6 9
3 10
10 11
11 12
10 13
3 14
3 15
15 16
16 17
17 18
18 19
18 20
18 21
21 22
22 23
21 24
15 25
25 26
26 27
27 28
28 29
27 30
27 31
31 32
31 33
33 34
34 35
15 36
36 37
37 38
38 39
38 40
38 41
36 42
42 43
43 44
42 45
45 46
36 47
47 48
48 49
36 50
50 51
51 52
52 53
53 54
54 55
53 56
56 57
52 58
58 59
59 60
60 61
59 62
62 63
58 64
64 65
65 66
64 67
67 68
15 69
69 70
70 71
71 72
71 73
71 74
70 75
75 76
75 77
75 78
15 79
79 80
80 81
81 82
81 83
81 84
79 85
85 86
86 87
85 88
88 89
88 90
90 91
79 92
92 93
93 94
79 95
95 96
96 97
97 98
98 99
97 100
100 101
101 102
100 103
103 104
104 105
103 106
106 107
95 108
108 109
109 110
110 111
95 112
112 113
113 114
114 115
115 116
114 117
117 118
113 119
119 120
120 121
119 122
112 123
123 124
124 125
125 126
126 127
125 128
128 129
124 130
95 131
131 132
132 133
133 134
132 135
131 136
136 137
137 138
138 139
139 140
138 141
136 142
142 143
143 144
144 145
143 146
15 147
147 148
148 149
