0 1
1 2
1 3
3 4
3 5
3 6
6 7
7 8
6 9
3 10
10 11
11 12
10 13
3 14
14 15
3 16
16 17
17 18
18 19
19 20
18 21
21 22
21 23
23 24
16 25
25 26
26 27
27 28
26 29
29 30
29 31
31 32
16 33
33 34
34 35
35 36
36 37
35 38
35 39
39 40
16 41
41 42
42 43
43 44
44 45
43 46
43 47
47 48
16 49
49 50
50 51
51 52
51 53
51 54
16 55
55 56
56 57
57 58
57 59
57 60
16 61
61 62
62 63
63 64
64 65
63 66
63 67
16 68
68 69
69 70
70 71
71 72
70 73
70 74
16 75
75 76
76 77
77 78
78 79
77 80
76 81
81 82
82 83
81 84
75 85
85 86
86 87
87 88
88 89
89 90
88 91
87 92
92 93
93 94
92 95
86 96
96 97
97 98
98 99
99 100
98 101
101 102
102 103
103 104
104 105
103 106
102 107
107 108
108 109
107 110
101 111
111 112
86 113
113 114
114 115
115 116
114 117
113 118
118 119
119 120
120 121
121 122
120 123
123 124
124 125
125 126
124 127
123 128
128 129
113 130
130 131
131 132
132 133
131 134
130 135
135 136
136 137
137 138
138 139
137 140
140 141
141 142
142 143
141 144
140 145
145 146
85 147
147 148
148 149
149 150
148 151
147 152
152 153
153 154
154 155
155 156
154 157
157 158
158 159
157 160
160 161
161 162
160 163
147 164
164 165
165 166
166 167
167 168
166 169
169 170
170 171
169 172
172 173
173 174
172 175
164 176
176 177
177 178
178 179
179 180
178 181
177 182
182 183
164 184
184 185
185 186
186 187
185 188
188 189
85 190
190 191
191 192
192 193
191 194
194 195
195 196
194 197
85 198
198 199
199 200
200 201
199 202
202 203
203 204
202 205
85 206
206 207
207 208
208 209
207 210
206 211
211 212
212 213
213 214
212 215
215 216
216 217
215 218
85 219
219 220
220 221
221 222
220 223
219 224
224 225
225 226
226 227
225 228
228 229
229 230
228 231
16 232
232 233
233 234
234 235
233 236
232 237
237 238
238 239
239 240
240 241
239 242
242 243
243 244
242 245
245 246
237 247
247 248
248 249
249 250
250 251
249 252
248 253
253 254
237 255
255 256
256 257
257 258
256 259
259 260
16 261
261 262
262 263
1 264
264 265
264 266
266 267
267 268
266 269
264 270
270 271
264 272
272 273
273 274
274 275
275 276
276 277
275 278
275 279
272 280
280 281
281 282
282 283
283 284
282 285
282 286
272 287
287 288
288 289
289 290
290 291
289 292
289 293
293 294
272 295
295 296
296 297
297 298
298 299
297 300
297 301
272 302
302 303
303 304
304 305
303 306
302 307
307 308
308 309
309 310
310 311
309 312
312 313
313 314
312 315
307 316
316 317
317 318
318 319
319 320
318 321
317 322
322 323
307 324
324 325
325 326
326 327
325 328
328 329
307 330
330 331
331 332
332 333
331 334
334 335
272 336
336 337
337 338
