0 1
1 2
1 3
3 4
3 5
3 6
6 7
7 8
6 9
3 10
10 11
11 12
10 13
3 14
14 15
3 16
16 17
17 18
18 19
19 20
18 21
21 22
21 23
23 24
16 25
25 26
26 27
27 28
26 29
29 30
29 31
31 32
16 33
33 34
34 35
35 36
36 37
35 38
35 39
39 40
40 41
39 42
16 43
43 44
44 45
45 46
46 47
45 48
45 49
49 50
16 51
51 52
52 53
53 54
53 55
53 56
16 57
57 58
58 59
59 60
60 61
61 62
60 63
59 64
64 65
65 66
64 67
58 68
68 69
69 70
68 71
57 72
72 73
73 74
74 75
75 76
75 77
75 78
72 79
79 80
80 81
81 82
80 83
79 84
84 85
85 86
86 87
87 88
86 89
89 90
90 91
89 92
84 93
93 94
94 95
95 96
94 97
97 98
98 99
97 100
72 101
101 102
102 103
103 104
102 105
101 106
106 107
107 108
108 109
109 110
108 111
111 112
112 113
111 114
106 115
115 116
116 117
117 118
116 119
119 120
120 121
119 122
72 123
123 124
124 125
125 126
124 127
127 128
72 129
129 130
130 131
131 132
130 133
133 134
134 135
133 136
72 137
137 138
138 139
139 140
140 141
139 142
139 143
143 144
144 145
143 146
146 147
147 148
146 149
72 150
150 151
151 152
152 153
153 154
152 155
151 156
156 157
72 158
158 159
159 160
160 161
159 162
162 163
163 164
162 165
16 166
166 167
167 168
167 169
169 170
170 171
169 172
1 173
173 174
173 175
173 176
176 177
177 178
176 179
173 180
180 181
173 182
182 183
183 184
184 185
185 186
186 187
185 188
185 189
182 190
190 191
191 192
192 193
191 194
190 195
195 196
196 197
197 198
198 199
199 200
198 201
198 202
202 203
203 204
202 205
195 206
206 207
207 208
208 209
209 210
208 211
207 212
212 213
195 214
214 215
215 216
216 217
215 218
218 219
195 220
220 221
221 222
222 223
221 224
224 225
182 226
226 227
227 228
