0 1
1 2
1 3
3 4
3 5
3 6
6 7
7 8
6 9
3 10
10 11
11 12
10 13
3 14
14 15
3 16
16 17
17 18
18 19
19 20
20 21
19 22
19 23
23 24
23 25
25 26
16 27
27 28
28 29
29 30
30 31
29 32
29 33
33 34
16 35
35 36
36 37
37 38
38 39
37 40
37 41
41 42
41 43
43 44
16 45
45 46
46 47
47 48
48 49
47 50
47 51
51 52
16 53
53 54
54 55
55 56
55 57
55 58
16 59
59 60
60 61
61 62
61 63
61 64
16 65
65 66
66 67
67 68
67 69
67 70
16 71
71 72
72 73
73 74
72 75
71 76
76 77
77 78
78 79
79 80
76 81
81 82
82 83
83 84
82 85
85 86
86 87
85 88
16 89
89 90
90 91
91 92
90 93
89 94
94 95
95 96
96 97
97 98
94 99
99 100
100 101
101 102
100 103
103 104
104 105
103 106
16 107
107 108
108 109
109 110
110 111
109 112
109 113
113 114
16 115
115 116
116 117
117 118
118 119
117 120
117 121
121 122
16 123
123 124
124 125
125 126
124 127
127 128
123 129
129 130
130 131
131 132
132 133
131 134
134 135
135 136
134 137
137 138
129 139
139 140
140 141
141 142
140 143
139 144
144 145
145 146
146 147
147 148
148 149
147 150
146 151
145 152
152 153
153 154
154 155
155 156
156 157
155 158
155 159
159 160
160 161
159 162
152 163
163 164
164 165
165 166
166 167
165 168
164 169
169 170
152 171
171 172
172 173
173 174
144 175
175 176
176 177
177 178
176 179
179 180
180 181
179 182
123 183
183 184
184 185
185 186
186 187
185 188
188 189
189 190
188 191
191 192
183 193
193 194
194 195
195 196
194 197
193 198
198 199
199 200
200 201
201 202
202 203
201 204
200 205
199 206
206 207
207 208
208 209
209 210
210 211
209 212
209 213
213 214
214 215
213 216
206 217
217 218
218 219
219 220
220 221
219 222
218 223
223 224
206 225
225 226
226 227
227 228
198 229
229 230
230 231
231 232
230 233
233 234
234 235
233 236
16 237
237 238
238 239
239 240
238 241
241 242
16 243
243 244
244 245
245 246
244 247
243 248
248 249
249 250
250 251
251 252
248 253
253 254
254 255
255 256
254 257
257 258
258 259
257 260
16 261
261 262
262 263
263 264
264 265
263 266
263 267
267 268
16 269
269 270
270 271
271 272
272 273
271 274
271 275
275 276
16 277
277 278
278 279
279 280
280 281
279 282
279 283
283 284
284 285
283 286
286 287
16 288
288 289
289 290
290 291
291 292
290 293
290 294
294 295
16 296
296 297
297 298
298 299
298 300
298 301
16 302
302 303
303 304
304 305
305 306
304 307
303 308
308 309
309 310
308 311
302 312
312 313
313 314
314 315
315 316
316 317
315 318
315 319
319 320
320 321
312 322
322 323
323 324
324 325
325 326
324 327
323 328
328 329
329 330
330 331
331 332
332 333
333 334
332 335
331 336
336 337
337 338
336 339
330 340
340 341
328 342
312 343
343 344
344 345
345 346
346 347
345 348
344 349
349 350
312 351
351 352
352 353
353 354
352 355
355 356
356 357
355 358
312 359
359 360
360 361
361 362
360 363
363 364
364 365
365 366
366 367
367 368
368 369
367 370
366 371
371 372
372 373
371 374
365 375
375 376
363 377
312 378
378 379
379 380
380 381
379 382
382 383
383 384
382 385
312 386
386 387
387 388
388 389
387 390
390 391
391 392
390 393
16 394
394 395
395 396
396 397
395 398
394 399
399 400
400 401
401 402
402 403
403 404
402 405
402 406
406 407
407 408
406 409
409 410
399 411
411 412
412 413
413 414
414 415
413 416
412 417
417 418
16 419
419 420
420 421
420 422
422 423
423 424
422 425
1 426
426 427
426 428
426 429
429 430
430 431
429 432
426 433
433 434
426 435
435 436
436 437
437 438
438 439
439 440
438 441
438 442
442 443
435 444
444 445
445 446
446 447
447 448
446 449
446 450
435 451
451 452
452 453
453 454
452 455
451 456
456 457
457 458
458 459
459 460
460 461
459 462
459 463
463 464
464 465
463 466
466 467
467 468
466 469
456 470
470 471
471 472
472 473
473 474
472 475
471 476
476 477
456 478
478 479
479 480
480 481
479 482
482 483
456 484
484 485
485 486
486 487
485 488
488 489
489 490
488 491
435 492
492 493
493 494
