0 1
1 2
1 3
3 4
3 5
3 6
6 7
6 8
3 9
3 10
10 11
11 12
12 13
13 14
14 15
13 16
13 17
17 18
17 19
19 20
20 21
21 22
20 23
10 24
24 25
25 26
26 27
25 28
25 29
29 30
25 31
31 32
10 33
33 34
34 35
35 36
36 37
35 38
34 39
10 40
40 41
41 42
42 43
43 44
42 45
41 46
10 47
47 48
48 49
48 50
50 51
48 52
52 53
1 54
54 55
54 56
54 57
57 58
57 59
54 60
60 61
61 62
60 63
54 64
54 65
65 66
66 67
67 68
68 69
69 70
68 71
71 72
67 73
73 74
66 75
75 76
76 77
77 78
78 79
77 80
80 81
65 82
82 83
83 84
84 85
85 86
84 87
87 88
83 89
89 90
90 91
90 92
92 93
93 94
92 95
90 96
96 97
89 98
98 99
98 100
100 101
101 102
100 103
98 104
104 105
65 106
106 107
107 108
108 109
107 110
110 111
