0 1
1 2
1 3
3 4
3 5
3 6
6 7
6 8
3 9
3 10
10 11
11 12
12 13
13 14
12 15
11 16
16 17
10 18
18 19
19 20
20 21
19 22
18 23
23 24
10 25
25 26
26 27
27 28
28 29
27 30
27 31
31 32
31 33
33 34
34 35
35 36
34 37
10 38
38 39
39 40
40 41
41 42
40 43
39 44
10 45
45 46
46 47
47 48
48 49
47 50
46 51
10 52
52 53
53 54
54 55
55 56
54 57
53 58
10 59
59 60
60 61
61 62
61 63
61 64
59 65
65 66
66 67
65 68
68 69
59 70
70 71
71 72
59 73
73 74
74 75
75 76
76 77
77 78
76 79
79 80
75 81
81 82
82 83
83 84
82 85
85 86
86 87
85 88
81 89
89 90
90 91
89 92
92 93
93 94
92 95
10 96
96 97
97 98
98 99
97 100
100 101
