0 1
1 2
1 3
3 4
3 5
3 6
6 7
7 8
6 9
3 10
10 11
10 12
3 13
3 14
14 15
15 16
16 17
17 18
16 19
15 20
20 21
21 22
14 23
23 24
24 25
25 26
26 27
25 28
28 29
24 30
23 31
31 32
32 33
33 34
32 35
35 36
14 37
37 38
38 39
39 40
40 41
39 42
42 43
38 44
44 45
45 46
45 47
47 48
45 49
49 50
50 51
49 52
44 53
53 54
53 55
55 56
53 57
57 58
58 59
57 60
1 61
61 62
61 63
61 64
64 65
64 66
61 67
61 68
68 69
69 70
70 71
71 72
72 73
71 74
71 75
75 76
75 77
77 78
78 79
79 80
78 81
68 82
82 83
83 84
83 85
85 86
83 87
87 88
