0 1
1 2
1 3
3 4
3 5
3 6
3 7
7 8
8 9
7 10
3 11
11 12
11 13
3 14
3 15
15 16
16 17
17 18
18 19
19 20
19 21
21 22
18 23
18 24
24 25
25 26
15 27
27 28
28 29
29 30
29 31
29 32
27 33
33 34
34 35
33 36
36 37
37 38
36 39
27 40
40 41
41 42
27 43
43 44
44 45
45 46
46 47
45 48
45 49
49 50
50 51
49 52
52 53
43 54
54 55
55 56
56 57
57 58
56 59
55 60
60 61
54 62
62 63
63 64
64 65
65 66
64 67
15 68
68 69
69 70
70 71
69 72
15 73
15 74
1 75
75 76
75 77
75 78
75 79
79 80
80 81
81 82
79 83
75 84
75 85
85 86
86 87
87 88
88 89
89 90
88 91
88 92
92 93
93 94
92 95
95 96
96 97
95 98
85 99
99 100
100 101
101 102
101 103
101 104
104 105
105 106
104 107
85 108
108 109
109 110
110 111
111 112
110 113
110 114
114 115
114 116
116 117
117 118
85 119
119 120
120 121
121 122
121 123
121 124
119 125
125 126
126 127
125 128
128 129
129 130
128 131
119 132
132 133
133 134
119 135
135 136
136 137
137 138
138 139
139 140
138 141
141 142
137 143
143 144
144 145
143 146
85 147
147 148
148 149
149 150
149 151
149 152
152 153
153 154
152 155
85 156
156 157
157 158
158 159
158 160
158 161
161 162
161 163
163 164
161 165
165 166
85 167
167 168
168 169
169 170
170 171
169 172
168 173
168 174
174 175
85 176
176 177
177 178
178 179
177 180
