0 1
1 2
1 3
3 4
3 5
3 6
6 7
7 8
6 9
3 10
10 11
10 12
3 13
3 14
14 15
15 16
16 17
17 18
18 19
17 20
17 21
21 22
21 23
23 24
14 25
25 26
26 27
27 28
28 29
27 30
27 31
31 32
31 33
33 34
14 35
35 36
36 37
37 38
37 39
35 40
40 41
35 42
42 43
43 44
44 45
45 46
44 47
43 48
48 49
49 50
50 51
51 52
52 53
51 54
54 55
55 56
54 57
57 58
48 59
42 60
60 61
61 62
62 63
63 64
62 65
65 66
14 67
67 68
68 69
69 70
69 71
69 72
14 73
73 74
74 75
75 76
75 77
75 78
78 79
79 80
80 81
79 82
78 83
73 84
84 85
85 86
84 87
73 88
88 89
89 90
73 91
91 92
92 93
93 94
94 95
93 96
96 97
97 98
96 99
99 100
91 101
101 102
102 103
103 104
102 105
105 106
106 107
107 108
108 109
109 110
108 111
107 112
112 113
106 114
101 115
115 116
116 117
117 118
14 119
119 120
120 121
121 122
121 123
121 124
119 125
125 126
126 127
125 128
128 129
129 130
128 131
119 132
132 133
133 134
119 135
135 136
136 137
137 138
138 139
137 140
140 141
141 142
140 143
143 144
135 145
145 146
146 147
147 148
146 149
149 150
150 151
151 152
152 153
153 154
152 155
151 156
156 157
150 158
145 159
159 160
160 161
14 162
162 163
163 164
