0 1
1 2
1 3
3 4
3 5
3 6
6 7
7 8
6 9
3 10
10 11
11 12
10 13
3 14
14 15
3 16
16 17
17 18
18 19
19 20
20 21
20 22
22 23
19 24
19 25
25 26
26 27
16 28
28 29
29 30
30 31
31 32
31 33
33 34
30 35
30 36
36 37
37 38
16 39
39 40
40 41
41 42
40 43
39 44
44 45
45 46
46 47
47 48
46 49
46 50
50 51
51 52
50 53
44 54
54 55
55 56
56 57
55 58
58 59
59 60
58 61
16 62
62 63
63 64
64 65
63 66
62 67
67 68
68 69
69 70
70 71
69 72
69 73
73 74
74 75
73 76
67 77
77 78
78 79
79 80
78 81
81 82
82 83
81 84
16 85
85 86
86 87
87 88
87 89
87 90
16 91
91 92
92 93
93 94
94 95
93 96
93 97
97 98
98 99
97 100
16 101
101 102
102 103
103 104
104 105
105 106
104 107
102 108
108 109
109 110
110 111
109 112
101 113
113 114
114 115
115 116
116 117
117 118
116 119
114 120
120 121
121 122
122 123
123 124
122 125
125 126
126 127
125 128
113 129
129 130
130 131
131 132
132 133
131 134
129 135
135 136
136 137
137 138
138 139
137 140
140 141
141 142
140 143
113 144
144 145
145 146
146 147
147 148
146 149
145 150
150 151
151 152
150 153
113 154
154 155
155 156
156 157
157 158
156 159
156 160
160 161
161 162
160 163
163 164
164 165
163 166
113 167
167 168
168 169
169 170
170 171
169 172
168 173
173 174
113 175
175 176
176 177
177 178
176 179
179 180
113 181
181 182
182 183
183 184
182 185
16 186
186 187
187 188
188 189
189 190
190 191
189 192
188 193
187 194
194 195
195 196
194 197
187 198
198 199
