0 1
1 2
1 3
3 4
3 5
3 6
6 7
7 8
6 9
3 10
10 11
10 12
12 13
3 14
14 15
15 16
16 17
17 18
18 19
18 20
20 21
17 22
17 23
23 24
24 25
14 26
26 27
27 28
28 29
27 30
26 31
31 32
32 33
33 34
34 35
33 36
33 37
37 38
38 39
37 40
31 41
41 42
42 43
43 44
42 45
45 46
46 47
45 48
14 49
49 50
50 51
1 52
52 53
52 54
52 55
55 56
56 57
55 58
52 59
59 60
60 61
59 62
52 63
63 64
52 65
65 66
66 67
67 68
68 69
69 70
69 71
71 72
68 73
68 74
74 75
74 76
76 77
65 78
78 79
79 80
80 81
81 82
81 83
83 84
80 85
80 86
86 87
86 88
88 89
65 90
90 91
91 92
92 93
93 94
92 95
92 96
65 97
97 98
98 99
99 100
99 101
99 102
65 103
103 104
104 105
105 106
106 107
107 108
108 109
107 110
105 111
111 112
112 113
113 114
112 115
104 116
116 117
117 118
116 119
103 120
120 121
121 122
122 123
123 124
123 125
123 126
126 127
127 128
128 129
127 130
126 131
126 132
132 133
133 134
132 135
120 136
136 137
137 138
138 139
138 140
138 141
141 142
142 143
143 144
142 145
141 146
141 147
147 148
148 149
147 150
120 151
151 152
152 153
153 154
153 155
153 156
156 157
157 158
158 159
157 160
160 161
156 162
162 163
120 164
164 165
165 166
166 167
166 168
166 169
169 170
170 171
169 172
120 173
173 174
174 175
175 176
174 177
177 178
178 179
177 180
120 181
181 182
182 183
183 184
184 185
183 186
183 187
187 188
188 189
187 190
190 191
120 192
192 193
193 194
194 195
193 196
192 197
197 198
198 199
199 200
200 201
199 202
202 203
192 204
204 205
205 206
206 207
207 208
208 209
207 210
206 211
211 212
204 213
213 214
214 215
215 216
214 217
217 218
65 219
219 220
220 221
