0 1
1 2
1 3
3 4
3 5
3 6
6 7
7 8
6 9
3 10
10 11
11 12
10 13
3 14
14 15
3 16
16 17
17 18
18 19
19 20
19 21
19 22
22 23
22 24
24 25
16 26
26 27
27 28
28 29
28 30
28 31
31 32
31 33
33 34
16 35
35 36
36 37
37 38
36 39
39 40
35 41
41 42
42 43
43 44
43 45
45 46
43 47
47 48
16 49
49 50
50 51
51 52
52 53
51 54
51 55
55 56
16 57
57 58
58 59
59 60
59 61
59 62
62 63
63 64
62 65
65 66
16 67
67 68
68 69
69 70
68 71
67 72
72 73
73 74
74 75
75 76
74 77
77 78
78 79
77 80
72 81
81 82
82 83
83 84
16 85
85 86
86 87
87 88
87 89
87 90
90 91
90 92
92 93
90 94
94 95
16 96
96 97
97 98
98 99
99 100
98 101
101 102
96 103
96 104
104 105
105 106
106 107
107 108
106 109
109 110
109 111
111 112
109 113
113 114
109 115
115 116
16 117
117 118
118 119
119 120
120 121
119 122
119 123
123 124
124 125
16 126
126 127
127 128
126 129
129 130
130 131
131 132
132 133
133 134
132 135
131 136
129 137
137 138
138 139
139 140
140 141
139 142
138 143
143 144
126 145
145 146
146 147
147 148
148 149
147 150
150 151
16 152
152 153
153 154
1 155
155 156
155 157
155 158
158 159
159 160
158 161
155 162
162 163
163 164
162 165
155 166
166 167
166 168
155 169
155 170
170 171
171 172
172 173
173 174
174 175
173 176
172 177
177 178
171 179
179 180
180 181
181 182
182 183
182 184
182 185
185 186
186 187
185 188
179 189
189 190
190 191
189 192
192 193
193 194
194 195
195 196
192 197
197 198
198 199
199 200
198 201
179 202
202 203
203 204
204 205
203 206
202 207
207 208
208 209
209 210
210 211
209 212
212 213
213 214
212 215
207 216
216 217
217 218
218 219
217 220
179 221
221 222
222 223
223 224
224 225
223 226
222 227
227 228
179 229
229 230
230 231
170 232
232 233
233 234
234 235
234 236
234 237
237 238
237 239
239 240
240 241
239 242
237 243
243 244
237 245
245 246
170 247
247 248
248 249
249 250
249 251
249 252
252 253
253 254
252 255
170 256
256 257
257 258
256 259
259 260
260 261
261 262
262 263
259 264
264 265
265 266
266 267
265 268
170 269
269 270
270 271
271 272
270 273
269 274
274 275
275 276
276 277
277 278
276 279
279 280
280 281
279 282
274 283
283 284
284 285
285 286
284 287
170 288
288 289
289 290
290 291
291 292
290 293
289 294
294 295
170 296
296 297
297 298
1 299
299 300
299 301
299 302
302 303
303 304
302 305
299 306
306 307
307 308
306 309
299 310
299 311
311 312
312 313
313 314
314 315
315 316
316 317
315 318
314 319
313 320
320 321
321 322
322 323
321 324
320 325
312 326
326 327
327 328
328 329
329 330
329 331
329 332
332 333
333 334
334 335
335 336
334 337
333 338
338 339
339 340
338 341
326 342
342 343
343 344
344 345
344 346
344 347
326 348
348 349
349 350
350 351
349 352
348 353
353 354
354 355
355 356
356 357
355 358
358 359
359 360
358 361
353 362
362 363
363 364
364 365
363 366
326 367
367 368
368 369
369 370
370 371
369 372
368 373
373 374
326 375
375 376
376 377
311 378
378 379
379 380
380 381
380 382
380 383
383 384
383 385
385 386
386 387
385 388
383 389
389 390
390 391
389 392
311 393
393 394
394 395
395 396
395 397
395 398
398 399
399 400
400 401
401 402
400 403
399 404
404 405
405 406
404 407
311 408
408 409
409 410
408 411
411 412
412 413
413 414
414 415
411 416
416 417
417 418
418 419
417 420
311 421
421 422
422 423
423 424
422 425
421 426
426 427
427 428
428 429
429 430
428 431
431 432
432 433
431 434
426 435
435 436
436 437
437 438
436 439
311 440
440 441
441 442
442 443
443 444
442 445
441 446
446 447
311 448
448 449
449 450
1 451
451 452
451 453
451 454
454 455
455 456
454 457
451 458
451 459
459 460
460 461
461 462
462 463
462 464
462 465
459 466
466 467
467 468
468 469
467 470
466 471
471 472
472 473
473 474
474 475
473 476
476 477
477 478
476 479
471 480
480 481
481 482
482 483
459 484
484 485
485 486
