0 1
1 2
1 3
3 4
3 5
3 6
6 7
7 8
6 9
3 10
10 11
11 12
10 13
3 14
14 15
3 16
16 17
17 18
18 19
19 20
20 21
20 22
22 23
19 24
19 25
25 26
26 27
16 28
28 29
29 30
30 31
31 32
31 33
33 34
30 35
30 36
36 37
37 38
16 39
39 40
40 41
41 42
42 43
41 44
40 45
45 46
46 47
45 48
39 49
49 50
50 51
51 52
52 53
51 54
51 55
55 56
56 57
55 58
49 59
59 60
60 61
61 62
60 63
60 64
64 65
65 66
64 67
49 68
68 69
69 70
70 71
69 72
72 73
73 74
72 75
49 76
76 77
77 78
78 79
77 80
80 81
81 82
80 83
16 84
84 85
85 86
86 87
85 88
84 89
89 90
90 91
91 92
92 93
91 94
91 95
95 96
96 97
95 98
89 99
99 100
100 101
101 102
100 103
103 104
104 105
103 106
16 107
107 108
108 109
109 110
108 111
107 112
112 113
113 114
114 115
115 116
114 117
114 118
118 119
119 120
118 121
112 122
122 123
123 124
124 125
123 126
126 127
127 128
126 129
16 130
130 131
131 132
132 133
132 134
132 135
16 136
136 137
137 138
138 139
138 140
138 141
16 142
142 143
143 144
144 145
145 146
144 147
144 148
16 149
149 150
150 151
151 152
152 153
153 154
152 155
150 156
156 157
157 158
158 159
157 160
149 161
161 162
162 163
163 164
164 165
163 166
166 167
167 168
168 169
169 170
168 171
167 172
172 173
173 174
172 175
166 176
176 177
161 178
178 179
179 180
180 181
179 182
182 183
183 184
182 185
161 186
186 187
187 188
188 189
189 190
188 191
188 192
192 193
193 194
192 195
195 196
196 197
195 198
161 199
199 200
200 201
201 202
202 203
201 204
200 205
205 206
161 207
207 208
208 209
209 210
208 211
211 212
16 213
213 214
214 215
215 216
216 217
215 218
213 219
219 220
220 221
221 222
222 223
221 224
224 225
225 226
226 227
225 228
224 229
229 230
219 231
231 232
232 233
233 234
232 235
235 236
236 237
235 238
219 239
239 240
240 241
241 242
242 243
241 244
241 245
245 246
246 247
245 248
248 249
249 250
248 251
219 252
252 253
253 254
254 255
255 256
254 257
253 258
258 259
219 260
260 261
261 262
262 263
261 264
264 265
16 266
266 267
267 268
268 269
269 270
268 271
266 272
272 273
273 274
274 275
275 276
274 277
277 278
278 279
279 280
278 281
277 282
282 283
272 284
284 285
285 286
286 287
285 288
288 289
289 290
288 291
272 292
292 293
293 294
294 295
295 296
294 297
294 298
298 299
299 300
298 301
301 302
302 303
301 304
272 305
305 306
306 307
307 308
308 309
307 310
306 311
311 312
272 313
313 314
314 315
315 316
314 317
317 318
16 319
319 320
320 321
321 322
320 323
319 324
324 325
325 326
326 327
327 328
328 329
327 330
327 331
331 332
332 333
331 334
334 335
324 336
336 337
337 338
338 339
339 340
338 341
337 342
342 343
324 344
344 345
345 346
346 347
345 348
348 349
16 350
350 351
351 352
