0 1
1 2
1 3
3 4
3 5
3 6
6 7
7 8
6 9
3 10
10 11
11 12
10 13
3 14
3 15
15 16
16 17
17 18
18 19
18 20
18 21
21 22
15 23
23 24
24 25
25 26
25 27
25 28
28 29
29 30
30 31
29 32
28 33
33 34
34 35
33 36
15 37
37 38
38 39
39 40
40 41
39 42
39 43
43 44
43 45
45 46
46 47
15 48
48 49
49 50
50 51
50 52
50 53
49 54
54 55
54 56
54 57
49 58
58 59
58 60
58 61
15 62
62 63
63 64
64 65
65 66
64 67
67 68
68 69
67 70
63 71
71 72
72 73
71 74
74 75
75 76
74 77
62 78
78 79
79 80
80 81
81 82
81 83
81 84
84 85
85 86
86 87
85 88
88 89
89 90
88 91
84 92
92 93
93 94
92 95
95 96
84 97
97 98
98 99
97 100
78 101
101 102
102 103
103 104
103 105
103 106
106 107
107 108
108 109
107 110
110 111
111 112
110 113
106 114
114 115
115 116
114 117
117 118
106 119
119 120
120 121
119 122
78 123
123 124
124 125
125 126
124 127
127 128
123 129
129 130
130 131
131 132
132 133
133 134
132 135
135 136
131 137
137 138
129 139
139 140
140 141
141 142
123 143
143 144
144 145
145 146
146 147
147 148
146 149
149 150
145 151
151 152
143 153
153 154
154 155
155 156
78 157
157 158
158 159
159 160
15 161
161 162
162 163
163 164
163 165
163 166
166 167
167 168
168 169
169 170
168 171
166 172
15 173
173 174
174 175
175 176
176 177
175 178
174 179
173 180
180 181
181 182
182 183
183 184
182 185
185 186
186 187
185 188
188 189
173 190
190 191
191 192
192 193
193 194
192 195
195 196
196 197
196 198
198 199
199 200
200 201
201 202
200 203
203 204
199 205
205 206
206 207
205 208
208 209
209 210
208 211
195 212
15 213
213 214
214 215
