0 1
1 2
1 3
3 4
3 5
3 6
6 7
7 8
6 9
3 10
10 11
11 12
10 13
3 14
3 15
15 16
16 17
17 18
18 19
18 20
18 21
21 22
22 23
21 24
17 25
25 26
25 27
25 28
28 29
29 30
28 31
15 32
32 33
33 34
34 35
33 36
36 37
32 38
38 39
39 40
40 41
40 42
42 43
40 44
44 45
15 46
46 47
47 48
48 49
48 50
48 51
51 52
52 53
51 54
54 55
15 56
56 57
57 58
58 59
58 60
58 61
61 62
62 63
63 64
64 65
63 66
61 67
15 68
68 69
69 70
70 71
70 72
70 73
69 74
74 75
74 76
74 77
77 78
15 79
79 80
80 81
81 82
80 83
83 84
79 85
85 86
86 87
87 88
88 89
88 90
88 91
91 92
92 93
93 94
94 95
93 96
96 97
91 98
85 99
99 100
100 101
101 102
101 103
101 104
104 105
105 106
104 107
107 108
85 109
109 110
110 111
111 112
111 113
111 114
114 115
115 116
116 117
117 118
116 119
114 120
120 121
121 122
120 123
123 124
124 125
123 126
114 127
127 128
128 129
127 130
85 131
131 132
132 133
133 134
133 135
133 136
136 137
137 138
138 139
139 140
138 141
136 142
142 143
143 144
142 145
145 146
146 147
145 148
136 149
149 150
150 151
149 152
85 153
153 154
154 155
155 156
155 157
155 158
158 159
159 160
160 161
161 162
160 163
163 164
158 165
165 166
166 167
165 168
168 169
158 170
170 171
171 172
170 173
85 174
174 175
175 176
176 177
176 178
176 179
179 180
180 181
181 182
182 183
181 184
184 185
179 186
186 187
187 188
186 189
189 190
179 191
191 192
192 193
191 194
85 195
195 196
196 197
197 198
198 199
197 200
200 201
196 202
202 203
203 204
202 205
205 206
195 207
207 208
208 209
209 210
210 211
211 212
210 213
209 214
208 215
215 216
216 217
217 218
218 219
217 220
217 221
221 222
217 223
223 224
208 225
225 226
226 227
227 228
228 229
229 230
230 231
231 232
230 233
230 234
234 235
230 236
236 237
229 238
238 239
239 240
238 241
238 242
242 243
238 244
244 245
227 246
195 247
247 248
248 249
249 250
248 251
251 252
247 253
253 254
254 255
255 256
256 257
255 258
258 259
259 260
258 261
247 262
262 263
263 264
264 265
265 266
264 267
267 268
268 269
267 270
15 271
271 272
