0 1
1 2
1 3
3 4
3 5
3 6
6 7
7 8
6 9
3 10
10 11
10 12
3 13
3 14
14 15
15 16
16 17
17 18
17 19
17 20
20 21
21 22
20 23
14 24
24 25
25 26
26 27
26 28
26 29
25 30
30 31
30 32
30 33
33 34
34 35
33 36
25 37
37 38
37 39
37 40
40 41
14 42
42 43
43 44
44 45
43 46
46 47
42 48
48 49
49 50
50 51
51 52
50 53
53 54
54 55
55 56
56 57
55 58
58 59
53 60
48 61
61 62
62 63
63 64
64 65
63 66
66 67
62 68
68 69
61 70
70 71
71 72
48 73
73 74
74 75
75 76
76 77
75 78
78 79
74 80
80 81
81 82
80 83
83 84
73 85
85 86
86 87
87 88
88 89
89 90
90 91
89 92
92 93
88 94
94 95
87 96
96 97
97 98
96 99
99 100
100 101
99 102
102 103
86 104
104 105
105 106
106 107
105 108
108 109
109 110
108 111
86 112
112 113
113 114
114 115
113 116
116 117
117 118
116 119
73 120
120 121
121 122
122 123
123 124
124 125
125 126
124 127
127 128
123 129
129 130
122 131
131 132
132 133
131 134
134 135
135 136
134 137
137 138
121 139
139 140
140 141
141 142
140 143
143 144
144 145
143 146
121 147
147 148
148 149
149 150
148 151
151 152
152 153
151 154
48 155
14 156
156 157
157 158
