0 1
1 2
1 3
3 4
3 5
3 6
6 7
7 8
6 9
3 10
10 11
10 12
3 13
3 14
14 15
15 16
16 17
16 18
18 19
16 20
16 21
21 22
22 23
23 24
22 25
21 26
16 27
27 28
1 29
29 30
29 31
29 32
32 33
33 34
32 35
29 36
36 37
36 38
29 39
39 40
39 41
29 42
42 43
42 44
29 45
29 46
46 47
47 48
48 49
49 50
48 51
51 52
47 53
53 54
54 55
55 56
56 57
56 58
56 59
59 60
60 61
59 62
62 63
63 64
64 65
65 66
64 67
67 68
62 69
53 70
70 71
71 72
72 73
73 74
72 75
75 76
71 77
77 78
70 79
79 80
80 81
81 82
70 83
83 84
84 85
85 86
86 87
85 88
88 89
84 90
90 91
83 92
92 93
93 94
94 95
95 96
94 97
97 98
98 99
97 100
83 101
101 102
102 103
103 104
104 105
103 106
106 107
107 108
106 109
46 110
110 111
111 112
1 113
113 114
113 115
113 116
116 117
117 118
116 119
113 120
120 121
120 122
113 123
123 124
123 125
113 126
126 127
126 128
113 129
113 130
130 131
131 132
132 133
133 134
132 135
135 136
131 137
137 138
138 139
139 140
130 141
141 142
142 143
143 144
143 145
143 146
146 147
147 148
146 149
149 150
150 151
151 152
152 153
151 154
154 155
149 156
130 157
157 158
158 159
159 160
160 161
159 162
162 163
158 164
164 165
157 166
166 167
167 168
168 169
130 170
170 171
171 172
171 173
173 174
171 175
175 176
171 177
177 178
170 179
179 180
180 181
181 182
182 183
183 184
184 185
183 186
186 187
182 188
188 189
181 190
190 191
191 192
190 193
193 194
194 195
193 196
196 197
180 198
198 199
199 200
200 201
200 202
202 203
200 204
204 205
200 206
206 207
207 208
206 209
200 210
210 211
180 212
212 213
213 214
214 215
214 216
216 217
214 218
218 219
219 220
218 221
214 222
222 223
214 224
224 225
170 226
226 227
227 228
228 229
229 230
230 231
231 232
230 233
233 234
229 235
235 236
228 237
237 238
238 239
237 240
240 241
241 242
240 243
243 244
227 245
245 246
246 247
247 248
247 249
249 250
247 251
251 252
252 253
251 254
247 255
255 256
247 257
257 258
227 259
259 260
260 261
261 262
261 263
263 264
261 265
265 266
261 267
267 268
268 269
267 270
261 271
271 272
1 273
273 274
273 275
273 276
276 277
277 278
276 279
273 280
280 281
280 282
273 283
283 284
283 285
273 286
273 287
287 288
288 289
289 290
290 291
291 292
290 293
293 294
289 295
295 296
296 297
295 298
298 299
