0 1
1 2
1 3
3 4
3 5
3 6
6 7
7 8
8 9
6 10
3 11
11 12
3 13
13 14
14 15
15 16
15 17
17 18
1 19
19 20
19 21
19 22
22 23
23 24
24 25
22 26
19 27
27 28
19 29
29 30
30 31
31 32
32 33
33 34
32 35
31 36
30 37
37 38
38 39
29 40
40 41
41 42
42 43
43 44
43 45
45 46
42 47
42 48
48 49
49 50
49 51
51 52
48 53
53 54
54 55
54 56
53 57
57 58
57 59
53 60
60 61
61 62
62 63
63 64
64 65
63 66
62 67
67 68
68 69
67 70
29 71
71 72
72 73
73 74
73 75
73 76
71 77
77 78
78 79
77 80
80 81
81 82
80 83
71 84
84 85
85 86
71 87
87 88
88 89
89 90
90 91
91 92
90 93
93 94
89 95
88 96
96 97
97 98
98 99
99 100
98 101
98 102
102 103
103 104
102 105
105 106
29 107
107 108
108 109
109 110
110 111
109 112
109 113
29 114
114 115
115 116
116 117
117 118
116 119
116 120
29 121
121 122
122 123
123 124
124 125
123 126
122 127
121 128
128 129
129 130
130 131
131 132
132 133
131 134
131 135
135 136
136 137
135 138
128 139
139 140
140 141
141 142
142 143
141 144
141 145
145 146
146 147
145 148
128 149
149 150
150 151
151 152
150 153
149 154
154 155
155 156
156 157
157 158
156 159
156 160
160 161
128 162
162 163
163 164
164 165
163 166
162 167
167 168
168 169
169 170
170 171
169 172
172 173
167 174
174 175
175 176
176 177
175 178
178 179
162 180
180 181
181 182
182 183
183 184
184 185
183 186
182 187
187 188
180 189
189 190
190 191
191 192
190 193
193 194
194 195
193 196
29 197
197 198
198 199
