0 1
1 2
1 3
3 4
3 5
3 6
6 7
7 8
8 9
6 10
3 11
11 12
3 13
13 14
14 15
15 16
16 17
17 18
16 19
15 20
14 21
21 22
13 23
23 24
24 25
25 26
25 27
25 28
28 29
29 30
28 31
13 32
32 33
33 34
34 35
34 36
34 37
13 38
38 39
39 40
40 41
41 42
40 43
40 44
44 45
45 46
44 47
13 48
48 49
49 50
50 51
51 52
50 53
50 54
54 55
13 56
56 57
57 58
58 59
59 60
58 61
58 62
13 63
63 64
64 65
65 66
65 67
65 68
13 69
69 70
70 71
71 72
70 73
69 74
74 75
75 76
76 77
75 78
78 79
79 80
80 81
81 82
82 83
81 84
80 85
85 86
86 87
85 88
88 89
89 90
88 91
79 92
92 93
93 94
94 95
95 96
94 97
97 98
98 99
97 100
100 101
92 102
102 103
103 104
104 105
103 106
79 107
107 108
108 109
109 110
110 111
109 112
112 113
113 114
112 115
108 116
116 117
117 118
116 119
107 120
120 121
107 122
122 123
123 124
124 125
125 126
124 127
127 128
128 129
127 130
78 131
131 132
132 133
133 134
132 135
131 136
136 137
78 138
138 139
139 140
140 141
139 142
74 143
143 144
144 145
145 146
146 147
147 148
146 149
145 150
144 151
151 152
152 153
153 154
152 155
151 156
156 157
157 158
158 159
157 160
156 161
143 162
162 163
163 164
164 165
165 166
166 167
165 168
165 169
169 170
170 171
169 172
162 173
173 174
174 175
175 176
176 177
175 178
175 179
179 180
180 181
179 182
162 183
183 184
184 185
185 186
186 187
185 188
184 189
189 190
162 191
191 192
192 193
193 194
194 195
193 196
192 197
197 198
162 199
199 200
200 201
201 202
200 203
203 204
162 205
205 206
206 207
207 208
206 209
205 210
210 211
211 212
212 213
213 214
212 215
162 216
216 217
217 218
218 219
217 220
220 221
143 222
222 223
223 224
224 225
225 226
224 227
227 228
228 229
227 230
13 231
231 232
232 233
233 234
232 235
