0 1
1 2
1 3
3 4
3 5
3 6
6 7
7 8
8 9
6 10
3 11
11 12
3 13
13 14
14 15
15 16
16 17
17 18
17 19
19 20
16 21
16 22
22 23
23 24
22 25
22 26
26 27
27 28
27 29
29 30
26 31
31 32
31 33
31 34
34 35
35 36
34 37
31 38
38 39
39 40
38 41
31 42
31 43
43 44
44 45
45 46
46 47
47 48
46 49
45 50
50 51
51 52
50 53
13 54
54 55
55 56
56 57
57 58
58 59
56 60
56 61
61 62
62 63
61 64
64 65
65 66
66 67
65 68
13 69
69 70
70 71
71 72
71 73
71 74
69 75
75 76
76 77
75 78
78 79
79 80
78 81
69 82
82 83
83 84
69 85
85 86
86 87
87 88
88 89
89 90
88 91
91 92
87 93
93 94
94 95
93 96
96 97
85 98
98 99
99 100
100 101
101 102
100 103
103 104
99 105
98 106
106 107
107 108
108 109
107 110
107 111
111 112
112 113
111 114
114 115
13 116
116 117
117 118
118 119
119 120
118 121
118 122
13 123
123 124
124 125
125 126
126 127
125 128
125 129
13 130
130 131
131 132
132 133
133 134
132 135
130 136
136 137
137 138
138 139
139 140
140 141
139 142
139 143
143 144
144 145
143 146
136 147
147 148
148 149
149 150
148 151
147 152
152 153
153 154
154 155
155 156
154 157
157 158
152 159
159 160
160 161
161 162
160 163
163 164
147 165
165 166
166 167
167 168
168 169
169 170
168 171
167 172
172 173
165 174
174 175
175 176
176 177
175 178
178 179
179 180
178 181
136 182
182 183
183 184
184 185
185 186
184 187
183 188
182 189
189 190
190 191
191 192
192 193
191 194
191 195
195 196
196 197
195 198
13 199
199 200
200 201
