0 1
1 2
1 3
3 4
3 5
3 6
6 7
7 8
8 9
6 10
3 11
11 12
3 13
13 14
14 15
15 16
16 17
17 18
16 19
16 20
20 21
21 22
20 23
13 24
24 25
25 26
26 27
27 28
26 29
26 30
30 31
13 32
32 33
32 34
34 35
35 36
36 37
37 38
38 39
37 40
37 41
34 42
42 43
43 44
44 45
45 46
44 47
44 48
34 49
49 50
50 51
51 52
51 53
51 54
49 55
55 56
56 57
55 58
58 59
59 60
58 61
49 62
62 63
63 64
49 65
65 66
66 67
67 68
68 69
69 70
68 71
68 72
72 73
73 74
72 75
75 76
65 77
77 78
78 79
79 80
78 81
77 82
65 83
83 84
84 85
85 86
86 87
85 88
84 89
89 90
90 91
91 92
90 93
89 94
94 95
95 96
94 97
83 98
98 99
99 100
100 101
101 102
100 103
103 104
98 105
105 106
106 107
107 108
106 109
109 110
34 111
111 112
112 113
113 114
112 115
111 116
116 117
34 118
118 119
119 120
120 121
121 122
120 123
119 124
124 125
34 126
126 127
127 128
128 129
127 130
130 131
131 132
130 133
34 134
134 135
135 136
136 137
137 138
136 139
139 140
135 141
141 142
142 143
143 144
142 145
145 146
141 147
13 148
148 149
149 150
150 151
149 152
