0 1
1 2
1 3
3 4
3 5
3 6
6 7
7 8
8 9
6 10
3 11
11 12
3 13
13 14
14 15
15 16
16 17
17 18
16 19
15 20
20 21
21 22
22 23
21 24
20 25
14 26
26 27
27 28
13 29
29 30
30 31
30 32
32 33
30 34
30 35
35 36
36 37
37 38
36 39
35 40
1 41
41 42
41 43
41 44
44 45
45 46
46 47
44 48
41 49
49 50
49 51
41 52
52 53
52 54
41 55
55 56
41 57
57 58
58 59
59 60
60 61
59 62
62 63
58 64
64 65
65 66
66 67
67 68
66 69
69 70
57 71
71 72
72 73
73 74
73 75
73 76
76 77
77 78
76 79
79 80
80 81
81 82
82 83
81 84
84 85
79 86
57 87
87 88
88 89
89 90
90 91
89 92
89 93
93 94
93 95
95 96
93 97
97 98
93 99
99 100
57 101
101 102
102 103
103 104
104 105
103 106
103 107
107 108
107 109
109 110
107 111
111 112
112 113
111 114
107 115
115 116
57 117
117 118
118 119
118 120
120 121
118 122
122 123
1 124
124 125
124 126
124 127
127 128
128 129
127 130
124 131
131 132
132 133
131 134
124 135
135 136
124 137
137 138
138 139
139 140
140 141
141 142
140 143
140 144
144 145
145 146
137 147
147 148
148 149
149 150
150 151
149 152
149 153
153 154
137 155
155 156
156 157
157 158
158 159
157 160
156 161
161 162
162 163
161 164
155 165
165 166
166 167
167 168
168 169
169 170
168 171
167 172
172 173
173 174
172 175
166 176
176 177
177 178
178 179
179 180
180 181
179 182
178 183
183 184
176 185
185 186
186 187
187 188
186 189
189 190
190 191
189 192
166 193
193 194
194 195
195 196
196 197
197 198
196 199
195 200
200 201
193 202
202 203
203 204
204 205
203 206
206 207
207 208
206 209
165 210
210 211
211 212
212 213
211 214
214 215
215 216
214 217
137 218
218 219
219 220
220 221
219 222
218 223
223 224
224 225
225 226
226 227
227 228
226 229
225 230
230 231
137 232
232 233
233 234
234 235
233 236
232 237
237 238
238 239
239 240
240 241
241 242
240 243
239 244
244 245
137 246
246 247
247 248
248 249
247 250
