0 1
1 2
1 3
3 4
3 5
3 6
6 7
7 8
8 9
6 10
3 11
11 12
3 13
13 14
14 15
15 16
16 17
17 18
16 19
15 20
14 21
21 22
13 23
23 24
24 25
25 26
26 27
26 28
28 29
25 30
25 31
31 32
32 33
13 34
34 35
35 36
36 37
36 38
36 39
34 40
40 41
41 42
40 43
43 44
44 45
43 46
34 47
47 48
48 49
34 50
50 51
51 52
52 53
53 54
54 55
53 56
53 57
57 58
58 59
57 60
60 61
50 62
62 63
63 64
64 65
63 66
62 67
67 68
68 69
69 70
70 71
69 72
69 73
73 74
74 75
73 76
67 77
77 78
78 79
79 80
78 81
81 82
82 83
81 84
13 85
85 86
86 87
87 88
86 89
86 90
90 91
13 92
92 93
93 94
94 95
95 96
94 97
94 98
98 99
99 100
98 101
13 102
102 103
103 104
104 105
105 106
104 107
104 108
108 109
13 110
110 111
111 112
112 113
112 114
112 115
110 116
116 117
117 118
116 119
119 120
120 121
119 122
110 123
123 124
124 125
110 126
126 127
127 128
128 129
129 130
130 131
129 132
129 133
133 134
134 135
133 136
136 137
137 138
136 139
136 140
140 141
126 142
142 143
143 144
144 145
145 146
144 147
143 148
148 149
126 150
150 151
151 152
152 153
151 154
154 155
155 156
154 157
13 158
158 159
159 160
160 161
159 162
