0 1
1 2
1 3
3 4
3 5
3 6
6 7
7 8
8 9
6 10
3 11
11 12
3 13
13 14
14 15
15 16
16 17
17 18
17 19
19 20
16 21
16 22
22 23
23 24
13 25
25 26
26 27
27 28
27 29
27 30
13 31
31 32
32 33
33 34
34 35
33 36
31 37
37 38
31 39
39 40
40 41
41 42
42 43
41 44
40 45
45 46
46 47
47 48
48 49
47 50
47 51
51 52
52 53
51 54
45 55
55 56
56 57
57 58
56 59
59 60
60 61
59 62
13 63
63 64
64 65
65 66
64 67
64 68
68 69
13 70
70 71
71 72
72 73
73 74
72 75
72 76
76 77
77 78
13 79
79 80
80 81
81 82
82 83
81 84
81 85
85 86
13 87
87 88
88 89
89 90
89 91
87 92
92 93
87 94
94 95
95 96
96 97
97 98
98 99
97 100
96 101
101 102
102 103
101 104
104 105
94 106
106 107
107 108
108 109
107 110
110 111
111 112
110 113
13 114
114 115
115 116
116 117
115 118
