0 1
1 2
1 3
3 4
3 5
3 6
6 7
7 8
8 9
6 10
3 11
11 12
3 13
13 14
14 15
15 16
15 17
17 18
17 19
17 20
20 21
21 22
20 23
13 24
24 25
25 26
26 27
25 28
24 29
29 30
13 31
31 32
32 33
33 34
34 35
33 36
33 37
37 38
38 39
37 40
13 41
41 42
42 43
43 44
43 45
43 46
41 47
47 48
48 49
47 50
50 51
41 52
52 53
53 54
41 55
55 56
56 57
57 58
58 59
57 60
60 61
60 62
62 63
60 64
64 65
65 66
64 67
67 68
13 69
69 70
70 71
1 72
72 73
72 74
72 75
75 76
76 77
75 78
72 79
79 80
80 81
79 82
72 83
83 84
72 85
85 86
86 87
87 88
87 89
89 90
90 91
89 92
89 93
93 94
94 95
85 96
96 97
97 98
98 99
99 100
98 101
98 102
102 103
85 104
104 105
105 106
106 107
107 108
106 109
105 110
110 111
111 112
110 113
104 114
114 115
115 116
116 117
117 118
118 119
117 120
116 121
121 122
122 123
121 124
115 125
125 126
126 127
127 128
128 129
129 130
128 131
127 132
132 133
125 134
134 135
135 136
136 137
135 138
138 139
139 140
138 141
115 142
142 143
143 144
144 145
145 146
146 147
145 148
144 149
149 150
142 151
151 152
152 153
153 154
152 155
155 156
156 157
155 158
114 159
159 160
160 161
161 162
160 163
163 164
164 165
163 166
85 167
167 168
168 169
169 170
168 171
167 172
172 173
173 174
174 175
175 176
176 177
175 178
174 179
179 180
167 181
181 182
182 183
183 184
184 185
185 186
184 187
183 188
188 189
85 190
190 191
191 192
192 193
191 194
