0 1
1 2
1 3
3 4
3 5
3 6
6 7
7 8
8 9
6 10
3 11
11 12
3 13
13 14
14 15
15 16
16 17
17 18
16 19
16 20
20 21
21 22
13 23
23 24
24 25
25 26
26 27
25 28
25 29
29 30
13 31
31 32
32 33
33 34
34 35
34 36
36 37
33 38
33 39
39 40
40 41
39 42
42 43
43 44
42 45
42 46
46 47
47 48
47 49
46 50
50 51
51 52
52 53
51 54
13 55
55 56
56 57
57 58
58 59
57 60
55 61
61 62
55 63
63 64
64 65
65 66
66 67
65 68
64 69
69 70
70 71
71 72
70 73
70 74
74 75
13 76
76 77
77 78
78 79
79 80
78 81
76 82
82 83
83 84
84 85
85 86
86 87
85 88
85 89
89 90
90 91
89 92
82 93
93 94
94 95
95 96
96 97
95 98
94 99
99 100
82 101
101 102
102 103
103 104
102 105
105 106
106 107
105 108
82 109
109 110
110 111
111 112
110 113
109 114
114 115
115 116
116 117
115 118
115 119
119 120
82 121
121 122
122 123
123 124
122 125
125 126
126 127
125 128
13 129
129 130
130 131
131 132
130 133
