0 1
1 2
1 3
3 4
3 5
3 6
6 7
7 8
8 9
6 10
3 11
11 12
3 13
13 14
14 15
15 16
16 17
16 18
16 19
19 20
20 21
19 22
13 23
23 24
24 25
25 26
24 27
23 28
28 29
29 30
13 31
31 32
32 33
33 34
34 35
33 36
33 37
37 38
38 39
37 40
13 41
41 42
42 43
43 44
43 45
43 46
41 47
47 48
48 49
47 50
50 51
41 52
52 53
53 54
41 55
55 56
56 57
57 58
58 59
59 60
58 61
58 62
62 63
63 64
62 65
65 66
55 67
67 68
68 69
69 70
68 71
71 72
71 73
73 74
71 75
75 76
55 77
55 78
13 79
79 80
80 81
1 82
82 83
82 84
82 85
85 86
86 87
85 88
82 89
89 90
90 91
89 92
82 93
93 94
82 95
95 96
96 97
97 98
98 99
97 100
96 101
101 102
102 103
103 104
95 105
105 106
106 107
107 108
106 109
105 110
110 111
111 112
112 113
95 114
114 115
115 116
116 117
117 118
116 119
116 120
120 121
121 122
120 123
123 124
95 125
125 126
126 127
127 128
128 129
127 130
127 131
131 132
95 133
133 134
134 135
135 136
136 137
135 138
134 139
139 140
140 141
139 142
133 143
143 144
144 145
145 146
146 147
147 148
146 149
145 150
150 151
151 152
150 153
144 154
154 155
155 156
156 157
157 158
158 159
157 160
156 161
161 162
154 163
163 164
164 165
165 166
164 167
167 168
168 169
167 170
144 171
171 172
172 173
173 174
174 175
175 176
174 177
173 178
178 179
171 180
180 181
181 182
182 183
181 184
184 185
185 186
184 187
143 188
188 189
189 190
190 191
189 192
192 193
193 194
192 195
95 196
196 197
197 198
198 199
197 200
196 201
201 202
202 203
203 204
204 205
205 206
204 207
203 208
208 209
95 210
210 211
211 212
212 213
211 214
210 215
215 216
216 217
217 218
218 219
219 220
218 221
217 222
222 223
95 224
224 225
225 226
226 227
225 228
