0 1
1 2
1 3
3 4
3 5
3 6
6 7
7 8
8 9
6 10
3 11
11 12
3 13
13 14
14 15
15 16
16 17
17 18
16 19
15 20
14 21
21 22
13 23
23 24
24 25
25 26
26 27
25 28
24 29
23 30
30 31
31 32
32 33
31 34
13 35
35 36
36 37
36 38
38 39
36 40
36 41
41 42
42 43
43 44
42 45
41 46
13 47
13 48
13 49
13 50
1 51
51 52
51 53
53 54
54 55
55 56
53 57
51 58
58 59
58 60
51 61
61 62
61 63
51 64
64 65
51 66
66 67
67 68
68 69
69 70
68 71
71 72
67 73
73 74
74 75
75 76
76 77
75 78
78 79
66 80
80 81
81 82
82 83
82 84
82 85
85 86
86 87
85 88
88 89
89 90
90 91
91 92
90 93
93 94
88 95
66 96
96 97
97 98
98 99
99 100
98 101
98 102
102 103
102 104
104 105
102 106
106 107
102 108
108 109
66 110
110 111
111 112
112 113
113 114
112 115
112 116
116 117
116 118
118 119
116 120
120 121
121 122
120 123
116 124
124 125
66 126
126 127
127 128
127 129
129 130
127 131
131 132
1 133
133 134
133 135
135 136
136 137
135 138
133 139
139 140
140 141
139 142
133 143
143 144
133 145
145 146
146 147
147 148
148 149
149 150
148 151
147 152
152 153
153 154
152 155
146 156
156 157
157 158
158 159
159 160
158 161
157 162
162 163
157 164
164 165
145 166
166 167
167 168
168 169
169 170
168 171
168 172
172 173
173 174
145 175
175 176
176 177
177 178
178 179
177 180
177 181
181 182
145 183
183 184
184 185
185 186
186 187
185 188
184 189
189 190
190 191
189 192
183 193
193 194
194 195
195 196
196 197
197 198
196 199
195 200
200 201
201 202
200 203
194 204
204 205
205 206
206 207
207 208
208 209
207 210
206 211
211 212
204 213
213 214
214 215
215 216
214 217
217 218
218 219
217 220
194 221
221 222
222 223
223 224
224 225
225 226
224 227
223 228
228 229
221 230
230 231
231 232
232 233
231 234
234 235
235 236
234 237
193 238
238 239
239 240
240 241
239 242
242 243
243 244
242 245
145 246
246 247
247 248
248 249
249 250
248 251
247 252
252 253
253 254
254 255
253 256
252 257
257 258
252 259
259 260
145 261
261 262
262 263
263 264
262 265
