0 1
1 2
1 3
3 4
3 5
3 6
6 7
7 8
8 9
6 10
3 11
11 12
3 13
13 14
14 15
15 16
16 17
16 18
16 19
19 20
20 21
19 22
13 23
23 24
24 25
25 26
24 27
23 28
28 29
29 30
13 31
31 32
32 33
32 34
32 35
35 36
36 37
35 38
32 39
39 40
1 41
41 42
41 43
41 44
44 45
44 46
41 47
47 48
47 49
41 50
50 51
51 52
52 53
50 54
41 55
55 56
41 57
57 58
58 59
59 60
60 61
59 62
62 63
58 64
64 65
65 66
66 67
67 68
66 69
69 70
57 71
71 72
72 73
73 74
72 75
75 76
71 77
77 78
78 79
57 80
80 81
81 82
82 83
82 84
82 85
85 86
86 87
85 88
88 89
89 90
90 91
91 92
90 93
93 94
88 95
57 96
96 97
97 98
98 99
99 100
98 101
98 102
102 103
102 104
104 105
102 106
106 107
102 108
108 109
57 110
110 111
111 112
112 113
113 114
112 115
112 116
116 117
116 118
118 119
119 120
118 121
116 122
122 123
116 124
124 125
57 126
126 127
127 128
127 129
129 130
127 131
131 132
1 133
133 134
133 135
133 136
136 137
137 138
136 139
133 140
140 141
141 142
140 143
133 144
144 145
133 146
146 147
147 148
148 149
149 150
148 151
147 152
152 153
153 154
146 155
155 156
156 157
157 158
156 159
155 160
160 161
161 162
146 163
163 164
164 165
165 166
166 167
165 168
164 169
169 170
170 171
169 172
163 173
173 174
174 175
175 176
176 177
177 178
176 179
175 180
180 181
180 182
182 183
183 184
182 185
180 186
186 187
173 188
188 189
189 190
163 191
191 192
192 193
193 194
194 195
195 196
194 197
193 198
198 199
198 200
200 201
198 202
202 203
203 204
202 205
191 206
206 207
207 208
