0 1
1 2
1 3
3 4
3 5
5 6
6 7
5 8
3 9
9 10
10 11
9 12
3 13
13 14
3 15
15 16
16 17
17 18
18 19
19 20
18 21
18 22
22 23
23 24
22 25
15 26
26 27
27 28
28 29
29 30
28 31
28 32
32 33
15 34
34 35
35 36
36 37
37 38
36 39
35 40
40 41
41 42
40 43
34 44
44 45
45 46
46 47
47 48
48 49
47 50
46 51
51 52
52 53
51 54
45 55
55 56
56 57
57 58
58 59
59 60
58 61
57 62
62 63
55 64
64 65
65 66
66 67
65 68
68 69
69 70
68 71
45 72
72 73
73 74
74 75
75 76
76 77
75 78
74 79
79 80
72 81
81 82
82 83
83 84
82 85
85 86
86 87
85 88
44 89
89 90
90 91
91 92
90 93
93 94
94 95
93 96
15 97
97 98
98 99
99 100
98 101
97 102
102 103
103 104
104 105
105 106
106 107
105 108
104 109
109 110
102 111
111 112
112 113
113 114
112 115
115 116
116 117
115 118
102 119
119 120
120 121
121 122
120 123
123 124
124 125
123 126
15 127
127 128
128 129
129 130
128 131
127 132
132 133
133 134
134 135
135 136
136 137
135 138
134 139
139 140
132 141
141 142
142 143
143 144
142 145
145 146
146 147
145 148
132 149
149 150
150 151
151 152
150 153
153 154
154 155
153 156
15 157
157 158
158 159
159 160
158 161
1 162
162 163
162 164
162 165
165 166
166 167
167 168
165 169
162 170
170 171
162 172
172 173
173 174
174 175
175 176
176 177
175 178
174 179
173 180
180 181
181 182
172 183
183 184
184 185
185 186
185 187
185 188
188 189
189 190
190 191
189 192
188 193
172 194
194 195
195 196
196 197
195 198
194 199
199 200
200 201
201 202
202 203
202 204
202 205
199 206
206 207
207 208
208 209
208 210
208 211
211 212
199 213
213 214
214 215
215 216
214 217
217 218
213 219
219 220
220 221
221 222
222 223
223 224
222 225
225 226
221 227
227 228
227 229
229 230
230 231
229 232
232 233
227 234
234 235
235 236
234 237
237 238
219 239
239 240
240 241
241 242
219 243
243 244
244 245
245 246
219 247
247 248
248 249
249 250
172 251
251 252
252 253
253 254
252 255
255 256
