0 1
1 2
1 3
3 4
3 5
3 6
6 7
7 8
6 9
3 10
10 11
10 12
12 13
3 14
14 15
15 16
16 17
17 18
18 19
18 20
20 21
17 22
17 23
23 24
24 25
14 26
26 27
27 28
28 29
29 30
29 31
31 32
28 33
28 34
34 35
35 36
14 37
37 38
38 39
39 40
38 41
37 42
42 43
43 44
44 45
43 46
43 47
47 48
14 49
49 50
50 51
51 52
52 53
51 54
49 55
55 56
56 57
57 58
58 59
58 60
58 61
57 62
62 63
62 64
62 65
55 66
66 67
67 68
68 69
68 70
68 71
71 72
72 73
71 74
55 75
75 76
76 77
77 78
77 79
77 80
75 81
81 82
82 83
81 84
84 85
75 86
86 87
87 88
75 89
89 90
90 91
91 92
92 93
93 94
92 95
92 96
96 97
97 98
96 99
89 100
100 101
101 102
102 103
101 104
104 105
105 106
104 107
89 108
108 109
109 110
110 111
89 112
112 113
113 114
114 115
115 116
114 117
113 118
112 119
119 120
120 121
121 122
120 123
120 124
124 125
125 126
124 127
89 128
128 129
129 130
130 131
131 132
130 133
129 134
128 135
135 136
136 137
137 138
136 139
136 140
140 141
141 142
140 143
55 144
144 145
145 146
146 147
145 148
145 149
149 150
150 151
151 152
150 153
149 154
154 155
14 156
156 157
157 158
