0 1
1 2
1 3
3 4
3 5
3 6
6 7
7 8
6 9
3 10
10 11
10 12
12 13
3 14
14 15
15 16
16 17
17 18
18 19
18 20
20 21
17 22
17 23
23 24
24 25
14 26
26 27
27 28
28 29
29 30
28 31
28 32
14 33
33 34
34 35
35 36
36 37
36 38
38 39
35 40
35 41
41 42
42 43
14 44
44 45
45 46
46 47
45 48
45 49
49 50
14 51
51 52
52 53
53 54
54 55
53 56
52 57
51 58
58 59
59 60
60 61
61 62
60 63
58 64
64 65
65 66
66 67
66 68
66 69
69 70
70 71
69 72
58 73
73 74
74 75
75 76
75 77
75 78
73 79
79 80
80 81
79 82
82 83
73 84
84 85
85 86
73 87
87 88
88 89
89 90
90 91
91 92
90 93
90 94
94 95
95 96
94 97
87 98
98 99
99 100
100 101
99 102
102 103
103 104
102 105
105 106
106 107
105 108
87 109
109 110
110 111
111 112
112 113
111 114
110 115
109 116
116 117
117 118
118 119
117 120
117 121
121 122
122 123
121 124
87 125
125 126
126 127
127 128
128 129
127 130
126 131
125 132
132 133
133 134
134 135
133 136
133 137
137 138
138 139
137 140
58 141
141 142
142 143
143 144
142 145
142 146
146 147
147 148
146 149
149 150
14 151
151 152
152 153
