0 1
1 2
1 3
3 4
3 5
3 6
6 7
7 8
6 9
3 10
10 11
10 12
12 13
3 14
14 15
15 16
16 17
17 18
18 19
18 20
20 21
17 22
17 23
23 24
24 25
14 26
26 27
27 28
28 29
27 30
26 31
31 32
32 33
33 34
14 35
35 36
36 37
37 38
38 39
38 40
40 41
37 42
37 43
43 44
44 45
14 46
46 47
47 48
48 49
47 50
47 51
51 52
14 53
53 54
54 55
55 56
56 57
55 58
53 59
59 60
60 61
61 62
62 63
62 64
62 65
65 66
66 67
65 68
59 69
69 70
70 71
71 72
71 73
71 74
59 75
75 76
76 77
77 78
77 79
77 80
75 81
81 82
82 83
81 84
84 85
75 86
86 87
87 88
75 89
89 90
90 91
91 92
92 93
93 94
92 95
92 96
96 97
97 98
96 99
89 100
100 101
101 102
102 103
101 104
104 105
105 106
104 107
89 108
108 109
109 110
110 111
111 112
110 113
109 114
108 115
115 116
116 117
117 118
118 119
117 120
117 121
121 122
122 123
121 124
89 125
125 126
126 127
127 128
128 129
127 130
126 131
125 132
132 133
133 134
134 135
135 136
134 137
134 138
138 139
139 140
138 141
59 142
142 143
143 144
144 145
143 146
143 147
147 148
148 149
148 150
150 151
147 152
152 153
14 154
154 155
155 156
