0 1
1 2
1 3
3 4
3 5
3 6
6 7
7 8
6 9
3 10
10 11
10 12
12 13
3 14
14 15
15 16
16 17
17 18
18 19
18 20
20 21
17 22
17 23
23 24
24 25
14 26
26 27
27 28
28 29
29 30
29 31
31 32
28 33
28 34
34 35
35 36
14 37
37 38
38 39
39 40
38 41
38 42
42 43
14 44
44 45
45 46
46 47
47 48
46 49
45 50
44 51
51 52
52 53
53 54
54 55
54 56
54 57
57 58
58 59
57 60
51 61
61 62
62 63
63 64
63 65
63 66
51 67
67 68
68 69
69 70
69 71
69 72
67 73
73 74
74 75
73 76
76 77
67 78
78 79
79 80
67 81
81 82
82 83
83 84
84 85
85 86
84 87
84 88
88 89
89 90
88 91
81 92
92 93
93 94
94 95
95 96
94 97
93 98
92 99
99 100
100 101
101 102
100 103
100 104
104 105
105 106
104 107
81 108
108 109
109 110
110 111
111 112
110 113
109 114
108 115
115 116
116 117
117 118
116 119
116 120
120 121
121 122
120 123
81 124
124 125
125 126
126 127
125 128
128 129
129 130
128 131
81 132
132 133
133 134
134 135
133 136
133 137
137 138
51 139
139 140
140 141
141 142
140 143
140 144
144 145
145 146
144 147
147 148
14 149
149 150
150 151
