0 1
1 2
1 3
3 4
3 5
3 6
6 7
7 8
6 9
3 10
10 11
10 12
3 13
3 14
14 15
15 16
16 17
17 18
16 19
16 20
20 21
14 22
22 23
23 24
24 25
24 26
24 27
27 28
28 29
27 30
14 31
31 32
32 33
33 34
33 35
33 36
36 37
37 38
36 39
14 40
40 41
41 42
42 43
42 44
42 45
40 46
46 47
47 48
46 49
49 50
50 51
51 52
50 53
49 54
40 55
55 56
56 57
40 58
58 59
59 60
60 61
61 62
61 63
61 64
64 65
65 66
64 67
58 68
68 69
69 70
70 71
70 72
70 73
73 74
74 75
75 76
74 77
73 78
58 79
79 80
80 81
81 82
80 83
83 84
79 85
85 86
86 87
87 88
88 89
88 90
88 91
91 92
92 93
93 94
94 95
93 96
96 97
92 98
98 99
99 100
98 101
101 102
91 103
103 104
104 105
103 106
106 107
85 108
108 109
109 110
110 111
110 112
110 113
113 114
114 115
113 116
113 117
117 118
118 119
117 120
120 121
85 122
122 123
123 124
124 125
123 126
126 127
122 128
128 129
129 130
130 131
131 132
130 133
133 134
128 135
135 136
136 137
137 138
136 139
139 140
85 141
141 142
142 143
143 144
142 145
145 146
141 147
147 148
148 149
149 150
150 151
141 152
152 153
153 154
154 155
155 156
14 157
157 158
158 159
