0 1
1 2
1 3
3 4
3 5
3 6
6 7
7 8
6 9
3 10
10 11
10 12
3 13
3 14
14 15
15 16
16 17
17 18
16 19
16 20
20 21
14 22
22 23
23 24
24 25
24 26
24 27
27 28
28 29
27 30
14 31
31 32
32 33
33 34
33 35
33 36
36 37
14 38
38 39
39 40
40 41
40 42
40 43
43 44
44 45
43 46
14 47
47 48
48 49
49 50
49 51
49 52
47 53
53 54
54 55
53 56
56 57
57 58
56 59
47 60
60 61
61 62
47 63
63 64
64 65
65 66
66 67
66 68
66 69
69 70
70 71
69 72
63 73
73 74
74 75
75 76
75 77
75 78
78 79
79 80
78 81
63 82
82 83
83 84
84 85
83 86
86 87
82 88
88 89
89 90
90 91
91 92
91 93
91 94
94 95
95 96
96 97
97 98
96 99
99 100
95 101
101 102
102 103
101 104
104 105
94 106
106 107
107 108
106 109
109 110
88 111
111 112
112 113
113 114
112 115
115 116
116 117
115 118
115 119
119 120
120 121
119 122
122 123
111 124
124 125
125 126
126 127
127 128
126 129
129 130
130 131
129 132
129 133
133 134
134 135
133 136
136 137
124 138
138 139
139 140
140 141
139 142
142 143
88 144
144 145
145 146
146 147
145 148
148 149
144 150
150 151
151 152
144 153
153 154
154 155
155 156
154 157
157 158
153 159
159 160
160 161
161 162
153 163
163 164
164 165
165 166
14 167
167 168
168 169
