0 1
1 2
1 3
3 4
3 5
3 6
6 7
7 8
6 9
3 10
10 11
3 12
12 13
13 14
14 15
15 16
16 17
15 18
14 19
19 20
20 21
21 22
20 23
19 24
13 25
25 26
26 27
12 28
28 29
29 30
30 31
30 32
30 33
29 34
34 35
34 36
34 37
12 38
38 39
39 40
40 41
40 42
40 43
38 44
44 45
45 46
44 47
47 48
48 49
47 50
38 51
51 52
52 53
38 54
54 55
55 56
56 57
57 58
57 59
57 60
60 61
60 62
62 63
60 64
64 65
60 66
66 67
54 68
68 69
69 70
70 71
70 72
70 73
73 74
73 75
75 76
73 77
77 78
73 79
79 80
80 81
79 82
54 83
83 84
84 85
85 86
85 87
85 88
88 89
89 90
88 91
88 92
92 93
88 94
94 95
54 96
96 97
97 98
98 99
97 100
100 101
101 102
100 103
103 104
96 105
105 106
106 107
107 108
108 109
107 110
110 111
111 112
110 113
113 114
114 115
115 116
116 117
115 118
113 119
105 120
120 121
121 122
122 123
121 124
124 125
125 126
124 127
127 128
128 129
127 130
12 131
131 132
132 133
133 134
132 135
132 136
136 137
132 138
138 139
139 140
138 141
1 142
142 143
142 144
142 145
145 146
146 147
145 148
142 149
149 150
149 151
142 152
152 153
152 154
142 155
142 156
156 157
157 158
158 159
159 160
160 161
161 162
160 163
159 164
164 165
165 166
164 167
167 168
168 169
167 170
158 171
171 172
172 173
173 174
172 175
172 176
176 177
171 178
178 179
179 180
178 181
178 182
182 183
157 184
184 185
185 186
186 187
187 188
184 189
189 190
190 191
191 192
156 193
193 194
194 195
195 196
196 197
195 198
198 199
194 200
1 201
201 202
201 203
201 204
201 205
205 206
206 207
207 208
205 209
201 210
201 211
211 212
212 213
213 214
214 215
215 216
214 217
214 218
218 219
219 220
211 221
221 222
222 223
223 224
224 225
223 226
223 227
211 228
228 229
229 230
230 231
231 232
230 233
230 234
211 235
235 236
236 237
237 238
238 239
237 240
236 241
236 242
242 243
243 244
242 245
242 246
246 247
211 248
248 249
249 250
250 251
251 252
250 253
249 254
249 255
255 256
256 257
255 258
255 259
259 260
