0 1
1 2
1 3
3 4
3 5
3 6
6 7
7 8
6 9
3 10
10 11
3 12
12 13
13 14
14 15
15 16
15 17
15 18
18 19
19 20
18 21
12 22
22 23
23 24
24 25
23 26
22 27
27 28
28 29
12 30
30 31
31 32
32 33
32 34
32 35
31 36
36 37
36 38
36 39
12 40
40 41
41 42
42 43
42 44
42 45
41 46
46 47
46 48
46 49
12 50
50 51
51 52
52 53
52 54
52 55
50 56
56 57
57 58
56 59
59 60
60 61
59 62
50 63
63 64
64 65
50 66
66 67
67 68
68 69
69 70
68 71
71 72
72 73
71 74
66 75
75 76
76 77
77 78
76 79
79 80
80 81
79 82
66 83
83 84
84 85
85 86
86 87
87 88
86 89
85 90
90 91
91 92
90 93
93 94
84 95
95 96
96 97
97 98
96 99
96 100
100 101
95 102
102 103
103 104
102 105
102 106
106 107
83 108
108 109
109 110
110 111
111 112
112 113
113 114
112 115
115 116
111 117
110 118
118 119
119 120
120 121
119 122
122 123
118 124
109 125
125 126
126 127
127 128
128 129
127 130
130 131
125 132
132 133
133 134
134 135
133 136
136 137
108 138
138 139
139 140
140 141
108 142
142 143
143 144
144 145
66 146
146 147
147 148
148 149
147 150
150 151
66 152
152 153
153 154
154 155
153 156
156 157
157 158
156 159
66 160
160 161
161 162
162 163
163 164
164 165
163 166
162 167
167 168
168 169
167 170
170 171
161 172
172 173
173 174
174 175
173 176
173 177
177 178
172 179
179 180
180 181
179 182
179 183
183 184
160 185
185 186
186 187
187 188
188 189
189 190
190 191
189 192
192 193
188 194
187 195
195 196
196 197
197 198
196 199
199 200
195 201
186 202
202 203
203 204
204 205
205 206
204 207
207 208
202 209
209 210
210 211
211 212
210 213
213 214
185 215
215 216
216 217
217 218
185 219
219 220
220 221
221 222
12 223
223 224
224 225
225 226
224 227
224 228
228 229
224 230
230 231
231 232
230 233
