0 1
1 2
1 3
3 4
3 5
3 6
6 7
7 8
6 9
3 10
10 11
3 12
12 13
13 14
14 15
15 16
16 17
15 18
14 19
13 20
20 21
21 22
22 23
12 24
24 25
25 26
26 27
26 28
26 29
12 30
30 31
31 32
32 33
33 34
32 35
32 36
36 37
37 38
36 39
36 40
36 41
12 42
42 43
43 44
44 45
44 46
44 47
42 48
48 49
49 50
48 51
51 52
52 53
53 54
52 55
51 56
42 57
57 58
58 59
42 60
60 61
61 62
62 63
63 64
63 65
63 66
66 67
67 68
66 69
61 70
70 71
71 72
70 73
73 74
74 75
73 76
61 77
77 78
78 79
61 80
80 81
81 82
82 83
83 84
84 85
85 86
86 87
87 88
86 89
89 90
85 91
83 92
92 93
82 94
94 95
94 96
96 97
94 98
98 99
94 100
100 101
81 102
102 103
103 104
104 105
105 106
104 107
107 108
108 109
109 110
108 111
111 112
107 113
102 114
114 115
115 116
116 117
115 118
118 119
119 120
118 121
118 122
122 123
118 124
124 125
125 126
124 127
12 128
128 129
129 130
1 131
131 132
131 133
131 134
134 135
135 136
134 137
131 138
138 139
138 140
131 141
141 142
141 143
131 144
131 145
145 146
146 147
147 148
148 149
147 150
150 151
146 152
152 153
153 154
154 155
155 156
156 157
155 158
155 159
159 160
154 161
161 162
162 163
161 164
161 165
165 166
153 167
167 168
168 169
152 170
170 171
171 172
172 173
152 174
174 175
175 176
176 177
145 178
178 179
