0 1
1 2
1 3
3 4
3 5
3 6
6 7
7 8
6 9
3 10
10 11
3 12
12 13
13 14
14 15
15 16
16 17
15 18
15 19
12 20
20 21
21 22
22 23
22 24
22 25
12 26
26 27
27 28
28 29
28 30
28 31
31 32
32 33
33 34
32 35
31 36
12 37
37 38
38 39
39 40
39 41
39 42
12 43
43 44
44 45
45 46
45 47
45 48
48 49
44 50
50 51
50 52
50 53
53 54
43 55
55 56
56 57
55 58
58 59
59 60
58 61
43 62
62 63
63 64
43 65
65 66
66 67
67 68
66 69
65 70
70 71
71 72
72 73
72 74
72 75
75 76
71 77
77 78
77 79
77 80
80 81
70 82
82 83
83 84
82 85
85 86
86 87
85 88
70 89
89 90
90 91
70 92
92 93
93 94
70 95
95 96
96 97
97 98
96 99
95 100
100 101
101 102
102 103
102 104
102 105
105 106
95 107
107 108
108 109
109 110
109 111
109 112
112 113
95 114
114 115
114 116
116 117
117 118
118 119
117 120
116 121
121 122
122 123
123 124
122 125
125 126
121 127
127 128
128 129
129 130
130 131
129 132
132 133
133 134
132 135
127 136
136 137
137 138
138 139
137 140
140 141
141 142
140 143
140 144
144 145
140 146
146 147
147 148
146 149
127 150
116 151
151 152
152 153
153 154
154 155
153 156
153 157
157 158
152 159
159 160
160 161
159 162
159 163
163 164
151 165
165 166
166 167
167 168
168 169
165 170
170 171
171 172
172 173
151 174
174 175
12 176
176 177
177 178
