0 1
1 2
1 3
3 4
3 5
3 6
6 7
7 8
6 9
3 10
10 11
3 12
12 13
13 14
14 15
15 16
16 17
15 18
14 19
19 20
20 21
21 22
20 23
19 24
13 25
25 26
26 27
12 28
28 29
29 30
30 31
31 32
30 33
30 34
34 35
34 36
36 37
12 38
38 39
39 40
40 41
40 42
40 43
43 44
44 45
43 46
12 47
47 48
48 49
49 50
49 51
49 52
52 53
53 54
52 55
12 56
56 57
57 58
58 59
59 60
60 61
58 62
58 63
63 64
63 65
65 66
66 67
67 68
66 69
63 70
70 71
71 72
72 73
71 74
12 75
75 76
76 77
77 78
77 79
77 80
12 81
81 82
82 83
83 84
83 85
83 86
12 87
87 88
88 89
89 90
89 91
89 92
87 93
93 94
94 95
93 96
96 97
87 98
98 99
99 100
87 101
101 102
102 103
103 104
104 105
104 106
104 107
102 108
108 109
109 110
108 111
111 112
102 113
113 114
114 115
102 116
116 117
117 118
118 119
119 120
120 121
119 122
119 123
123 124
124 125
123 126
118 127
127 128
128 129
127 130
127 131
131 132
132 133
131 134
117 135
135 136
136 137
137 138
138 139
139 140
140 141
139 142
142 143
138 144
144 145
137 146
146 147
146 148
148 149
149 150
150 151
149 152
152 153
153 154
152 155
148 156
156 157
157 158
156 159
135 160
160 161
161 162
162 163
162 164
162 165
165 166
166 167
165 168
168 169
135 170
170 171
171 172
172 173
173 174
174 175
175 176
174 177
177 178
173 179
179 180
172 181
181 182
171 183
183 184
184 185
185 186
186 187
185 188
188 189
189 190
190 191
189 192
192 193
188 194
194 195
184 196
183 197
197 198
198 199
197 200
170 201
201 202
202 203
203 204
204 205
203 206
206 207
207 208
208 209
207 210
210 211
206 212
212 213
201 214
214 215
215 216
216 217
215 218
218 219
219 220
218 221
117 222
222 223
223 224
224 225
225 226
226 227
227 228
226 229
229 230
225 231
231 232
224 233
12 234
234 235
235 236
236 237
235 238
235 239
239 240
240 241
241 242
240 243
243 244
239 245
235 246
246 247
247 248
246 249
1 250
250 251
250 252
250 253
250 254
254 255
255 256
254 257
250 258
258 259
250 260
260 261
261 262
262 263
263 264
264 265
263 266
263 267
267 268
268 269
267 270
270 271
260 272
272 273
273 274
274 275
275 276
274 277
273 278
