0 1
1 2
1 3
3 4
3 5
3 6
6 7
7 8
6 9
3 10
10 11
3 12
12 13
13 14
14 15
15 16
16 17
15 18
14 19
19 20
20 21
21 22
20 23
19 24
13 25
25 26
12 27
27 28
28 29
29 30
29 31
29 32
32 33
33 34
32 35
12 36
36 37
37 38
38 39
38 40
38 41
37 42
42 43
42 44
42 45
12 46
46 47
47 48
48 49
48 50
48 51
46 52
52 53
53 54
52 55
55 56
46 57
57 58
58 59
46 60
60 61
61 62
62 63
63 64
63 65
63 66
66 67
66 68
68 69
66 70
70 71
66 72
72 73
60 74
74 75
75 76
76 77
76 78
76 79
79 80
79 81
81 82
79 83
83 84
79 85
85 86
86 87
85 88
60 89
89 90
90 91
91 92
91 93
91 94
94 95
95 96
94 97
94 98
98 99
94 100
100 101
60 102
102 103
103 104
104 105
103 106
106 107
102 108
108 109
109 110
110 111
111 112
110 113
113 114
114 115
113 116
116 117
117 118
118 119
119 120
118 121
116 122
108 123
123 124
124 125
125 126
124 127
127 128
12 129
129 130
130 131
131 132
130 133
130 134
134 135
130 136
136 137
137 138
136 139
139 140
1 141
141 142
141 143
141 144
144 145
145 146
144 147
141 148
148 149
148 150
141 151
151 152
151 153
141 154
141 155
155 156
156 157
157 158
158 159
158 160
158 161
161 162
162 163
161 164
155 165
165 166
166 167
167 168
168 169
169 170
168 171
167 172
172 173
173 174
172 175
175 176
166 177
177 178
178 179
179 180
178 181
178 182
182 183
177 184
184 185
185 186
184 187
184 188
188 189
165 190
190 191
191 192
192 193
193 194
190 195
195 196
196 197
197 198
155 199
199 200
200 201
201 202
202 203
201 204
204 205
200 206
