0 1
1 2
1 3
3 4
3 5
3 6
6 7
7 8
6 9
3 10
10 11
3 12
12 13
13 14
14 15
15 16
16 17
15 18
15 19
12 20
20 21
21 22
22 23
23 24
22 25
21 26
20 27
27 28
12 29
29 30
30 31
31 32
31 33
31 34
29 35
35 36
36 37
35 38
38 39
39 40
38 41
29 42
42 43
43 44
29 45
45 46
46 47
47 48
48 49
49 50
48 51
48 52
52 53
52 54
54 55
52 56
56 57
52 58
58 59
45 60
60 61
61 62
62 63
63 64
62 65
62 66
66 67
66 68
68 69
66 70
70 71
66 72
72 73
73 74
72 75
45 76
76 77
77 78
78 79
79 80
78 81
77 82
82 83
83 84
82 85
76 86
86 87
87 88
88 89
89 90
88 91
91 92
45 93
93 94
94 95
95 96
96 97
95 98
94 99
99 100
100 101
99 102
93 103
103 104
104 105
105 106
106 107
105 108
108 109
12 110
110 111
111 112
1 113
113 114
113 115
113 116
116 117
117 118
116 119
113 120
120 121
120 122
113 123
123 124
123 125
113 126
126 127
113 128
128 129
129 130
130 131
131 132
132 133
133 134
132 135
131 136
136 137
137 138
136 139
139 140
140 141
139 142
130 143
143 144
144 145
145 146
144 147
144 148
148 149
143 150
150 151
151 152
150 153
150 154
154 155
129 156
156 157
157 158
158 159
159 160
156 161
161 162
162 163
163 164
128 165
165 166
166 167
167 168
166 169
166 170
170 171
171 172
170 173
166 174
174 175
