0 1
1 2
1 3
3 4
3 5
3 6
6 7
7 8
6 9
3 10
10 11
10 12
12 13
3 14
14 15
15 16
16 17
17 18
17 19
17 20
20 21
21 22
22 23
23 24
22 25
21 26
20 27
14 28
28 29
29 30
30 31
31 32
31 33
33 34
30 35
30 36
36 37
37 38
14 39
39 40
40 41
41 42
42 43
42 44
44 45
42 46
46 47
41 48
41 49
49 50
50 51
14 52
52 53
53 54
54 55
54 56
54 57
52 58
58 59
59 60
58 61
61 62
62 63
61 64
52 65
65 66
66 67
52 68
68 69
69 70
70 71
71 72
70 73
70 74
74 75
75 76
74 77
77 78
70 79
79 80
79 81
81 82
82 83
81 84
81 85
85 86
86 87
85 88
88 89
81 90
68 91
91 92
92 93
93 94
94 95
93 96
93 97
97 98
98 99
97 100
100 101
92 102
102 103
91 104
104 105
105 106
106 107
107 108
106 109
106 110
110 111
111 112
110 113
113 114
14 115
115 116
116 117
