0 1
1 2
1 3
3 4
3 5
3 6
6 7
7 8
6 9
3 10
10 11
10 12
12 13
3 14
14 15
15 16
16 17
17 18
17 19
17 20
16 21
21 22
21 23
21 24
14 25
25 26
26 27
27 28
27 29
27 30
26 31
31 32
31 33
31 34
14 35
35 36
36 37
37 38
37 39
35 40
40 41
35 42
42 43
43 44
44 45
45 46
44 47
47 48
43 49
49 50
50 51
51 52
52 53
43 54
54 55
55 56
56 57
55 58
58 59
54 60
60 61
61 62
62 63
63 64
54 65
65 66
66 67
67 68
68 69
67 70
66 71
71 72
72 73
71 74
74 75
65 76
76 77
77 78
78 79
79 80
78 81
81 82
76 83
83 84
84 85
85 86
65 87
87 88
88 89
89 90
90 91
89 92
88 93
93 94
94 95
93 96
96 97
87 98
98 99
99 100
100 101
101 102
100 103
103 104
98 105
105 106
106 107
107 108
87 109
109 110
110 111
111 112
112 113
109 114
114 115
115 116
116 117
14 118
118 119
119 120
120 121
119 122
14 123
123 124
124 125
125 126
124 127
14 128
128 129
129 130
130 131
130 132
128 133
133 134
128 135
135 136
136 137
137 138
138 139
137 140
140 141
136 142
142 143
143 144
144 145
145 146
136 147
147 148
148 149
149 150
148 151
151 152
147 153
153 154
154 155
155 156
156 157
14 158
158 159
159 160
160 161
161 162
161 163
163 164
160 165
160 166
166 167
167 168
14 169
169 170
170 171
171 172
171 173
171 174
174 175
175 176
174 177
14 178
178 179
179 180
180 181
179 182
182 183
183 184
182 185
178 186
186 187
187 188
188 189
189 190
188 191
188 192
192 193
14 194
194 195
195 196
196 197
195 198
198 199
199 200
198 201
194 202
202 203
203 204
204 205
205 206
204 207
204 208
208 209
14 210
210 211
211 212
