0 1
1 2
1 3
3 4
3 5
3 6
6 7
7 8
6 9
3 10
10 11
10 12
12 13
3 14
14 15
15 16
16 17
17 18
17 19
17 20
20 21
21 22
20 23
14 24
24 25
25 26
26 27
27 28
27 29
29 30
26 31
26 32
32 33
33 34
14 35
35 36
36 37
37 38
37 39
37 40
36 41
41 42
41 43
41 44
36 45
45 46
45 47
45 48
48 49
49 50
48 51
36 52
52 53
52 54
52 55
55 56
56 57
55 58
14 59
59 60
60 61
61 62
61 63
61 64
59 65
65 66
66 67
65 68
68 69
59 70
70 71
71 72
59 73
73 74
74 75
75 76
76 77
77 78
76 79
75 80
80 81
81 82
82 83
81 84
84 85
80 86
86 87
74 88
88 89
89 90
90 91
91 92
90 93
88 94
94 95
95 96
96 97
95 98
98 99
99 100
98 101
101 102
74 103
103 104
104 105
105 106
106 107
105 108
104 109
109 110
110 111
111 112
110 113
113 114
109 115
115 116
103 117
117 118
118 119
119 120
120 121
119 122
117 123
123 124
124 125
125 126
124 127
127 128
128 129
127 130
130 131
103 132
132 133
133 134
134 135
133 136
136 137
137 138
136 139
139 140
132 141
141 142
142 143
143 144
144 145
132 146
146 147
147 148
148 149
147 150
150 151
151 152
150 153
153 154
146 155
155 156
156 157
157 158
158 159
146 160
160 161
161 162
162 163
163 164
160 165
165 166
166 167
167 168
14 169
169 170
170 171
171 172
170 173
14 174
174 175
175 176
176 177
175 178
14 179
179 180
180 181
181 182
181 183
181 184
179 185
185 186
186 187
185 188
188 189
179 190
190 191
191 192
179 193
193 194
194 195
195 196
196 197
197 198
196 199
199 200
195 201
201 202
194 203
203 204
204 205
205 206
193 207
207 208
208 209
209 210
210 211
209 212
212 213
208 214
214 215
207 216
216 217
217 218
218 219
14 220
220 221
221 222
222 223
222 224
222 225
225 226
226 227
226 228
228 229
229 230
230 231
229 232
225 233
14 234
234 235
235 236
236 237
235 238
238 239
234 240
240 241
241 242
242 243
241 244
241 245
245 246
14 247
247 248
248 249
249 250
248 251
251 252
247 253
253 254
254 255
255 256
254 257
254 258
258 259
14 260
260 261
261 262
