0 1
1 2
1 3
3 4
3 5
3 6
6 7
7 8
6 9
3 10
10 11
10 12
12 13
3 14
14 15
15 16
16 17
17 18
17 19
17 20
20 21
21 22
20 23
14 24
24 25
25 26
26 27
26 28
26 29
29 30
30 31
31 32
30 33
14 34
34 35
35 36
36 37
37 38
37 39
39 40
36 41
36 42
42 43
43 44
14 45
45 46
46 47
47 48
48 49
48 50
50 51
48 52
52 53
47 54
47 55
55 56
56 57
14 58
58 59
59 60
60 61
60 62
60 63
58 64
64 65
65 66
64 67
67 68
58 69
69 70
70 71
58 72
72 73
73 74
74 75
75 76
75 77
75 78
78 79
79 80
78 81
78 82
82 83
83 84
82 85
85 86
78 87
72 88
88 89
89 90
90 91
89 92
89 93
93 94
94 95
93 96
96 97
89 98
98 99
99 100
98 101
14 102
102 103
103 104
104 105
105 106
106 107
105 108
105 109
109 110
105 111
111 112
104 113
102 114
114 115
115 116
114 117
102 118
118 119
119 120
120 121
121 122
122 123
121 124
120 125
125 126
119 127
127 128
128 129
129 130
130 131
129 132
129 133
133 134
134 135
133 136
14 137
137 138
138 139
