0 1
1 2
1 3
3 4
3 5
3 6
6 7
7 8
6 9
3 10
10 11
10 12
12 13
3 14
14 15
15 16
16 17
17 18
17 19
17 20
14 21
21 22
22 23
23 24
23 25
23 26
14 27
27 28
28 29
29 30
29 31
29 32
32 33
33 34
32 35
14 36
36 37
37 38
38 39
38 40
38 41
41 42
42 43
41 44
14 45
45 46
46 47
47 48
47 49
47 50
45 51
51 52
52 53
51 54
54 55
55 56
54 57
45 58
58 59
59 60
45 61
61 62
62 63
63 64
64 65
65 66
64 67
67 68
63 69
69 70
62 71
71 72
72 73
73 74
74 75
62 76
76 77
77 78
78 79
79 80
78 81
81 82
77 83
83 84
76 85
85 86
86 87
87 88
88 89
76 90
90 91
91 92
92 93
93 94
92 95
91 96
96 97
97 98
98 99
97 100
100 101
96 102
102 103
90 104
104 105
105 106
106 107
107 108
106 109
109 110
110 111
109 112
112 113
104 114
114 115
115 116
116 117
115 118
90 119
119 120
120 121
121 122
120 123
119 124
124 125
125 126
126 127
127 128
126 129
129 130
130 131
129 132
132 133
124 134
134 135
135 136
136 137
135 138
119 139
139 140
140 141
141 142
142 143
139 144
144 145
145 146
146 147
14 148
148 149
149 150
150 151
149 152
14 153
153 154
154 155
155 156
154 157
14 158
158 159
159 160
160 161
160 162
160 163
163 164
164 165
165 166
164 167
163 168
14 169
169 170
170 171
171 172
172 173
172 174
174 175
171 176
171 177
177 178
178 179
14 180
180 181
181 182
182 183
182 184
182 185
180 186
186 187
187 188
186 189
189 190
190 191
189 192
180 193
193 194
194 195
180 196
196 197
197 198
198 199
199 200
200 201
199 202
202 203
198 204
204 205
197 206
206 207
207 208
208 209
209 210
196 211
211 212
212 213
213 214
214 215
213 216
216 217
212 218
218 219
211 220
220 221
221 222
222 223
223 224
14 225
225 226
226 227
227 228
226 229
229 230
225 231
231 232
232 233
233 234
232 235
232 236
236 237
14 238
238 239
239 240
240 241
239 242
242 243
238 244
244 245
245 246
246 247
245 248
245 249
249 250
14 251
251 252
252 253
