0 1
1 2
1 3
3 4
3 5
3 6
6 7
7 8
6 9
3 10
3 11
11 12
12 13
13 14
14 15
14 16
14 17
17 18
18 19
17 20
11 21
21 22
22 23
23 24
24 25
23 26
23 27
27 28
27 29
29 30
30 31
31 32
30 33
11 34
34 35
35 36
36 37
37 38
36 39
35 40
40 41
41 42
40 43
11 44
44 45
45 46
46 47
46 48
46 49
44 50
50 51
51 52
50 53
53 54
54 55
53 56
44 57
57 58
58 59
44 60
60 61
61 62
62 63
63 64
64 65
63 66
66 67
62 68
68 69
69 70
70 71
69 72
72 73
73 74
72 75
68 76
76 77
77 78
76 79
79 80
11 81
81 82
82 83
83 84
84 85
85 86
84 87
87 88
88 89
87 90
83 91
91 92
92 93
91 94
82 95
81 96
96 97
97 98
11 99
99 100
100 101
101 102
101 103
101 104
99 105
105 106
106 107
105 108
108 109
109 110
108 111
99 112
112 113
113 114
99 115
115 116
116 117
117 118
118 119
119 120
118 121
121 122
122 123
121 124
117 125
125 126
126 127
127 128
128 129
127 130
130 131
131 132
130 133
126 134
134 135
135 136
134 137
137 138
116 139
139 140
140 141
141 142
11 143
143 144
144 145
