0 1
1 2
1 3
3 4
3 5
5 6
6 7
5 8
3 9
3 10
10 11
11 12
12 13
13 14
13 15
13 16
10 17
17 18
18 19
19 20
20 21
20 22
22 23
20 24
24 25
19 26
19 27
27 28
28 29
10 30
30 31
31 32
32 33
32 34
30 35
35 36
30 37
37 38
38 39
39 40
40 41
39 42
39 43
43 44
39 45
45 46
46 47
45 48
10 49
49 50
50 51
51 52
51 53
49 54
54 55
49 56
56 57
57 58
58 59
59 60
59 61
59 62
56 63
63 64
64 65
65 66
65 67
65 68
68 69
69 70
68 71
56 72
72 73
73 74
74 75
75 76
74 77
74 78
78 79
73 80
80 81
81 82
82 83
81 84
81 85
85 86
80 87
72 88
88 89
89 90
90 91
91 92
88 93
93 94
94 95
95 96
94 97
94 98
98 99
94 100
100 101
101 102
100 103
88 104
104 105
105 106
106 107
56 108
108 109
109 110
110 111
110 112
110 113
113 114
114 115
113 116
56 117
117 118
118 119
119 120
120 121
119 122
119 123
123 124
118 125
125 126
126 127
127 128
126 129
126 130
130 131
125 132
117 133
133 134
134 135
135 136
136 137
133 138
138 139
139 140
140 141
139 142
139 143
143 144
139 145
145 146
146 147
145 148
133 149
149 150
150 151
151 152
56 153
153 154
154 155
155 156
154 157
157 158
158 159
157 160
157 161
161 162
157 163
163 164
10 165
165 166
166 167
