0 1
1 2
1 3
3 4
3 5
3 6
6 7
7 8
6 9
3 10
3 11
11 12
12 13
13 14
14 15
15 16
14 17
13 18
12 19
19 20
20 21
11 22
22 23
23 24
24 25
23 26
23 27
27 28
11 29
29 30
30 31
31 32
31 33
31 34
11 35
35 36
36 37
37 38
37 39
37 40
11 41
41 42
42 43
43 44
43 45
43 46
41 47
47 48
48 49
47 50
50 51
51 52
52 53
51 54
50 55
41 56
56 57
57 58
41 59
59 60
60 61
61 62
62 63
62 64
62 65
65 66
59 67
67 68
68 69
69 70
70 71
71 72
70 73
73 74
69 75
68 76
76 77
77 78
76 79
79 80
80 81
79 82
67 83
83 84
84 85
85 86
86 87
83 88
88 89
89 90
90 91
89 92
92 93
67 94
94 95
95 96
96 97
97 98
96 99
99 100
95 101
101 102
102 103
101 104
104 105
105 106
104 107
94 108
108 109
109 110
110 111
111 112
110 113
113 114
108 115
115 116
116 117
117 118
116 119
59 120
120 121
121 122
122 123
123 124
122 125
125 126
121 127
127 128
128 129
127 130
130 131
120 132
132 133
133 134
134 135
135 136
134 137
137 138
11 139
139 140
140 141
