0 1
1 2
1 3
3 4
3 5
3 6
6 7
7 8
6 9
3 10
3 11
11 12
12 13
13 14
14 15
15 16
14 17
13 18
12 19
19 20
20 21
11 22
22 23
23 24
24 25
23 26
23 27
27 28
11 29
29 30
30 31
31 32
31 33
31 34
11 35
35 36
36 37
37 38
37 39
37 40
11 41
41 42
42 43
43 44
43 45
43 46
41 47
47 48
48 49
47 50
50 51
51 52
52 53
51 54
50 55
41 56
56 57
57 58
41 59
59 60
60 61
61 62
62 63
63 64
64 65
63 66
66 67
62 68
61 69
69 70
70 71
69 72
72 73
73 74
72 75
60 76
76 77
77 78
78 79
79 80
76 81
81 82
82 83
83 84
82 85
85 86
86 87
85 88
85 89
89 90
85 91
91 92
60 93
93 94
94 95
95 96
96 97
95 98
98 99
94 100
100 101
101 102
100 103
103 104
104 105
103 106
93 107
107 108
108 109
109 110
110 111
109 112
112 113
113 114
112 115
112 116
116 117
112 118
118 119
93 120
120 121
121 122
122 123
123 124
122 125
11 126
126 127
127 128
