0 1
1 2
1 3
3 4
3 5
3 6
6 7
7 8
6 9
3 10
3 11
11 12
12 13
13 14
14 15
15 16
15 17
17 18
14 19
14 20
20 21
21 22
11 23
23 24
24 25
25 26
25 27
25 28
24 29
29 30
29 31
29 32
24 33
33 34
33 35
33 36
11 37
37 38
38 39
39 40
39 41
37 42
42 43
37 44
44 45
45 46
46 47
47 48
46 49
46 50
50 51
11 52
52 53
53 54
54 55
54 56
52 57
57 58
52 59
59 60
60 61
61 62
62 63
63 64
62 65
62 66
66 67
67 68
66 69
60 70
70 71
71 72
72 73
73 74
72 75
75 76
70 77
77 78
78 79
79 80
78 81
70 82
82 83
83 84
84 85
83 86
86 87
87 88
86 89
82 90
90 91
91 92
92 93
93 94
92 95
92 96
96 97
91 98
98 99
99 100
100 101
101 102
98 103
103 104
104 105
105 106
104 107
107 108
108 109
107 110
107 111
111 112
107 113
113 114
98 115
115 116
116 117
117 118
91 119
119 120
120 121
121 122
122 123
121 124
119 125
11 126
126 127
127 128
