0 1
1 2
1 3
3 4
3 5
3 6
6 7
7 8
6 9
3 10
3 11
11 12
12 13
13 14
14 15
14 16
14 17
17 18
18 19
17 20
11 21
21 22
22 23
23 24
22 25
21 26
26 27
11 28
28 29
29 30
30 31
29 32
29 33
33 34
11 35
35 36
36 37
37 38
37 39
37 40
11 41
41 42
42 43
43 44
43 45
43 46
11 47
47 48
48 49
49 50
49 51
49 52
52 53
53 54
52 55
11 56
56 57
57 58
58 59
58 60
58 61
56 62
62 63
63 64
62 65
65 66
56 67
67 68
68 69
56 70
70 71
71 72
72 73
73 74
74 75
73 76
76 77
72 78
78 79
79 80
78 81
71 82
82 83
83 84
84 85
85 86
82 87
87 88
88 89
89 90
88 91
91 92
92 93
91 94
94 95
71 96
96 97
97 98
98 99
99 100
98 101
101 102
97 103
103 104
96 105
105 106
106 107
107 108
108 109
107 110
105 111
111 112
112 113
113 114
112 115
115 116
116 117
115 118
118 119
70 120
120 121
121 122
122 123
121 124
124 125
125 126
124 127
124 128
128 129
124 130
130 131
11 132
132 133
133 134
