0 1
1 2
1 3
3 4
3 5
3 6
6 7
7 8
6 9
3 10
3 11
11 12
12 13
13 14
14 15
15 16
15 17
17 18
14 19
14 20
20 21
21 22
11 23
23 24
24 25
25 26
25 27
23 28
28 29
23 30
30 31
31 32
32 33
33 34
32 35
32 36
36 37
11 38
38 39
39 40
40 41
40 42
40 43
11 44
44 45
45 46
46 47
46 48
44 49
49 50
44 51
51 52
52 53
53 54
54 55
55 56
56 57
55 58
55 59
59 60
60 61
59 62
52 63
63 64
64 65
65 66
66 67
66 68
66 69
69 70
63 71
71 72
72 73
73 74
73 75
73 76
63 77
77 78
78 79
79 80
78 81
78 82
82 83
77 84
84 85
85 86
86 87
87 88
84 89
89 90
90 91
91 92
63 93
93 94
94 95
95 96
94 97
97 98
98 99
97 100
97 101
101 102
97 103
103 104
11 105
105 106
106 107
