0 1
1 2
1 3
3 4
3 5
3 6
6 7
7 8
6 9
3 10
10 11
10 12
12 13
3 14
14 15
15 16
16 17
17 18
18 19
18 20
20 21
17 22
17 23
23 24
24 25
14 26
26 27
27 28
28 29
27 30
26 31
31 32
32 33
33 34
14 35
35 36
36 37
36 38
38 39
36 40
36 41
41 42
14 43
43 44
44 45
1 46
46 47
46 48
46 49
49 50
50 51
49 52
46 53
53 54
54 55
53 56
46 57
57 58
58 59
58 60
60 61
57 62
46 63
46 64
64 65
65 66
66 67
67 68
66 69
65 70
70 71
64 72
72 73
73 74
74 75
73 76
76 77
77 78
76 79
79 80
80 81
79 82
64 83
83 84
84 85
85 86
86 87
87 88
86 89
85 90
84 91
91 92
92 93
93 94
92 95
91 96
83 97
97 98
98 99
99 100
100 101
99 102
99 103
103 104
97 105
64 106
106 107
107 108
108 109
107 110
110 111
111 112
110 113
64 114
114 115
115 116
115 117
117 118
118 119
117 120
115 121
121 122
115 123
123 124
64 125
125 126
126 127
126 128
128 129
129 130
128 131
126 132
132 133
126 134
134 135
