0 1
1 2
1 3
3 4
4 5
5 6
5 7
7 8
4 9
4 10
10 11
11 12
1 13
13 14
13 15
13 16
16 17
17 18
16 19
13 20
20 21
20 22
22 23
13 24
24 25
25 26
26 27
26 28
28 29
26 30
30 31
31 32
24 33
33 34
34 35
1 36
36 37
36 38
36 39
39 40
40 41
39 42
36 43
43 44
44 45
43 46
36 47
36 48
48 49
49 50
50 51
51 52
50 53
49 54
54 55
48 56
56 57
57 58
58 59
59 60
58 61
58 62
62 63
63 64
62 65
57 66
57 67
48 68
68 69
69 70
70 71
71 72
72 73
71 74
70 75
69 76
76 77
77 78
78 79
77 80
76 81
68 82
82 83
83 84
84 85
85 86
84 87
84 88
88 89
89 90
90 91
89 92
88 93
84 94
94 95
95 96
94 97
82 98
98 99
99 100
100 101
99 102
99 103
103 104
104 105
103 106
82 107
48 108
108 109
109 110
109 111
111 112
112 113
111 114
109 115
115 116
116 117
115 118
118 119
48 120
120 121
121 122
121 123
123 124
124 125
123 126
121 127
127 128
128 129
127 130
130 131
