0 1
1 2
1 3
3 4
3 5
3 6
6 7
7 8
6 9
3 10
10 11
11 12
11 13
13 14
10 15
3 16
16 17
17 18
16 19
3 20
3 21
21 22
22 23
23 24
24 25
23 26
22 27
21 28
28 29
29 30
30 31
29 32
32 33
33 34
32 35
21 36
36 37
37 38
38 39
39 40
40 41
39 42
38 43
37 44
44 45
45 46
46 47
45 48
44 49
36 50
50 51
51 52
52 53
53 54
52 55
52 56
56 57
36 58
58 59
59 60
60 61
61 62
60 63
58 64
64 65
65 66
65 67
67 68
68 69
67 70
65 71
71 72
65 73
73 74
58 75
75 76
76 77
76 78
78 79
79 80
78 81
76 82
82 83
76 84
84 85
1 86
86 87
86 88
86 89
89 90
90 91
89 92
86 93
93 94
93 95
95 96
86 97
97 98
98 99
99 100
100 101
101 102
101 103
103 104
100 105
100 106
106 107
107 108
97 109
109 110
110 111
111 112
112 113
111 114
111 115
97 116
116 117
117 118
118 119
117 120
116 121
121 122
122 123
97 124
124 125
125 126
125 127
127 128
125 129
129 130
125 131
131 132
97 133
133 134
134 135
