0 1
1 2
1 3
3 4
3 5
3 6
6 7
7 8
6 9
3 10
10 11
10 12
12 13
3 14
14 15
15 16
16 17
17 18
18 19
18 20
20 21
17 22
17 23
23 24
24 25
24 26
26 27
14 28
28 29
29 30
30 31
31 32
31 33
33 34
30 35
30 36
36 37
37 38
37 39
39 40
14 41
41 42
42 43
43 44
42 45
41 46
46 47
47 48
14 49
49 50
50 51
50 52
52 53
50 54
54 55
50 56
56 57
14 58
58 59
59 60
1 61
61 62
61 63
61 64
64 65
65 66
64 67
61 68
68 69
69 70
69 71
71 72
68 73
61 74
74 75
75 76
75 77
77 78
74 79
61 80
61 81
81 82
82 83
83 84
84 85
83 86
82 87
81 88
88 89
89 90
90 91
91 92
92 93
91 94
90 95
89 96
96 97
97 98
98 99
97 100
96 101
88 102
102 103
103 104
104 105
105 106
104 107
104 108
108 109
109 110
108 111
108 112
112 113
113 114
112 115
102 116
116 117
117 118
118 119
119 120
118 121
118 122
122 123
123 124
102 125
125 126
126 127
127 128
127 129
127 130
125 131
131 132
132 133
131 134
134 135
135 136
134 137
125 138
138 139
139 140
125 141
141 142
142 143
143 144
144 145
143 146
143 147
147 148
148 149
147 150
147 151
151 152
102 153
153 154
154 155
155 156
154 157
154 158
158 159
159 160
158 161
102 162
162 163
163 164
164 165
163 166
163 167
167 168
168 169
169 170
168 171
167 172
102 173
81 174
174 175
175 176
176 177
175 178
175 179
179 180
180 181
181 182
180 183
179 184
81 185
185 186
186 187
186 188
188 189
189 190
188 191
186 192
192 193
186 194
194 195
81 196
196 197
197 198
197 199
199 200
200 201
199 202
197 203
203 204
197 205
205 206
81 207
207 208
208 209
209 210
208 211
208 212
212 213
213 214
214 215
213 216
212 217
