0 1
1 2
1 3
3 4
3 5
3 6
6 7
7 8
6 9
3 10
10 11
3 12
12 13
13 14
14 15
15 16
16 17
15 18
14 19
19 20
20 21
21 22
20 23
19 24
13 25
25 26
26 27
27 28
12 29
29 30
30 31
31 32
32 33
31 34
31 35
35 36
12 37
37 38
38 39
39 40
38 41
41 42
42 43
41 44
12 45
45 46
46 47
47 48
46 49
45 50
50 51
51 52
52 53
53 54
54 55
53 56
52 57
57 58
58 59
57 60
50 61
61 62
62 63
63 64
64 65
63 66
62 67
67 68
12 69
69 70
70 71
71 72
72 73
71 74
71 75
75 76
76 77
75 78
12 79
79 80
80 81
81 82
80 83
79 84
84 85
85 86
86 87
12 88
88 89
89 90
90 91
91 92
90 93
90 94
94 95
95 96
94 97
12 98
98 99
99 100
100 101
101 102
100 103
99 104
104 105
105 106
104 107
98 108
108 109
109 110
110 111
111 112
112 113
111 114
110 115
115 116
116 117
115 118
108 119
119 120
120 121
121 122
122 123
121 124
120 125
125 126
108 127
127 128
128 129
129 130
130 131
129 132
128 133
133 134
108 135
135 136
136 137
137 138
136 139
139 140
140 141
141 142
140 143
139 144
108 145
145 146
146 147
147 148
146 149
145 150
150 151
151 152
152 153
153 154
152 155
155 156
156 157
155 158
150 159
159 160
160 161
161 162
160 163
159 164
164 165
165 166
166 167
167 168
166 169
169 170
170 171
169 172
159 173
173 174
174 175
175 176
176 177
175 178
145 179
179 180
180 181
181 182
12 183
183 184
184 185
