0 1
1 2
1 3
3 4
3 5
3 6
6 7
7 8
6 9
3 10
10 11
3 12
12 13
13 14
14 15
15 16
16 17
15 18
14 19
19 20
20 21
21 22
20 23
19 24
13 25
25 26
26 27
27 28
12 29
29 30
30 31
31 32
32 33
31 34
31 35
12 36
36 37
37 38
38 39
39 40
38 41
38 42
42 43
12 44
44 45
45 46
46 47
47 48
46 49
46 50
12 51
51 52
52 53
53 54
54 55
53 56
52 57
57 58
58 59
59 60
58 61
57 62
51 63
63 64
64 65
65 66
66 67
65 68
68 69
69 70
68 71
63 72
72 73
73 74
74 75
75 76
74 77
73 78
78 79
79 80
78 81
63 82
82 83
83 84
84 85
85 86
84 87
83 88
88 89
63 90
90 91
91 92
92 93
91 94
90 95
95 96
96 97
97 98
98 99
97 100
100 101
90 102
102 103
103 104
104 105
105 106
106 107
105 108
104 109
109 110
63 111
111 112
112 113
113 114
112 115
115 116
63 117
117 118
118 119
119 120
118 121
121 122
122 123
121 124
12 125
125 126
126 127
