0 1
1 2
1 3
3 4
3 5
3 6
6 7
7 8
6 9
3 10
10 11
3 12
12 13
13 14
14 15
15 16
14 17
13 18
18 19
12 20
20 21
21 22
22 23
23 24
22 25
22 26
26 27
12 28
28 29
29 30
30 31
31 32
30 33
29 34
28 35
35 36
36 37
37 38
38 39
37 40
40 41
41 42
40 43
35 44
44 45
45 46
46 47
47 48
46 49
45 50
50 51
51 52
50 53
35 54
54 55
55 56
56 57
57 58
56 59
55 60
60 61
28 62
62 63
63 64
64 65
12 66
66 67
67 68
68 69
67 70
66 71
71 72
72 73
73 74
74 75
75 76
74 77
73 78
72 79
79 80
80 81
81 82
82 83
83 84
84 85
83 86
82 87
81 88
80 89
89 90
90 91
91 92
92 93
93 94
92 95
92 96
96 97
97 98
96 99
89 100
100 101
101 102
102 103
103 104
102 105
101 106
106 107
107 108
108 109
107 110
106 111
89 112
112 113
113 114
114 115
115 116
114 117
113 118
118 119
119 120
120 121
119 122
118 123
89 124
124 125
125 126
126 127
127 128
128 129
127 130
126 131
125 132
132 133
89 134
134 135
135 136
136 137
135 138
138 139
139 140
140 141
139 142
138 143
80 144
144 145
72 146
146 147
12 148
148 149
149 150
