0 1
1 2
1 3
3 4
3 5
3 6
6 7
6 8
3 9
9 10
10 11
11 12
9 13
3 14
3 15
15 16
16 17
17 18
18 19
19 20
19 21
21 22
21 23
23 24
18 25
18 26
26 27
27 28
15 29
29 30
30 31
31 32
32 33
31 34
31 35
35 36
35 37
37 38
38 39
15 40
40 41
41 42
42 43
42 44
42 45
40 46
46 47
47 48
46 49
49 50
40 51
51 52
52 53
40 54
54 55
55 56
56 57
57 58
56 59
56 60
60 61
61 62
61 63
63 64
15 65
65 66
66 67
67 68
67 69
67 70
65 71
71 72
72 73
71 74
74 75
75 76
74 77
65 78
78 79
79 80
65 81
81 82
82 83
83 84
84 85
85 86
84 87
87 88
88 89
89 90
88 91
91 92
87 93
81 94
94 95
95 96
96 97
97 98
96 99
96 100
100 101
101 102
102 103
101 104
104 105
100 106
95 107
95 108
108 109
109 110
110 111
109 112
112 113
108 114
15 115
115 116
116 117
117 118
118 119
118 120
120 121
117 122
117 123
123 124
124 125
15 126
126 127
127 128
128 129
128 130
128 131
126 132
132 133
133 134
132 135
135 136
126 137
137 138
138 139
126 140
140 141
141 142
142 143
143 144
144 145
143 146
146 147
142 148
141 149
149 150
150 151
151 152
152 153
151 154
151 155
155 156
15 157
157 158
158 159
159 160
159 161
159 162
15 163
163 164
164 165
165 166
166 167
165 168
163 169
169 170
170 171
171 172
172 173
172 174
172 175
175 176
176 177
175 178
169 179
179 180
180 181
181 182
169 183
183 184
184 185
185 186
186 187
185 188
183 189
189 190
190 191
189 192
189 193
193 194
183 195
195 196
196 197
197 198
198 199
199 200
198 201
201 202
195 203
203 204
204 205
205 206
206 207
205 208
208 209
204 210
203 211
211 212
212 213
213 214
214 215
213 216
213 217
217 218
15 219
219 220
220 221
221 222
220 223
223 224
