0 1
1 2
1 3
3 4
3 5
5 6
6 7
6 8
3 9
9 10
10 11
10 12
3 13
13 14
13 15
13 16
16 17
16 18
13 19
19 20
19 21
13 22
22 23
23 24
24 25
25 26
25 27
24 28
28 29
22 30
30 31
31 32
32 33
32 34
31 35
35 36
1 37
37 38
37 39
37 40
40 41
41 42
42 43
42 44
44 45
40 46
37 47
47 48
48 49
49 50
47 51
37 52
37 53
53 54
54 55
55 56
56 57
56 58
56 59
54 60
60 61
61 62
60 63
63 64
64 65
63 66
54 67
67 68
68 69
54 70
70 71
71 72
72 73
73 74
74 75
73 76
76 77
72 78
78 79
79 80
53 81
81 82
82 83
83 84
83 85
83 86
81 87
87 88
88 89
87 90
90 91
91 92
90 93
81 94
94 95
95 96
81 97
97 98
98 99
99 100
100 101
100 102
100 103
103 104
104 105
105 106
104 107
107 108
103 109
97 110
110 111
111 112
112 113
112 114
112 115
115 116
116 117
117 118
116 119
119 120
115 121
97 122
122 123
123 124
124 125
125 126
124 127
127 128
123 129
123 130
130 131
131 132
130 133
133 134
130 135
135 136
1 137
137 138
137 139
137 140
140 141
141 142
142 143
142 144
144 145
140 146
137 147
147 148
147 149
137 150
150 151
151 152
150 153
137 154
154 155
155 156
154 157
137 158
137 159
159 160
160 161
161 162
162 163
163 164
162 165
165 166
161 167
159 168
168 169
169 170
170 171
171 172
170 173
173 174
169 175
159 176
176 177
177 178
178 179
178 180
178 181
176 182
182 183
183 184
182 185
185 186
186 187
187 188
186 189
189 190
185 191
176 192
192 193
193 194
176 195
195 196
196 197
197 198
198 199
199 200
198 201
198 202
202 203
203 204
204 205
203 206
206 207
202 208
202 209
209 210
195 211
211 212
212 213
213 214
212 215
215 216
216 217
215 218
211 219
219 220
220 221
195 222
222 223
223 224
224 225
225 226
226 227
225 228
228 229
229 230
228 231
223 232
232 233
232 234
234 235
232 236
236 237
237 238
236 239
232 240
240 241
232 242
242 243
222 244
244 245
245 246
159 247
247 248
248 249
249 250
250 251
249 252
252 253
248 254
159 255
255 256
1 257
257 258
257 259
257 260
260 261
260 262
257 263
263 264
264 265
265 266
263 267
257 268
257 269
269 270
270 271
271 272
272 273
273 274
274 275
274 276
276 277
272 278
272 279
279 280
280 281
279 282
282 283
283 284
269 285
285 286
286 287
286 288
288 289
286 290
290 291
269 292
292 293
293 294
294 295
295 296
294 297
294 298
298 299
298 300
300 301
301 302
302 303
301 304
269 305
305 306
306 307
307 308
308 309
307 310
307 311
311 312
311 313
313 314
314 315
315 316
314 317
269 318
318 319
319 320
320 321
320 322
320 323
318 324
324 325
325 326
324 327
327 328
328 329
327 330
318 331
331 332
332 333
318 334
334 335
335 336
336 337
337 338
338 339
337 340
340 341
335 342
342 343
343 344
344 345
344 346
346 347
344 348
348 349
344 350
350 351
344 352
352 353
343 354
354 355
355 356
269 357
357 358
