0 1
1 2
1 3
3 4
3 5
3 6
6 7
6 8
3 9
9 10
10 11
11 12
9 13
3 14
3 15
15 16
16 17
17 18
18 19
19 20
20 21
20 22
22 23
18 24
18 25
25 26
26 27
25 28
28 29
29 30
15 31
31 32
32 33
33 34
33 35
33 36
31 37
37 38
38 39
37 40
40 41
31 42
42 43
43 44
31 45
45 46
46 47
47 48
48 49
49 50
48 51
51 52
47 53
53 54
54 55
15 56
56 57
57 58
58 59
59 60
58 61
58 62
62 63
62 64
64 65
65 66
15 67
67 68
68 69
69 70
70 71
69 72
67 73
73 74
67 75
75 76
76 77
77 78
78 79
78 80
78 81
81 82
82 83
81 84
75 85
85 86
86 87
87 88
87 89
87 90
90 91
91 92
90 93
75 94
94 95
95 96
96 97
97 98
96 99
99 100
95 101
95 102
102 103
75 104
104 105
105 106
106 107
107 108
106 109
109 110
15 111
111 112
112 113
113 114
114 115
114 116
116 117
113 118
113 119
119 120
120 121
15 122
122 123
123 124
124 125
124 126
124 127
122 128
128 129
129 130
128 131
131 132
122 133
133 134
134 135
122 136
136 137
137 138
138 139
139 140
140 141
139 142
142 143
138 144
137 145
145 146
146 147
147 148
146 149
146 150
150 151
15 152
152 153
153 154
154 155
154 156
154 157
15 158
158 159
159 160
160 161
161 162
160 163
158 164
164 165
165 166
166 167
167 168
167 169
167 170
170 171
171 172
170 173
164 174
174 175
175 176
176 177
176 178
174 179
179 180
180 181
179 182
182 183
174 184
184 185
185 186
186 187
187 188
188 189
187 190
190 191
184 192
192 193
193 194
194 195
195 196
194 197
197 198
193 199
192 200
200 201
201 202
202 203
201 204
201 205
205 206
164 207
207 208
208 209
209 210
15 211
211 212
212 213
213 214
212 215
215 216
211 217
217 218
15 219
219 220
