0 1
1 2
1 3
3 4
3 5
3 6
6 7
6 8
3 9
9 10
10 11
11 12
9 13
3 14
3 15
15 16
16 17
17 18
18 19
19 20
19 21
21 22
19 23
23 24
23 25
25 26
18 27
18 28
28 29
29 30
15 31
31 32
32 33
33 34
34 35
33 36
33 37
37 38
37 39
39 40
40 41
15 42
42 43
43 44
44 45
44 46
44 47
42 48
48 49
49 50
48 51
51 52
42 53
53 54
54 55
42 56
56 57
57 58
58 59
59 60
58 61
58 62
62 63
58 64
64 65
65 66
15 67
67 68
68 69
69 70
70 71
69 72
67 73
73 74
67 75
75 76
76 77
77 78
78 79
78 80
78 81
81 82
82 83
81 84
77 85
85 86
85 87
85 88
88 89
89 90
88 91
75 92
92 93
93 94
94 95
95 96
94 97
94 98
98 99
93 100
93 101
101 102
15 103
103 104
104 105
105 106
105 107
105 108
103 109
109 110
110 111
109 112
112 113
103 114
114 115
115 116
103 117
117 118
118 119
119 120
120 121
120 122
122 123
120 124
124 125
120 126
126 127
118 128
128 129
129 130
15 131
131 132
1 133
133 134
133 135
133 136
136 137
136 138
133 139
139 140
140 141
139 142
133 143
143 144
144 145
144 146
146 147
144 148
148 149
148 150
150 151
143 152
133 153
133 154
154 155
155 156
156 157
157 158
158 159
157 160
160 161
156 162
155 163
163 164
164 165
154 166
166 167
167 168
168 169
169 170
168 171
171 172
167 173
173 174
166 175
175 176
176 177
154 178
178 179
179 180
180 181
181 182
180 183
183 184
179 185
185 186
154 187
187 188
188 189
189 190
189 191
187 192
192 193
193 194
192 195
192 196
196 197
187 198
198 199
199 200
200 201
201 202
201 203
203 204
201 205
205 206
201 207
207 208
199 209
209 210
210 211
154 212
212 213
213 214
214 215
215 216
214 217
217 218
213 219
154 220
220 221
