0 1
1 2
1 3
3 4
3 5
3 6
6 7
7 8
6 9
3 10
10 11
11 12
10 13
3 14
3 15
15 16
16 17
17 18
18 19
18 20
18 21
21 22
22 23
21 24
15 25
25 26
26 27
27 28
27 29
27 30
30 31
31 32
30 33
15 34
34 35
35 36
36 37
36 38
36 39
15 40
40 41
41 42
42 43
42 44
42 45
15 46
46 47
47 48
48 49
49 50
48 51
48 52
52 53
52 54
54 55
55 56
56 57
55 58
58 59
15 60
60 61
61 62
62 63
62 64
62 65
15 66
66 67
67 68
68 69
69 70
68 71
71 72
67 73
73 74
74 75
73 76
76 77
66 78
78 79
79 80
80 81
81 82
82 83
81 84
84 85
80 86
86 87
87 88
86 89
89 90
79 91
91 92
92 93
93 94
94 95
95 96
94 97
97 98
98 99
93 100
100 101
101 102
100 103
103 104
104 105
79 106
106 107
107 108
108 109
109 110
110 111
109 112
112 113
113 114
108 115
115 116
116 117
115 118
118 119
119 120
15 121
121 122
122 123
123 124
122 125
125 126
121 127
127 128
128 129
129 130
130 131
131 132
130 133
133 134
134 135
129 136
136 137
137 138
136 139
139 140
140 141
15 142
142 143
143 144
144 145
143 146
146 147
142 148
148 149
149 150
150 151
151 152
152 153
151 154
154 155
155 156
150 157
157 158
158 159
157 160
160 161
161 162
15 163
163 164
164 165
165 166
165 167
165 168
168 169
169 170
170 171
171 172
170 173
173 174
168 175
15 176
176 177
177 178
178 179
178 180
15 181
181 182
182 183
183 184
184 185
185 186
186 187
185 188
188 189
183 190
182 191
181 192
192 193
193 194
194 195
195 196
195 197
195 198
198 199
199 200
198 201
192 202
202 203
203 204
204 205
203 206
206 207
207 208
208 209
207 210
207 211
211 212
212 213
213 214
212 215
215 216
211 217
217 218
218 219
217 220
220 221
206 222
181 223
223 224
224 225
225 226
226 227
225 228
228 229
229 230
228 231
231 232
15 233
233 234
234 235
