0 1
1 2
1 3
3 4
3 5
3 6
6 7
7 8
6 9
3 10
10 11
11 12
10 13
3 14
3 15
15 16
16 17
17 18
18 19
19 20
18 21
18 22
22 23
22 24
24 25
22 26
26 27
15 28
28 29
29 30
30 31
31 32
32 33
31 34
30 35
29 36
28 37
37 38
38 39
39 40
39 41
41 42
42 43
41 44
44 45
45 46
46 47
45 48
44 49
28 50
50 51
51 52
52 53
53 54
54 55
55 56
56 57
55 58
58 59
59 60
60 61
59 62
58 63
54 64
64 65
65 66
64 67
67 68
68 69
69 70
70 71
71 72
70 73
69 74
67 75
52 76
1 77
77 78
77 79
77 80
80 81
81 82
80 83
77 84
84 85
85 86
84 87
77 88
88 89
77 90
90 91
91 92
92 93
93 94
94 95
93 96
93 97
97 98
97 99
99 100
100 101
101 102
102 103
101 104
100 105
105 106
106 107
105 108
90 109
109 110
110 111
111 112
111 113
111 114
90 115
115 116
116 117
117 118
117 119
117 120
90 121
121 122
122 123
123 124
123 125
123 126
90 127
127 128
128 129
129 130
130 131
129 132
132 133
133 134
132 135
128 136
136 137
137 138
136 139
139 140
140 141
139 142
127 143
143 144
144 145
145 146
146 147
147 148
146 149
149 150
145 151
151 152
152 153
151 154
154 155
144 156
156 157
157 158
158 159
159 160
160 161
159 162
162 163
163 164
158 165
165 166
166 167
165 168
168 169
169 170
144 171
171 172
172 173
173 174
174 175
173 176
176 177
177 178
172 179
179 180
180 181
179 182
182 183
183 184
90 185
185 186
186 187
187 188
186 189
189 190
190 191
189 192
185 193
193 194
194 195
195 196
196 197
197 198
196 199
199 200
200 201
195 202
202 203
203 204
202 205
205 206
206 207
90 208
208 209
209 210
210 211
209 212
212 213
213 214
212 215
208 216
216 217
217 218
218 219
219 220
220 221
219 222
222 223
223 224
218 225
225 226
226 227
225 228
228 229
229 230
90 231
231 232
232 233
