0 1
1 2
1 3
3 4
3 5
3 6
6 7
7 8
6 9
3 10
10 11
11 12
10 13
3 14
3 15
15 16
16 17
17 18
18 19
18 20
18 21
21 22
22 23
21 24
15 25
25 26
26 27
27 28
27 29
27 30
30 31
31 32
30 33
15 34
34 35
35 36
36 37
36 38
36 39
39 40
40 41
39 42
42 43
15 44
44 45
45 46
46 47
46 48
46 49
49 50
50 51
51 52
50 53
49 54
15 55
55 56
56 57
57 58
57 59
57 60
60 61
60 62
62 63
63 64
62 65
62 66
66 67
67 68
67 69
69 70
66 71
15 72
72 73
73 74
72 75
75 76
76 77
77 78
78 79
77 80
15 81
81 82
82 83
83 84
83 85
83 86
15 87
87 88
88 89
89 90
89 91
89 92
15 93
93 94
94 95
95 96
96 97
95 98
95 99
99 100
99 101
101 102
102 103
15 104
104 105
105 106
106 107
106 108
106 109
104 110
110 111
111 112
110 113
113 114
104 115
115 116
116 117
104 118
118 119
119 120
120 121
121 122
120 123
123 124
119 125
125 126
126 127
127 128
128 129
129 130
128 131
131 132
127 133
133 134
134 135
133 136
136 137
125 138
138 139
139 140
140 141
125 142
118 143
143 144
144 145
145 146
144 147
147 148
143 149
149 150
150 151
151 152
152 153
153 154
152 155
155 156
151 157
157 158
158 159
157 160
160 161
149 162
162 163
163 164
164 165
149 166
118 167
167 168
168 169
169 170
170 171
169 172
172 173
168 174
174 175
175 176
174 177
177 178
167 179
179 180
180 181
181 182
182 183
183 184
182 185
185 186
181 187
187 188
188 189
187 190
190 191
179 192
192 193
193 194
194 195
167 196
196 197
197 198
198 199
199 200
200 201
199 202
202 203
198 204
204 205
205 206
204 207
207 208
196 209
209 210
210 211
211 212
15 213
213 214
214 215
215 216
215 217
215 218
218 219
219 220
218 221
221 222
222 223
221 224
15 225
225 226
226 227
225 228
228 229
229 230
230 231
231 232
230 233
233 234
234 235
235 236
236 237
235 238
238 239
239 240
238 241
241 242
242 243
241 244
233 245
15 246
246 247
247 248
