0 1
1 2
1 3
3 4
3 5
3 6
6 7
7 8
6 9
3 10
10 11
11 12
10 13
3 14
3 15
15 16
16 17
17 18
18 19
18 20
18 21
21 22
22 23
21 24
15 25
25 26
26 27
27 28
27 29
27 30
30 31
31 32
30 33
15 34
34 35
35 36
36 37
36 38
36 39
39 40
40 41
39 42
42 43
15 44
44 45
45 46
46 47
47 48
46 49
46 50
50 51
50 52
52 53
53 54
15 55
55 56
56 57
57 58
57 59
57 60
56 61
61 62
61 63
61 64
56 65
65 66
65 67
65 68
15 69
69 70
70 71
71 72
72 73
71 74
74 75
70 76
76 77
77 78
76 79
79 80
69 81
81 82
82 83
83 84
84 85
85 86
84 87
87 88
83 89
89 90
90 91
89 92
92 93
82 94
94 95
95 96
96 97
97 98
96 99
99 100
100 101
95 102
102 103
103 104
102 105
105 106
106 107
82 108
108 109
109 110
110 111
111 112
110 113
113 114
114 115
109 116
116 117
117 118
116 119
119 120
120 121
15 122
122 123
123 124
124 125
123 126
126 127
122 128
128 129
129 130
130 131
131 132
130 133
133 134
134 135
129 136
136 137
137 138
136 139
139 140
140 141
15 142
142 143
143 144
144 145
143 146
146 147
142 148
148 149
149 150
150 151
151 152
150 153
153 154
154 155
149 156
156 157
157 158
156 159
159 160
160 161
15 162
162 163
163 164
164 165
165 166
164 167
163 168
162 169
169 170
170 171
171 172
172 173
173 174
174 175
173 176
176 177
177 178
178 179
177 180
176 181
172 182
182 183
183 184
182 185
185 186
186 187
185 188
170 189
162 190
190 191
191 192
192 193
191 194
194 195
195 196
194 197
