0 1
1 2
1 3
3 4
3 5
3 6
6 7
7 8
6 9
3 10
10 11
11 12
10 13
3 14
3 15
15 16
16 17
17 18
18 19
18 20
18 21
21 22
22 23
23 24
22 25
21 26
15 27
27 28
28 29
29 30
29 31
29 32
32 33
33 34
34 35
33 36
32 37
15 38
38 39
39 40
40 41
41 42
40 43
40 44
44 45
44 46
46 47
47 48
48 49
49 50
48 51
51 52
47 53
15 54
54 55
55 56
56 57
56 58
56 59
15 60
60 61
61 62
62 63
62 64
62 65
15 66
66 67
67 68
68 69
68 70
68 71
15 72
72 73
73 74
74 75
75 76
74 77
77 78
73 79
79 80
80 81
79 82
82 83
72 84
84 85
85 86
86 87
87 88
88 89
87 90
90 91
86 92
92 93
93 94
92 95
95 96
85 97
97 98
98 99
99 100
100 101
101 102
100 103
103 104
104 105
99 106
106 107
107 108
106 109
109 110
97 111
111 112
112 113
113 114
85 115
115 116
116 117
117 118
118 119
117 120
120 121
116 122
122 123
123 124
122 125
125 126
115 127
127 128
128 129
129 130
130 131
131 132
130 133
133 134
134 135
129 136
136 137
137 138
136 139
139 140
127 141
141 142
142 143
143 144
15 145
145 146
146 147
147 148
146 149
149 150
145 151
151 152
152 153
153 154
154 155
155 156
154 157
157 158
158 159
153 160
160 161
161 162
160 163
163 164
151 165
165 166
166 167
167 168
15 169
169 170
170 171
171 172
170 173
173 174
169 175
175 176
176 177
177 178
178 179
179 180
178 181
181 182
182 183
177 184
184 185
185 186
184 187
187 188
175 189
189 190
190 191
191 192
15 193
193 194
194 195
195 196
195 197
195 198
198 199
199 200
200 201
199 202
198 203
15 204
204 205
205 206
206 207
207 208
208 209
207 210
206 211
205 212
204 213
213 214
214 215
215 216
216 217
215 218
218 219
15 220
220 221
221 222
222 223
222 224
222 225
225 226
226 227
226 228
228 229
229 230
230 231
231 232
230 233
233 234
229 235
235 236
236 237
235 238
238 239
239 240
238 241
225 242
15 243
243 244
244 245
