0 1
1 2
1 3
3 4
3 5
3 6
6 7
7 8
6 9
3 10
10 11
11 12
10 13
3 14
3 15
15 16
16 17
17 18
18 19
18 20
18 21
21 22
22 23
21 24
15 25
25 26
26 27
27 28
27 29
27 30
30 31
31 32
30 33
15 34
34 35
35 36
36 37
37 38
36 39
36 40
40 41
41 42
42 43
41 44
44 45
40 46
46 47
40 48
48 49
15 50
50 51
51 52
52 53
51 54
54 55
55 56
56 57
55 58
58 59
54 60
60 61
54 62
62 63
15 64
64 65
65 66
66 67
65 68
68 69
15 70
70 71
71 72
72 73
71 74
74 75
75 76
74 77
15 78
78 79
79 80
80 81
79 82
82 83
83 84
82 85
15 86
86 87
87 88
88 89
88 90
88 91
91 92
92 93
91 94
94 95
95 96
94 97
15 98
98 99
99 100
100 101
100 102
100 103
15 104
104 105
105 106
106 107
106 108
106 109
109 110
15 111
111 112
112 113
113 114
112 115
115 116
111 117
117 118
118 119
119 120
120 121
120 122
120 123
123 124
124 125
125 126
126 127
125 128
128 129
123 130
117 131
131 132
132 133
133 134
133 135
133 136
136 137
137 138
138 139
139 140
140 141
139 142
142 143
137 144
136 145
145 146
117 147
147 148
148 149
149 150
149 151
149 152
152 153
153 154
154 155
155 156
154 157
153 158
152 159
159 160
160 161
159 162
162 163
163 164
162 165
152 166
166 167
117 168
168 169
169 170
170 171
170 172
170 173
173 174
174 175
175 176
176 177
175 178
174 179
173 180
180 181
181 182
180 183
183 184
184 185
183 186
173 187
187 188
117 189
189 190
190 191
191 192
191 193
191 194
194 195
195 196
196 197
195 198
198 199
194 200
200 201
201 202
200 203
203 204
194 205
117 206
206 207
207 208
208 209
208 210
208 211
211 212
212 213
213 214
212 215
215 216
211 217
217 218
218 219
217 220
220 221
211 222
117 223
223 224
224 225
225 226
226 227
225 228
228 229
224 230
230 231
231 232
230 233
233 234
223 235
235 236
236 237
237 238
238 239
239 240
238 241
241 242
237 243
243 244
244 245
243 246
246 247
236 248
248 249
249 250
250 251
251 252
250 253
253 254
254 255
255 256
256 257
257 258
258 259
257 260
260 261
255 262
254 263
253 264
264 265
265 266
265 267
267 268
268 269
269 270
270 271
269 272
269 273
273 274
269 275
275 276
268 277
277 278
278 279
277 280
277 281
281 282
277 283
283 284
264 285
253 286
286 287
286 288
288 289
289 290
288 291
288 292
292 293
288 294
294 295
248 296
296 297
297 298
223 299
299 300
300 301
301 302
300 303
303 304
299 305
305 306
306 307
307 308
308 309
307 310
310 311
311 312
310 313
299 314
314 315
315 316
316 317
317 318
316 319
319 320
320 321
319 322
15 323
323 324
324 325
