0 1
1 2
1 3
3 4
3 5
3 6
6 7
7 8
6 9
3 10
10 11
11 12
10 13
3 14
3 15
15 16
16 17
17 18
18 19
19 20
18 21
17 22
22 23
23 24
22 25
16 26
26 27
27 28
28 29
28 30
30 31
28 32
32 33
15 34
34 35
35 36
36 37
36 38
36 39
39 40
40 41
39 42
15 43
43 44
44 45
45 46
45 47
45 48
48 49
49 50
48 51
15 52
52 53
53 54
54 55
54 56
54 57
53 58
58 59
58 60
58 61
61 62
15 63
63 64
64 65
65 66
64 67
67 68
63 69
69 70
70 71
71 72
72 73
72 74
72 75
75 76
76 77
77 78
78 79
77 80
80 81
75 82
69 83
83 84
84 85
85 86
85 87
85 88
88 89
89 90
90 91
91 92
92 93
93 94
92 95
95 96
91 97
89 98
88 99
99 100
69 101
101 102
102 103
103 104
103 105
103 106
106 107
107 108
108 109
109 110
108 111
106 112
112 113
113 114
112 115
106 116
116 117
117 118
116 119
119 120
120 121
119 122
69 123
123 124
124 125
125 126
125 127
125 128
128 129
129 130
130 131
131 132
130 133
128 134
134 135
135 136
134 137
128 138
138 139
139 140
138 141
141 142
142 143
141 144
69 145
145 146
146 147
147 148
147 149
147 150
150 151
151 152
152 153
153 154
152 155
155 156
150 157
157 158
158 159
157 160
150 161
161 162
162 163
161 164
164 165
69 166
166 167
167 168
168 169
168 170
168 171
171 172
172 173
173 174
174 175
173 176
176 177
171 178
178 179
179 180
178 181
171 182
182 183
183 184
182 185
185 186
69 187
187 188
188 189
189 190
190 191
189 192
192 193
188 194
194 195
195 196
194 197
197 198
187 199
199 200
200 201
201 202
202 203
203 204
204 205
205 206
204 207
207 208
202 209
201 210
200 211
211 212
212 213
213 214
214 215
215 216
216 217
217 218
216 219
216 220
220 221
216 222
222 223
215 224
224 225
225 226
224 227
224 228
228 229
224 230
230 231
213 232
200 233
233 234
234 235
235 236
236 237
235 238
235 239
239 240
235 241
241 242
187 243
243 244
244 245
245 246
244 247
247 248
243 249
249 250
250 251
251 252
252 253
251 254
254 255
255 256
254 257
243 258
258 259
259 260
260 261
261 262
260 263
263 264
264 265
263 266
15 267
267 268
