0 1
1 2
1 3
3 4
4 5
5 6
5 7
7 8
7 9
9 10
4 11
4 12
12 13
13 14
1 15
15 16
16 17
17 18
17 19
19 20
16 21
16 22
22 23
23 24
1 25
25 26
25 27
25 28
28 29
29 30
28 31
25 32
32 33
32 34
25 35
35 36
35 37
37 38
37 39
39 40
25 41
41 42
42 43
43 44
44 45
43 46
43 47
47 48
41 49
49 50
50 51
50 52
52 53
50 54
54 55
50 56
56 57
50 58
58 59
50 60
50 61
41 62
62 63
63 64
1 65
65 66
65 67
65 68
68 69
69 70
69 71
71 72
71 73
73 74
68 75
65 76
76 77
77 78
77 79
79 80
76 81
65 82
82 83
83 84
82 85
65 86
86 87
86 88
65 89
89 90
89 91
65 92
92 93
92 94
65 95
65 96
96 97
97 98
98 99
99 100
98 101
101 102
97 103
103 104
104 105
105 106
106 107
105 108
105 109
109 110
110 111
109 112
112 113
103 114
96 115
115 116
116 117
117 118
118 119
117 120
120 121
121 122
120 123
116 124
124 125
125 126
124 127
127 128
115 129
129 130
96 131
131 132
132 133
133 134
132 135
132 136
136 137
137 138
136 139
139 140
96 141
141 142
142 143
142 144
144 145
142 146
146 147
142 148
148 149
142 150
150 151
142 152
152 153
153 154
152 155
142 156
156 157
157 158
156 159
159 160
160 161
159 162
162 163
96 164
164 165
165 166
166 167
165 168
165 169
169 170
170 171
171 172
170 173
169 174
96 175
175 176
176 177
177 178
178 179
179 180
178 181
177 182
182 183
183 184
182 185
176 186
186 187
187 188
188 189
187 190
190 191
186 192
192 193
193 194
192 195
195 196
196 197
195 198
175 199
199 200
200 201
201 202
202 203
96 204
204 205
205 206
205 207
207 208
205 209
209 210
205 211
211 212
205 213
213 214
205 215
215 216
216 217
215 218
205 219
219 220
