0 1
1 2
1 3
3 4
3 5
3 6
6 7
7 8
6 9
3 10
10 11
10 12
3 13
13 14
13 15
15 16
15 17
17 18
3 19
19 20
20 21
21 22
22 23
23 24
23 25
25 26
25 27
27 28
22 29
22 30
30 31
31 32
19 33
33 34
34 35
35 36
34 37
34 38
38 39
19 40
40 41
41 42
41 43
43 44
41 45
45 46
46 47
41 48
48 49
41 50
50 51
41 52
19 53
53 54
54 55
1 56
56 57
56 58
56 59
56 60
60 61
61 62
61 63
63 64
63 65
65 66
60 67
56 68
68 69
69 70
69 71
71 72
68 73
56 74
74 75
75 76
74 77
56 78
78 79
78 80
56 81
81 82
81 83
56 84
56 85
85 86
86 87
87 88
88 89
87 90
86 91
91 92
86 93
93 94
94 95
95 96
94 97
93 98
98 99
99 100
100 101
101 102
100 103
100 104
104 105
105 106
104 107
107 108
98 109
93 110
110 111
111 112
112 113
113 114
113 115
113 116
116 117
111 118
118 119
119 120
118 121
121 122
122 123
121 124
111 125
125 126
126 127
111 128
128 129
129 130
130 131
131 132
132 133
131 134
134 135
130 136
136 137
137 138
138 139
137 140
140 141
136 142
142 143
143 144
142 145
145 146
146 147
145 148
129 149
149 150
128 151
151 152
152 153
153 154
152 155
152 156
156 157
157 158
156 159
159 160
128 161
161 162
162 163
162 164
164 165
162 166
166 167
162 168
168 169
162 170
170 171
171 172
170 173
173 174
174 175
173 176
176 177
162 178
178 179
179 180
178 181
128 182
182 183
183 184
184 185
183 186
183 187
187 188
188 189
189 190
188 191
187 192
