0 1
1 2
1 3
3 4
3 5
3 6
3 7
7 8
8 9
9 10
9 11
11 12
11 13
13 14
8 15
3 16
16 17
16 18
16 19
3 20
20 21
20 22
20 23
23 24
23 25
25 26
25 27
27 28
20 29
29 30
30 31
31 32
3 33
33 34
33 35
33 36
36 37
37 38
37 39
39 40
39 41
41 42
36 43
33 44
33 45
45 46
46 47
47 48
48 49
48 50
47 51
51 52
1 53
53 54
54 55
55 56
56 57
54 58
1 59
59 60
60 61
61 62
62 63
63 64
60 65
1 66
66 67
66 68
66 69
69 70
70 71
69 72
66 73
73 74
73 75
66 76
76 77
76 78
78 79
78 80
80 81
66 82
82 83
83 84
84 85
85 86
86 87
85 88
84 89
89 90
90 91
91 92
90 93
89 94
83 95
95 96
96 97
97 98
98 99
82 100
100 101
101 102
102 103
101 104
101 105
105 106
82 107
107 108
108 109
109 110
108 111
111 112
111 113
113 114
114 115
115 116
114 117
111 118
118 119
119 120
120 121
119 122
82 123
123 124
124 125
125 126
124 127
127 128
128 129
127 130
130 131
131 132
132 133
131 134
127 135
135 136
136 137
137 138
136 139
82 140
140 141
141 142
141 143
143 144
141 145
145 146
146 147
147 148
146 149
145 150
141 151
151 152
82 153
153 154
154 155
155 156
156 157
155 158
155 159
159 160
160 161
161 162
160 163
163 164
164 165
165 166
164 167
163 168
159 169
169 170
82 171
171 172
172 173
173 174
174 175
173 176
172 177
177 178
178 179
177 180
180 181
181 182
180 183
172 184
184 185
185 186
82 187
82 188
1 189
189 190
189 191
189 192
192 193
193 194
192 195
189 196
196 197
196 198
189 199
199 200
199 201
189 202
189 203
203 204
204 205
205 206
206 207
205 208
204 209
209 210
203 211
211 212
212 213
213 214
214 215
213 216
216 217
212 218
218 219
211 220
220 221
203 222
222 223
223 224
224 225
225 226
226 227
225 228
228 229
224 230
230 231
223 232
203 233
233 234
234 235
235 236
236 237
236 238
238 239
238 240
240 241
235 242
235 243
243 244
244 245
203 246
246 247
247 248
248 249
247 250
250 251
251 252
250 253
253 254
246 255
255 256
256 257
257 258
258 259
259 260
259 261
261 262
258 263
258 264
264 265
265 266
255 267
267 268
268 269
269 270
268 271
268 272
272 273
273 274
272 275
275 276
255 277
277 278
278 279
279 280
278 281
278 282
282 283
203 284
284 285
285 286
286 287
287 288
286 289
289 290
290 291
289 292
292 293
285 294
294 295
295 296
294 297
284 298
298 299
299 300
300 301
300 302
302 303
300 304
304 305
305 306
304 307
300 308
308 309
309 310
308 311
311 312
312 313
311 314
314 315
298 316
316 317
317 318
318 319
319 320
318 321
318 322
322 323
323 324
324 325
323 326
326 327
327 328
326 329
322 330
330 331
331 332
330 333
333 334
334 335
333 336
336 337
298 338
338 339
339 340
340 341
339 342
338 343
343 344
344 345
345 346
346 347
347 348
346 349
345 350
345 351
351 352
352 353
352 354
351 355
355 356
356 357
357 358
358 359
359 360
359 361
361 362
358 363
358 364
364 365
365 366
364 367
367 368
355 369
369 370
370 371
371 372
370 373
370 374
374 375
375 376
374 377
377 378
355 379
379 380
380 381
381 382
380 383
380 384
384 385
203 386
386 387
387 388
388 389
387 390
386 391
391 392
392 393
393 394
393 395
395 396
393 397
397 398
398 399
397 400
393 401
401 402
391 403
403 404
404 405
405 406
406 407
405 408
405 409
409 410
410 411
411 412
410 413
413 414
414 415
413 416
409 417
417 418
391 419
419 420
420 421
421 422
420 423
419 424
424 425
425 426
426 427
427 428
428 429
427 430
426 431
426 432
432 433
433 434
433 435
432 436
436 437
437 438
438 439
439 440
440 441
440 442
442 443
439 444
439 445
445 446
446 447
445 448
448 449
436 450
450 451
451 452
452 453
451 454
451 455
455 456
203 457
457 458
458 459
459 460
460 461
459 462
458 463
457 464
464 465
465 466
466 467
467 468
468 469
467 470
467 471
471 472
472 473
464 474
474 475
475 476
476 477
475 478
475 479
479 480
464 481
481 482
482 483
483 484
484 485
485 486
484 487
487 488
483 489
489 490
482 491
491 492
