0 1
1 2
1 3
3 4
3 5
3 6
6 7
7 8
6 9
3 10
10 11
10 12
3 13
13 14
13 15
15 16
15 17
17 18
3 19
19 20
20 21
21 22
22 23
23 24
23 25
25 26
25 27
27 28
22 29
22 30
30 31
31 32
19 33
33 34
34 35
35 36
34 37
34 38
38 39
19 40
40 41
41 42
41 43
41 44
44 45
41 46
46 47
41 48
48 49
49 50
41 51
51 52
19 53
53 54
54 55
1 56
56 57
56 58
58 59
58 60
56 61
61 62
62 63
61 64
56 65
65 66
65 67
56 68
68 69
69 70
69 71
71 72
68 73
56 74
74 75
75 76
75 77
77 78
77 79
79 80
74 81
56 82
56 83
83 84
84 85
85 86
86 87
85 88
84 89
89 90
90 91
91 92
92 93
91 94
91 95
95 96
96 97
95 98
98 99
89 100
83 101
101 102
102 103
103 104
103 105
103 106
106 107
101 108
108 109
109 110
108 111
111 112
112 113
111 114
101 115
115 116
116 117
101 118
118 119
119 120
120 121
121 122
122 123
121 124
124 125
120 126
126 127
119 128
118 129
129 130
130 131
131 132
132 133
131 134
134 135
130 136
136 137
137 138
138 139
137 140
140 141
136 142
142 143
143 144
142 145
145 146
146 147
145 148
129 149
118 150
150 151
151 152
152 153
151 154
151 155
155 156
156 157
155 158
158 159
118 160
160 161
161 162
161 163
163 164
164 165
163 166
161 167
167 168
161 169
169 170
170 171
169 172
172 173
173 174
172 175
175 176
161 177
177 178
161 179
179 180
118 181
181 182
182 183
183 184
182 185
182 186
186 187
187 188
188 189
187 190
186 191
