0 1
1 2
1 3
3 4
3 5
3 6
6 7
7 8
6 9
3 10
10 11
10 12
3 13
13 14
13 15
15 16
15 17
17 18
3 19
19 20
20 21
21 22
22 23
21 24
21 25
25 26
19 27
27 28
28 29
29 30
30 31
30 32
32 33
29 34
29 35
35 36
36 37
19 38
38 39
39 40
40 41
41 42
41 43
43 44
43 45
45 46
40 47
40 48
48 49
49 50
19 51
51 52
52 53
52 54
54 55
52 56
56 57
52 58
52 59
59 60
52 61
61 62
19 63
63 64
64 65
1 66
66 67
66 68
68 69
69 70
68 71
66 72
72 73
72 74
66 75
75 76
75 77
66 78
78 79
79 80
79 81
81 82
81 83
83 84
78 85
66 86
86 87
87 88
87 89
89 90
86 91
66 92
66 93
93 94
94 95
95 96
96 97
95 98
94 99
99 100
100 101
101 102
102 103
101 104
101 105
105 106
106 107
105 108
108 109
99 110
93 111
111 112
112 113
113 114
113 115
113 116
116 117
111 118
118 119
119 120
118 121
121 122
122 123
121 124
111 125
125 126
126 127
111 128
128 129
129 130
130 131
131 132
132 133
131 134
134 135
130 136
136 137
137 138
138 139
137 140
140 141
136 142
142 143
143 144
142 145
145 146
146 147
145 148
129 149
128 150
150 151
151 152
152 153
153 154
152 155
155 156
151 157
157 158
150 159
128 160
160 161
161 162
162 163
161 164
161 165
165 166
166 167
165 168
168 169
128 170
170 171
171 172
171 173
173 174
171 175
175 176
176 177
175 178
178 179
179 180
178 181
181 182
171 183
183 184
184 185
183 186
171 187
187 188
171 189
189 190
128 191
191 192
192 193
193 194
192 195
192 196
196 197
197 198
198 199
197 200
196 201
