0 1
1 2
1 3
3 4
3 5
5 6
6 7
6 8
8 9
8 10
10 11
5 12
5 13
13 14
14 15
1 16
16 17
16 18
16 19
19 20
20 21
19 22
16 23
23 24
23 25
16 26
26 27
26 28
28 29
28 30
30 31
16 32
32 33
33 34
34 35
35 36
36 37
36 38
38 39
35 40
35 41
41 42
42 43
32 44
44 45
45 46
46 47
45 48
45 49
49 50
32 51
51 52
52 53
52 54
54 55
52 56
56 57
52 58
52 59
59 60
32 61
61 62
62 63
63 64
62 65
65 66
1 67
67 68
67 69
67 70
70 71
71 72
70 73
67 74
74 75
74 76
67 77
77 78
77 79
67 80
80 81
81 82
81 83
83 84
80 85
67 86
67 87
87 88
88 89
89 90
90 91
89 92
88 93
93 94
87 95
95 96
96 97
97 98
96 99
95 100
100 101
101 102
102 103
103 104
102 105
102 106
106 107
107 108
106 109
109 110
100 111
87 112
112 113
113 114
114 115
114 116
114 117
117 118
112 119
119 120
120 121
119 122
122 123
123 124
122 125
112 126
126 127
127 128
112 129
129 130
130 131
131 132
132 133
133 134
132 135
135 136
131 137
137 138
138 139
139 140
138 141
141 142
137 143
143 144
144 145
143 146
146 147
147 148
146 149
130 150
150 151
129 152
152 153
153 154
154 155
155 156
154 157
157 158
153 159
159 160
152 161
161 162
129 163
163 164
164 165
165 166
164 167
164 168
168 169
169 170
168 171
171 172
129 173
173 174
174 175
174 176
176 177
174 178
178 179
179 180
178 181
181 182
182 183
181 184
184 185
174 186
186 187
187 188
186 189
174 190
190 191
129 192
192 193
193 194
194 195
193 196
193 197
197 198
198 199
199 200
198 201
197 202
