0 1
1 2
1 3
3 4
3 5
3 6
6 7
7 8
6 9
3 10
10 11
10 12
3 13
13 14
13 15
15 16
15 17
17 18
3 19
19 20
20 21
21 22
22 23
21 24
21 25
25 26
19 27
27 28
28 29
29 30
29 31
29 32
32 33
33 34
32 35
19 36
36 37
37 38
38 39
39 40
39 41
41 42
41 43
43 44
38 45
38 46
46 47
47 48
19 49
49 50
50 51
51 52
51 53
51 54
49 55
55 56
56 57
55 58
58 59
49 60
60 61
61 62
49 63
63 64
64 65
65 66
66 67
67 68
66 69
65 70
70 71
71 72
72 73
71 74
74 75
70 76
76 77
77 78
76 79
79 80
80 81
79 82
64 83
63 84
84 85
85 86
86 87
86 88
86 89
89 90
90 91
89 92
84 93
93 94
94 95
93 96
96 97
84 98
98 99
99 100
84 101
101 102
102 103
103 104
104 105
105 106
104 107
107 108
108 109
109 110
108 111
103 112
112 113
113 114
114 115
113 116
116 117
112 118
118 119
119 120
118 121
121 122
122 123
121 124
102 125
101 126
126 127
127 128
128 129
128 130
128 131
131 132
132 133
131 134
101 135
135 136
136 137
137 138
137 139
137 140
140 141
141 142
140 143
101 144
144 145
145 146
146 147
145 148
148 149
144 150
150 151
151 152
152 153
153 154
153 155
153 156
156 157
157 158
156 159
159 160
150 161
161 162
162 163
163 164
162 165
165 166
166 167
165 168
168 169
150 170
170 171
171 172
172 173
171 174
174 175
175 176
174 177
177 178
150 179
179 180
180 181
181 182
180 183
183 184
184 185
183 186
186 187
150 188
188 189
189 190
190 191
189 192
192 193
188 194
194 195
195 196
196 197
197 198
198 199
198 200
200 201
197 202
197 203
203 204
204 205
203 206
203 207
207 208
208 209
207 210
210 211
203 212
212 213
213 214
212 215
215 216
203 217
217 218
218 219
217 220
220 221
203 222
222 223
223 224
222 225
225 226
194 227
227 228
228 229
229 230
228 231
228 232
232 233
194 234
234 235
235 236
236 237
194 238
238 239
239 240
240 241
194 242
242 243
243 244
244 245
245 246
244 247
247 248
243 249
249 250
250 251
251 252
250 253
253 254
249 255
255 256
256 257
255 258
258 259
259 260
258 261
242 262
262 263
263 264
264 265
194 266
266 267
267 268
268 269
269 270
268 271
271 272
267 273
273 274
274 275
275 276
274 277
277 278
273 279
279 280
280 281
279 282
282 283
283 284
282 285
266 286
286 287
287 288
288 289
188 290
290 291
291 292
292 293
291 294
294 295
290 296
296 297
297 298
298 299
290 300
300 301
301 302
302 303
19 304
304 305
305 306
