0 1
1 2
1 3
3 4
3 5
3 6
6 7
7 8
6 9
3 10
10 11
10 12
3 13
13 14
13 15
15 16
15 17
17 18
3 19
19 20
20 21
21 22
22 23
23 24
23 25
25 26
25 27
27 28
22 29
22 30
30 31
31 32
19 33
33 34
34 35
35 36
35 37
35 38
38 39
39 40
38 41
19 42
42 43
43 44
44 45
43 46
43 47
47 48
19 49
49 50
50 51
51 52
51 53
51 54
49 55
55 56
56 57
55 58
58 59
49 60
60 61
61 62
49 63
63 64
64 65
65 66
66 67
67 68
66 69
65 70
70 71
71 72
72 73
71 74
74 75
70 76
76 77
77 78
76 79
79 80
80 81
79 82
64 83
63 84
84 85
85 86
86 87
86 88
86 89
89 90
90 91
89 92
84 93
93 94
94 95
93 96
96 97
97 98
96 99
84 100
100 101
101 102
84 103
103 104
104 105
105 106
106 107
107 108
106 109
109 110
110 111
109 112
105 113
113 114
114 115
115 116
114 117
117 118
113 119
119 120
120 121
119 122
122 123
123 124
122 125
104 126
103 127
127 128
128 129
129 130
129 131
129 132
132 133
133 134
132 135
103 136
136 137
137 138
138 139
138 140
138 141
141 142
142 143
141 144
103 145
145 146
146 147
147 148
146 149
149 150
145 151
151 152
152 153
153 154
154 155
154 156
154 157
157 158
158 159
159 160
158 161
161 162
157 163
163 164
164 165
163 166
166 167
151 168
168 169
169 170
170 171
169 172
172 173
173 174
174 175
173 176
176 177
172 178
178 179
179 180
178 181
181 182
151 183
183 184
184 185
185 186
184 187
187 188
183 189
189 190
190 191
191 192
192 193
183 194
194 195
195 196
196 197
195 198
198 199
194 200
200 201
201 202
202 203
203 204
194 205
205 206
206 207
207 208
208 209
207 210
207 211
211 212
212 213
211 214
211 215
215 216
216 217
215 218
218 219
211 220
220 221
221 222
220 223
223 224
211 225
225 226
226 227
225 228
228 229
211 230
230 231
231 232
230 233
233 234
205 235
235 236
236 237
237 238
205 239
239 240
240 241
241 242
205 243
243 244
244 245
245 246
246 247
245 248
248 249
244 250
250 251
251 252
252 253
251 254
254 255
250 256
256 257
257 258
256 259
259 260
260 261
259 262
243 263
263 264
264 265
265 266
205 267
267 268
268 269
269 270
270 271
269 272
272 273
268 274
274 275
275 276
276 277
275 278
278 279
274 280
280 281
281 282
280 283
283 284
284 285
283 286
267 287
287 288
288 289
289 290
19 291
291 292
292 293
