0 1
1 2
1 3
3 4
3 5
3 6
6 7
7 8
6 9
3 10
10 11
10 12
3 13
13 14
13 15
15 16
15 17
17 18
3 19
19 20
20 21
21 22
22 23
23 24
23 25
25 26
25 27
27 28
22 29
22 30
30 31
31 32
31 33
33 34
33 35
35 36
19 37
37 38
38 39
39 40
38 41
38 42
42 43
19 44
44 45
45 46
46 47
46 48
46 49
49 50
50 51
49 52
19 53
53 54
54 55
55 56
55 57
55 58
53 59
59 60
60 61
59 62
62 63
53 64
64 65
65 66
53 67
67 68
68 69
69 70
70 71
71 72
70 73
69 74
74 75
75 76
76 77
75 78
78 79
74 80
80 81
81 82
80 83
83 84
84 85
83 86
68 87
67 88
88 89
89 90
90 91
90 92
90 93
93 94
94 95
93 96
88 97
97 98
98 99
97 100
100 101
88 102
102 103
103 104
88 105
105 106
106 107
107 108
108 109
109 110
108 111
111 112
112 113
113 114
112 115
107 116
116 117
117 118
118 119
117 120
120 121
116 122
122 123
123 124
122 125
125 126
126 127
125 128
106 129
105 130
130 131
131 132
132 133
132 134
132 135
135 136
136 137
135 138
105 139
139 140
140 141
141 142
141 143
141 144
144 145
145 146
144 147
105 148
148 149
149 150
150 151
149 152
152 153
148 154
154 155
155 156
156 157
157 158
157 159
157 160
160 161
161 162
160 163
163 164
154 165
165 166
166 167
167 168
166 169
169 170
170 171
169 172
172 173
154 174
174 175
175 176
176 177
175 178
178 179
179 180
178 181
181 182
154 183
183 184
184 185
185 186
184 187
187 188
188 189
187 190
190 191
154 192
192 193
193 194
194 195
193 196
196 197
192 198
198 199
199 200
200 201
201 202
202 203
202 204
204 205
201 206
201 207
207 208
208 209
208 210
210 211
198 212
212 213
213 214
214 215
213 216
213 217
217 218
218 219
217 220
220 221
198 222
222 223
223 224
224 225
223 226
223 227
227 228
228 229
227 230
230 231
198 232
232 233
233 234
234 235
233 236
233 237
237 238
238 239
237 240
240 241
198 242
242 243
243 244
244 245
243 246
243 247
247 248
248 249
247 250
250 251
198 252
252 253
253 254
254 255
253 256
253 257
257 258
258 259
258 260
260 261
257 262
262 263
198 264
264 265
265 266
266 267
198 268
268 269
269 270
270 271
198 272
272 273
273 274
274 275
275 276
274 277
277 278
273 279
279 280
280 281
281 282
280 283
283 284
279 285
285 286
286 287
285 288
288 289
289 290
288 291
272 292
292 293
293 294
294 295
198 296
296 297
297 298
298 299
299 300
298 301
301 302
297 303
303 304
304 305
305 306
304 307
307 308
303 309
309 310
310 311
309 312
312 313
313 314
312 315
296 316
316 317
317 318
318 319
192 320
320 321
321 322
322 323
321 324
324 325
320 326
326 327
327 328
328 329
329 330
320 331
331 332
332 333
333 334
334 335
19 336
336 337
337 338
