0 1
1 2
1 3
3 4
3 5
3 6
6 7
7 8
6 9
3 10
10 11
10 12
3 13
13 14
13 15
15 16
15 17
17 18
3 19
19 20
20 21
21 22
22 23
23 24
23 25
25 26
25 27
27 28
22 29
22 30
30 31
31 32
19 33
33 34
34 35
35 36
36 37
35 38
34 39
39 40
40 41
41 42
40 43
39 44
33 45
45 46
46 47
19 48
48 49
49 50
50 51
49 52
49 53
53 54
19 55
55 56
56 57
57 58
57 59
57 60
55 61
61 62
62 63
61 64
64 65
65 66
66 67
65 68
64 69
55 70
70 71
71 72
55 73
73 74
74 75
75 76
76 77
77 78
76 79
75 80
80 81
81 82
82 83
81 84
84 85
80 86
86 87
87 88
86 89
89 90
90 91
89 92
74 93
73 94
94 95
95 96
96 97
96 98
96 99
99 100
100 101
99 102
94 103
103 104
104 105
103 106
106 107
107 108
108 109
107 110
106 111
94 112
112 113
113 114
94 115
115 116
116 117
117 118
118 119
119 120
118 121
121 122
122 123
121 124
117 125
125 126
126 127
127 128
126 129
129 130
125 131
131 132
132 133
131 134
134 135
135 136
134 137
116 138
115 139
139 140
140 141
141 142
141 143
141 144
144 145
145 146
144 147
140 148
148 149
148 150
148 151
151 152
152 153
153 154
152 155
151 156
115 157
157 158
158 159
159 160
158 161
161 162
157 163
163 164
164 165
165 166
166 167
166 168
166 169
169 170
170 171
171 172
172 173
172 174
174 175
175 176
174 177
177 178
171 179
179 180
180 181
179 182
182 183
170 184
184 185
185 186
184 187
187 188
169 189
189 190
190 191
189 192
192 193
163 194
194 195
195 196
196 197
195 198
198 199
194 200
200 201
201 202
202 203
203 204
202 205
202 206
206 207
207 208
206 209
206 210
210 211
211 212
210 213
213 214
206 215
215 216
216 217
215 218
218 219
206 220
220 221
221 222
220 223
223 224
206 225
225 226
226 227
225 228
228 229
200 230
230 231
231 232
232 233
200 234
234 235
235 236
236 237
200 238
238 239
239 240
240 241
241 242
240 243
243 244
239 245
245 246
246 247
247 248
246 249
249 250
245 251
251 252
252 253
251 254
254 255
255 256
254 257
238 258
258 259
259 260
260 261
200 262
262 263
263 264
264 265
265 266
264 267
267 268
263 269
269 270
270 271
271 272
270 273
273 274
269 275
275 276
276 277
275 278
278 279
279 280
278 281
262 282
282 283
283 284
284 285
194 286
286 287
287 288
288 289
287 290
290 291
286 292
292 293
293 294
294 295
295 296
286 297
297 298
298 299
299 300
300 301
19 302
302 303
303 304
