0 1
1 2
1 3
3 4
3 5
3 6
6 7
7 8
6 9
3 10
10 11
10 12
3 13
13 14
13 15
15 16
15 17
17 18
3 19
19 20
20 21
21 22
22 23
23 24
23 25
25 26
25 27
27 28
22 29
22 30
30 31
31 32
19 33
33 34
34 35
35 36
36 37
35 38
34 39
39 40
40 41
41 42
40 43
39 44
33 45
45 46
46 47
47 48
48 49
19 50
50 51
51 52
52 53
51 54
51 55
55 56
19 57
57 58
58 59
59 60
59 61
59 62
57 63
63 64
64 65
63 66
66 67
67 68
68 69
67 70
66 71
57 72
72 73
73 74
57 75
75 76
76 77
77 78
78 79
79 80
78 81
77 82
82 83
83 84
84 85
83 86
86 87
82 88
88 89
89 90
88 91
91 92
92 93
91 94
76 95
95 96
75 97
97 98
98 99
99 100
99 101
99 102
102 103
103 104
102 105
97 106
106 107
107 108
106 109
109 110
110 111
111 112
110 113
109 114
97 115
115 116
116 117
97 118
118 119
119 120
120 121
121 122
122 123
121 124
124 125
125 126
124 127
120 128
128 129
129 130
130 131
129 132
132 133
128 134
134 135
135 136
134 137
137 138
138 139
137 140
119 141
141 142
118 143
143 144
144 145
145 146
145 147
145 148
148 149
149 150
148 151
118 152
152 153
153 154
154 155
154 156
154 157
157 158
158 159
159 160
158 161
157 162
118 163
163 164
164 165
165 166
164 167
167 168
163 169
169 170
170 171
171 172
172 173
172 174
172 175
175 176
176 177
177 178
178 179
178 180
180 181
181 182
180 183
183 184
177 185
185 186
186 187
185 188
188 189
176 190
190 191
191 192
190 193
193 194
175 195
195 196
196 197
195 198
198 199
169 200
200 201
201 202
202 203
201 204
204 205
200 206
206 207
207 208
208 209
209 210
208 211
208 212
212 213
213 214
212 215
212 216
216 217
217 218
216 219
219 220
212 221
221 222
222 223
221 224
224 225
212 226
226 227
227 228
226 229
229 230
212 231
231 232
232 233
231 234
234 235
206 236
236 237
237 238
238 239
206 240
240 241
241 242
242 243
206 244
244 245
245 246
246 247
247 248
246 249
249 250
245 251
251 252
252 253
253 254
252 255
255 256
251 257
257 258
258 259
257 260
260 261
261 262
260 263
244 264
264 265
265 266
266 267
267 268
206 269
269 270
270 271
271 272
272 273
271 274
274 275
270 276
276 277
277 278
278 279
277 280
280 281
276 282
282 283
283 284
282 285
285 286
286 287
285 288
269 289
289 290
290 291
291 292
292 293
200 294
294 295
295 296
296 297
295 298
298 299
294 300
300 301
301 302
302 303
303 304
294 305
305 306
306 307
307 308
308 309
19 310
310 311
311 312
312 313
311 314
314 315
