0 1
1 2
1 3
3 4
3 5
3 6
6 7
7 8
8 9
6 10
3 11
11 12
3 13
13 14
14 15
15 16
16 17
17 18
17 19
19 20
16 21
16 22
22 23
23 24
13 25
25 26
26 27
27 28
28 29
27 30
25 31
31 32
25 33
33 34
34 35
35 36
36 37
35 38
35 39
39 40
40 41
39 42
13 43
43 44
44 45
45 46
44 47
44 48
48 49
13 50
50 51
51 52
52 53
52 54
52 55
55 56
56 57
55 58
55 59
13 60
60 61
61 62
62 63
63 64
62 65
61 66
61 67
67 68
13 69
69 70
70 71
71 72
72 73
71 74
71 75
13 76
76 77
77 78
78 79
78 80
78 81
13 82
82 83
83 84
84 85
84 86
84 87
82 88
88 89
89 90
88 91
91 92
82 93
93 94
94 95
82 96
96 97
97 98
98 99
99 100
100 101
100 102
102 103
99 104
99 105
105 106
106 107
96 108
108 109
109 110
110 111
110 112
110 113
108 114
114 115
115 116
114 117
117 118
118 119
117 120
108 121
121 122
122 123
108 124
124 125
125 126
126 127
127 128
127 129
127 130
130 131
131 132
132 133
131 134
134 135
130 136
130 137
137 138
124 139
139 140
140 141
141 142
140 143
140 144
144 145
96 146
146 147
147 148
148 149
147 150
150 151
151 152
150 153
96 154
154 155
155 156
156 157
155 158
154 159
159 160
160 161
161 162
162 163
161 164
164 165
165 166
166 167
165 168
164 169
154 170
170 171
13 172
172 173
173 174
174 175
175 176
174 177
173 178
172 179
179 180
180 181
181 182
172 183
183 184
184 185
