0 1
1 2
1 3
3 4
3 5
3 6
6 7
7 8
8 9
6 10
3 11
11 12
3 13
13 14
14 15
15 16
16 17
17 18
16 19
16 20
20 21
21 22
20 23
13 24
24 25
25 26
26 27
27 28
26 29
24 30
30 31
24 32
32 33
33 34
34 35
35 36
34 37
34 38
38 39
33 40
32 41
41 42
42 43
43 44
43 45
43 46
46 47
47 48
48 49
49 50
48 51
47 52
52 53
53 54
52 55
46 56
56 57
57 58
56 59
46 60
60 61
61 62
60 63
32 64
64 65
65 66
66 67
67 68
66 69
66 70
70 71
71 72
70 73
32 74
74 75
75 76
76 77
76 78
76 79
32 80
80 81
81 82
82 83
82 84
82 85
32 86
86 87
87 88
88 89
87 90
90 91
91 92
90 93
93 94
86 95
95 96
96 97
97 98
98 99
99 100
98 101
98 102
102 103
97 104
104 105
105 106
104 107
104 108
108 109
96 110
110 111
111 112
112 113
113 114
112 115
112 116
116 117
117 118
116 119
116 120
120 121
96 122
122 123
123 124
124 125
123 126
95 127
127 128
128 129
129 130
32 131
131 132
132 133
133 134
132 135
135 136
136 137
135 138
13 139
139 140
140 141
