0 1
1 2
1 3
3 4
3 5
3 6
6 7
7 8
8 9
6 10
3 11
11 12
3 13
13 14
14 15
15 16
16 17
17 18
18 19
17 20
16 21
15 22
15 23
23 24
13 25
25 26
26 27
27 28
27 29
27 30
13 31
31 32
32 33
33 34
34 35
33 36
33 37
37 38
38 39
37 40
13 41
41 42
42 43
43 44
44 45
43 46
43 47
47 48
48 49
47 50
50 51
51 52
52 53
51 54
50 55
13 56
56 57
57 58
58 59
59 60
58 61
58 62
13 63
63 64
64 65
65 66
64 67
67 68
68 69
67 70
63 71
71 72
72 73
73 74
74 75
75 76
74 77
74 78
78 79
73 80
80 81
81 82
80 83
80 84
84 85
72 86
86 87
87 88
88 89
89 90
88 91
91 92
92 93
91 94
91 95
95 96
86 97
97 98
98 99
99 100
72 101
101 102
13 103
103 104
104 105
