0 1
1 2
1 3
3 4
3 5
3 6
6 7
7 8
8 9
6 10
3 11
11 12
3 13
13 14
14 15
15 16
16 17
17 18
16 19
16 20
20 21
21 22
20 23
13 24
24 25
25 26
26 27
27 28
26 29
25 30
24 31
31 32
32 33
33 34
34 35
33 36
13 37
37 38
38 39
39 40
39 41
39 42
42 43
43 44
42 45
13 46
46 47
47 48
48 49
48 50
48 51
46 52
52 53
53 54
52 55
55 56
56 57
55 58
46 59
59 60
60 61
46 62
62 63
63 64
64 65
65 66
66 67
67 68
66 69
69 70
65 71
64 72
72 73
63 74
74 75
75 76
76 77
77 78
76 79
79 80
80 81
81 82
80 83
83 84
79 85
13 86
86 87
87 88
88 89
87 90
86 91
91 92
92 93
93 94
94 95
93 96
13 97
97 98
98 99
99 100
99 101
99 102
13 103
103 104
104 105
105 106
104 107
107 108
103 109
109 110
110 111
111 112
112 113
112 114
112 115
115 116
116 117
117 118
116 119
115 120
115 121
121 122
109 123
123 124
124 125
125 126
125 127
125 128
123 129
129 130
130 131
129 132
132 133
133 134
132 135
123 136
136 137
137 138
123 139
139 140
140 141
141 142
142 143
143 144
144 145
143 146
146 147
142 148
142 149
149 150
141 151
151 152
140 153
153 154
154 155
155 156
156 157
155 158
109 159
159 160
160 161
161 162
160 163
160 164
164 165
109 166
166 167
167 168
168 169
13 170
170 171
171 172
172 173
171 174
