0 1
1 2
1 3
3 4
3 5
3 6
6 7
7 8
8 9
6 10
3 11
3 12
12 13
13 14
14 15
15 16
15 17
15 18
12 19
19 20
20 21
21 22
20 23
20 24
24 25
20 26
26 27
27 28
27 29
26 30
30 31
30 32
26 33
33 34
34 35
35 36
34 37
34 38
38 39
39 40
38 41
34 42
42 43
43 44
42 45
12 46
46 47
47 48
48 49
48 50
48 51
51 52
52 53
53 54
52 55
51 56
12 57
57 58
58 59
59 60
59 61
59 62
62 63
63 64
64 65
63 66
62 67
12 68
68 69
69 70
70 71
70 72
70 73
68 74
74 75
75 76
74 77
77 78
78 79
77 80
68 81
81 82
82 83
68 84
84 85
85 86
86 87
87 88
88 89
89 90
88 91
91 92
87 93
86 94
94 95
85 96
96 97
85 98
98 99
99 100
100 101
101 102
98 103
103 104
104 105
105 106
104 107
107 108
108 109
109 110
108 111
111 112
107 113
98 114
114 115
115 116
116 117
115 118
118 119
119 120
120 121
119 122
122 123
118 124
12 125
125 126
126 127
