0 1
1 2
1 3
3 4
3 5
3 6
6 7
7 8
8 9
6 10
3 11
3 12
12 13
13 14
14 15
15 16
16 17
15 18
14 19
19 20
20 21
21 22
20 23
19 24
13 25
25 26
12 27
27 28
28 29
29 30
28 31
28 32
32 33
28 34
34 35
35 36
35 37
34 38
38 39
38 40
34 41
41 42
42 43
43 44
42 45
42 46
46 47
47 48
46 49
42 50
50 51
51 52
50 53
12 54
54 55
55 56
56 57
56 58
56 59
59 60
60 61
61 62
60 63
59 64
12 65
65 66
66 67
67 68
67 69
67 70
12 71
71 72
72 73
73 74
73 75
73 76
71 77
77 78
78 79
77 80
80 81
81 82
80 83
71 84
84 85
85 86
71 87
87 88
88 89
89 90
90 91
89 92
92 93
93 94
94 95
93 96
96 97
92 98
88 99
99 100
100 101
101 102
102 103
101 104
104 105
105 106
104 107
104 108
108 109
104 110
110 111
111 112
112 113
111 114
114 115
110 116
88 117
117 118
118 119
119 120
120 121
117 122
122 123
123 124
124 125
123 126
126 127
127 128
128 129
127 130
130 131
126 132
12 133
133 134
134 135
