0 1
1 2
1 3
3 4
3 5
3 6
6 7
7 8
8 9
6 10
3 11
3 12
12 13
13 14
14 15
15 16
16 17
15 18
14 19
13 20
20 21
12 22
22 23
23 24
24 25
25 26
24 27
23 28
22 29
29 30
12 31
31 32
32 33
33 34
32 35
32 36
36 37
32 38
38 39
39 40
39 41
41 42
38 43
43 44
43 45
43 46
46 47
47 48
46 49
43 50
50 51
51 52
50 53
43 54
43 55
55 56
56 57
57 58
58 59
59 60
58 61
57 62
62 63
63 64
62 65
56 66
66 67
67 68
68 69
69 70
70 71
69 72
68 73
73 74
74 75
73 76
67 77
77 78
78 79
67 80
80 81
81 82
82 83
56 84
84 85
85 86
86 87
87 88
86 89
85 90
90 91
91 92
90 93
84 94
94 95
95 96
84 97
97 98
98 99
99 100
12 101
101 102
102 103
103 104
103 105
103 106
12 107
107 108
108 109
109 110
109 111
109 112
112 113
113 114
114 115
113 116
112 117
12 118
118 119
119 120
120 121
120 122
120 123
118 124
124 125
125 126
124 127
127 128
128 129
127 130
118 131
131 132
132 133
118 134
134 135
135 136
136 137
137 138
138 139
139 140
138 141
141 142
137 143
136 144
144 145
135 146
146 147
147 148
148 149
149 150
148 151
151 152
152 153
151 154
151 155
155 156
151 157
157 158
158 159
159 160
158 161
161 162
157 163
146 164
134 165
165 166
166 167
167 168
134 169
169 170
170 171
171 172
170 173
173 174
174 175
175 176
174 177
177 178
173 179
12 180
180 181
181 182
