0 1
1 2
1 3
3 4
3 5
3 6
6 7
7 8
8 9
6 10
3 11
3 12
12 13
13 14
14 15
15 16
16 17
16 18
18 19
15 20
15 21
21 22
22 23
22 24
21 25
25 26
25 27
21 28
28 29
29 30
30 31
31 32
32 33
31 34
30 35
35 36
36 37
35 38
29 39
39 40
40 41
41 42
40 43
40 44
44 45
45 46
44 47
40 48
48 49
49 50
48 51
29 52
52 53
53 54
54 55
53 56
53 57
57 58
58 59
57 60
53 61
61 62
62 63
61 64
12 65
65 66
66 67
67 68
66 69
66 70
70 71
66 72
72 73
12 74
74 75
75 76
76 77
76 78
76 79
12 80
80 81
81 82
82 83
82 84
82 85
85 86
86 87
87 88
86 89
85 90
12 91
91 92
92 93
93 94
93 95
93 96
91 97
97 98
98 99
97 100
100 101
101 102
100 103
91 104
104 105
105 106
91 107
107 108
108 109
109 110
110 111
109 112
112 113
113 114
114 115
113 116
116 117
112 118
108 119
119 120
120 121
121 122
122 123
121 124
124 125
125 126
126 127
125 128
128 129
124 130
119 131
131 132
132 133
133 134
108 135
135 136
136 137
137 138
136 139
139 140
140 141
141 142
140 143
143 144
139 145
135 146
146 147
147 148
148 149
149 150
148 151
151 152
152 153
151 154
151 155
155 156
151 157
157 158
158 159
159 160
158 161
161 162
157 163
12 164
164 165
165 166
