0 1
1 2
1 3
3 4
3 5
3 6
6 7
7 8
8 9
6 10
3 11
3 12
12 13
13 14
14 15
15 16
15 17
15 18
18 19
19 20
18 21
12 22
22 23
23 24
24 25
23 26
22 27
27 28
12 29
29 30
30 31
31 32
30 33
30 34
34 35
30 36
36 37
37 38
36 39
36 40
40 41
41 42
41 43
40 44
44 45
45 46
46 47
45 48
12 49
49 50
50 51
51 52
52 53
51 54
51 55
55 56
56 57
55 58
12 59
59 60
60 61
61 62
61 63
61 64
12 65
65 66
66 67
67 68
67 69
67 70
65 71
71 72
72 73
71 74
74 75
65 76
76 77
77 78
65 79
79 80
80 81
81 82
82 83
83 84
84 85
83 86
86 87
82 88
81 89
89 90
90 91
89 92
80 93
93 94
94 95
95 96
96 97
97 98
96 99
95 100
100 101
101 102
100 103
100 104
104 105
105 106
104 107
100 108
108 109
109 110
110 111
109 112
112 113
108 114
93 115
115 116
116 117
117 118
118 119
117 120
116 121
121 122
122 123
121 124
121 125
125 126
126 127
125 128
121 129
129 130
130 131
131 132
130 133
133 134
129 135
80 136
136 137
137 138
138 139
139 140
136 141
141 142
142 143
143 144
142 145
145 146
146 147
145 148
148 149
12 150
150 151
151 152
