0 1
1 2
1 3
3 4
3 5
3 6
6 7
7 8
8 9
6 10
3 11
3 12
12 13
13 14
14 15
15 16
15 17
15 18
14 19
19 20
19 21
19 22
22 23
23 24
22 25
12 26
26 27
27 28
28 29
29 30
28 31
28 32
12 33
33 34
34 35
35 36
34 37
34 38
38 39
34 40
40 41
41 42
41 43
40 44
44 45
44 46
40 47
47 48
48 49
49 50
50 51
51 52
52 53
51 54
50 55
55 56
56 57
55 58
48 59
59 60
48 61
12 62
62 63
63 64
64 65
65 66
64 67
62 68
68 69
62 70
70 71
71 72
72 73
73 74
74 75
73 76
72 77
77 78
78 79
77 80
80 81
81 82
80 83
71 84
84 85
85 86
86 87
87 88
84 89
89 90
90 91
91 92
90 93
93 94
94 95
93 96
71 97
97 98
98 99
99 100
98 101
101 102
102 103
101 104
101 105
105 106
101 107
107 108
108 109
107 110
12 111
111 112
112 113
