0 1
1 2
1 3
3 4
3 5
3 6
6 7
7 8
8 9
6 10
3 11
3 12
12 13
13 14
14 15
15 16
14 17
14 18
18 19
14 20
20 21
21 22
21 23
20 24
24 25
24 26
20 27
27 28
28 29
29 30
30 31
31 32
30 33
29 34
34 35
35 36
34 37
28 38
38 39
39 40
40 41
41 42
42 43
43 44
42 45
41 46
46 47
47 48
46 49
40 50
40 51
51 52
28 53
53 54
54 55
55 56
56 57
57 58
58 59
57 60
56 61
61 62
62 63
61 64
55 65
55 66
66 67
12 68
68 69
69 70
70 71
70 72
70 73
12 74
74 75
75 76
76 77
77 78
76 79
74 80
80 81
74 82
82 83
83 84
84 85
85 86
86 87
85 88
84 89
84 90
90 91
91 92
92 93
93 94
92 95
91 96
90 97
97 98
98 99
97 100
12 101
101 102
102 103
103 104
103 105
103 106
106 107
107 108
108 109
107 110
106 111
12 112
112 113
113 114
114 115
114 116
114 117
117 118
118 119
119 120
118 121
117 122
12 123
123 124
124 125
125 126
125 127
125 128
128 129
129 130
128 131
12 132
132 133
133 134
134 135
134 136
134 137
132 138
138 139
139 140
138 141
141 142
132 143
143 144
144 145
145 146
146 147
145 148
148 149
149 150
150 151
149 152
152 153
148 154
143 155
155 156
156 157
157 158
157 159
157 160
160 161
161 162
160 163
143 164
164 165
165 166
166 167
167 168
166 169
169 170
165 171
171 172
172 173
173 174
174 175
173 176
176 177
172 178
171 179
179 180
164 181
181 182
182 183
183 184
184 185
183 186
186 187
187 188
186 189
186 190
190 191
186 192
192 193
193 194
194 195
193 196
196 197
192 198
181 199
199 200
200 201
201 202
202 203
201 204
200 205
200 206
206 207
207 208
208 209
208 210
210 211
211 212
212 213
211 214
214 215
210 216
207 217
206 218
218 219
218 220
220 221
181 222
222 223
223 224
224 225
143 226
226 227
227 228
228 229
227 230
230 231
143 232
232 233
233 234
234 235
12 236
236 237
237 238
