0 1
1 2
1 3
3 4
3 5
3 6
6 7
7 8
6 9
3 10
3 11
11 12
12 13
13 14
14 15
14 16
14 17
17 18
18 19
17 20
11 21
21 22
22 23
23 24
23 25
23 26
11 27
27 28
28 29
29 30
30 31
29 32
29 33
33 34
34 35
11 36
36 37
37 38
38 39
37 40
40 41
41 42
40 43
36 44
44 45
45 46
46 47
47 48
47 49
47 50
44 51
51 52
52 53
53 54
54 55
53 56
56 57
57 58
58 59
57 60
56 61
52 62
62 63
63 64
62 65
65 66
66 67
65 68
68 69
51 70
70 71
71 72
72 73
73 74
70 75
75 76
76 77
77 78
44 79
79 80
80 81
81 82
80 83
80 84
84 85
44 86
86 87
87 88
88 89
87 90
86 91
91 92
92 93
93 94
94 95
93 96
93 97
97 98
44 99
99 100
100 101
101 102
100 103
103 104
104 105
105 106
104 107
103 108
99 109
109 110
110 111
111 112
112 113
111 114
114 115
115 116
114 117
117 118
44 119
119 120
120 121
121 122
11 123
123 124
124 125
125 126
126 127
125 128
125 129
129 130
130 131
131 132
130 133
129 134
11 135
135 136
136 137
137 138
136 139
136 140
140 141
136 142
136 143
143 144
136 145
136 146
146 147
147 148
146 149
11 150
150 151
151 152
152 153
151 154
