0 1
1 2
1 3
3 4
3 5
3 6
6 7
7 8
6 9
3 10
3 11
11 12
12 13
13 14
14 15
14 16
14 17
11 18
18 19
19 20
20 21
20 22
22 23
23 24
22 25
20 26
11 27
27 28
28 29
29 30
29 31
29 32
11 33
33 34
34 35
35 36
35 37
35 38
33 39
39 40
40 41
39 42
42 43
43 44
42 45
33 46
46 47
47 48
33 49
49 50
50 51
51 52
52 53
51 54
54 55
55 56
54 57
57 58
50 59
59 60
60 61
61 62
62 63
50 64
64 65
65 66
66 67
67 68
68 69
67 70
70 71
71 72
66 73
73 74
64 75
75 76
76 77
77 78
76 79
75 80
80 81
81 82
82 83
83 84
83 85
81 86
86 87
87 88
88 89
87 90
87 91
91 92
86 93
81 94
94 95
95 96
96 97
97 98
98 99
97 100
100 101
101 102
96 103
103 104
64 105
105 106
106 107
107 108
106 109
109 110
110 111
109 112
112 113
64 114
114 115
115 116
116 117
115 118
11 119
119 120
120 121
121 122
122 123
121 124
124 125
125 126
120 127
127 128
11 129
129 130
130 131
131 132
130 133
129 134
134 135
135 136
136 137
137 138
137 139
135 140
140 141
141 142
142 143
141 144
141 145
145 146
140 147
135 148
148 149
149 150
150 151
151 152
152 153
151 154
154 155
155 156
150 157
157 158
11 159
159 160
160 161
