0 1
1 2
1 3
3 4
3 5
3 6
6 7
7 8
6 9
3 10
3 11
11 12
12 13
13 14
14 15
14 16
14 17
17 18
18 19
17 20
11 21
21 22
22 23
23 24
23 25
23 26
22 27
27 28
27 29
27 30
11 31
31 32
32 33
33 34
32 35
35 36
31 37
37 38
38 39
39 40
40 41
40 42
40 43
37 44
44 45
45 46
46 47
47 48
48 49
47 50
46 51
51 52
45 53
53 54
54 55
55 56
54 57
57 58
53 59
59 60
60 61
59 62
62 63
63 64
62 65
44 66
66 67
67 68
68 69
69 70
66 71
71 72
72 73
73 74
37 75
75 76
76 77
77 78
78 79
77 80
80 81
76 82
82 83
83 84
82 85
85 86
37 87
87 88
88 89
89 90
37 91
91 92
92 93
93 94
92 95
91 96
96 97
97 98
98 99
99 100
100 101
99 102
99 103
103 104
104 105
103 106
103 107
107 108
96 109
109 110
110 111
111 112
111 113
111 114
109 115
115 116
116 117
115 118
118 119
119 120
118 121
109 122
122 123
123 124
109 125
125 126
126 127
127 128
128 129
129 130
128 131
131 132
127 133
133 134
134 135
133 136
133 137
137 138
125 139
139 140
140 141
141 142
37 143
143 144
144 145
145 146
11 147
147 148
148 149
