0 1
1 2
1 3
3 4
3 5
3 6
6 7
7 8
6 9
3 10
3 11
11 12
12 13
13 14
14 15
14 16
14 17
11 18
18 19
19 20
20 21
20 22
20 23
11 24
24 25
25 26
26 27
25 28
28 29
29 30
28 31
24 32
32 33
33 34
34 35
35 36
35 37
35 38
38 39
39 40
38 41
32 42
42 43
43 44
44 45
44 46
44 47
32 48
48 49
49 50
50 51
51 52
50 53
53 54
54 55
53 56
49 57
57 58
58 59
59 60
58 61
61 62
57 63
63 64
64 65
63 66
66 67
48 68
68 69
69 70
70 71
71 72
68 73
73 74
74 75
75 76
32 77
77 78
78 79
79 80
80 81
79 82
82 83
78 84
84 85
85 86
84 87
87 88
32 89
89 90
90 91
91 92
32 93
93 94
94 95
95 96
94 97
93 98
98 99
99 100
100 101
101 102
101 103
99 104
104 105
105 106
106 107
105 108
105 109
109 110
104 111
99 112
112 113
113 114
114 115
115 116
116 117
115 118
118 119
114 120
120 121
112 122
122 123
123 124
124 125
32 126
126 127
127 128
128 129
127 130
130 131
11 132
132 133
133 134
