0 1
1 2
1 3
3 4
3 5
3 6
6 7
7 8
6 9
3 10
3 11
11 12
12 13
13 14
14 15
14 16
14 17
17 18
18 19
17 20
11 21
21 22
22 23
23 24
23 25
23 26
11 27
27 28
28 29
29 30
29 31
29 32
11 33
33 34
34 35
35 36
35 37
35 38
11 39
39 40
40 41
41 42
40 43
43 44
39 45
45 46
46 47
47 48
48 49
48 50
48 51
51 52
52 53
51 54
54 55
45 56
56 57
57 58
58 59
58 60
58 61
45 62
62 63
63 64
64 65
65 66
64 67
67 68
63 69
69 70
70 71
71 72
70 73
73 74
69 75
75 76
62 77
77 78
78 79
79 80
80 81
77 82
82 83
83 84
84 85
45 86
86 87
87 88
88 89
89 90
88 91
91 92
92 93
87 94
94 95
45 96
96 97
97 98
98 99
97 100
96 101
101 102
102 103
103 104
104 105
104 106
102 107
107 108
108 109
109 110
108 111
108 112
112 113
107 114
102 115
115 116
116 117
117 118
118 119
119 120
118 121
121 122
122 123
117 124
124 125
45 126
126 127
127 128
128 129
127 130
130 131
11 132
132 133
133 134
