0 1
1 2
1 3
3 4
3 5
3 6
6 7
7 8
6 9
3 10
3 11
11 12
12 13
13 14
14 15
14 16
14 17
11 18
18 19
19 20
20 21
20 22
20 23
11 24
24 25
25 26
26 27
26 28
26 29
29 30
30 31
29 32
11 33
33 34
34 35
35 36
35 37
35 38
11 39
39 40
40 41
41 42
40 43
43 44
39 45
45 46
46 47
47 48
48 49
48 50
48 51
51 52
52 53
51 54
54 55
45 56
56 57
57 58
58 59
57 60
45 61
61 62
62 63
63 64
64 65
63 66
66 67
62 68
68 69
69 70
68 71
71 72
72 73
71 74
74 75
61 76
76 77
77 78
78 79
79 80
76 81
81 82
82 83
83 84
45 85
85 86
86 87
87 88
88 89
87 90
90 91
91 92
86 93
93 94
45 95
95 96
96 97
97 98
96 99
95 100
100 101
101 102
102 103
103 104
104 105
103 106
103 107
107 108
108 109
107 110
107 111
111 112
100 113
113 114
114 115
115 116
115 117
113 118
118 119
119 120
118 121
113 122
122 123
123 124
124 125
125 126
126 127
125 128
128 129
129 130
124 131
131 132
45 133
11 134
134 135
135 136
