0 1
1 2
1 3
3 4
3 5
3 6
6 7
7 8
6 9
3 10
3 11
11 12
12 13
13 14
14 15
14 16
14 17
17 18
18 19
17 20
11 21
21 22
22 23
23 24
23 25
23 26
26 27
26 28
28 29
26 30
26 31
31 32
32 33
31 34
11 35
35 36
36 37
1 38
38 39
38 40
38 41
41 42
42 43
41 44
38 45
45 46
45 47
38 48
48 49
48 50
38 51
38 52
52 53
53 54
54 55
55 56
54 57
57 58
53 59
59 60
60 61
61 62
60 63
63 64
52 65
65 66
66 67
67 68
67 69
67 70
70 71
71 72
70 73
73 74
74 75
75 76
76 77
75 78
78 79
73 80
52 81
81 82
82 83
83 84
83 85
83 86
86 87
86 88
88 89
86 90
90 91
86 92
92 93
52 94
94 95
95 96
96 97
96 98
96 99
99 100
99 101
101 102
99 103
103 104
104 105
103 106
99 107
107 108
52 109
109 110
110 111
111 112
111 113
111 114
114 115
114 116
116 117
114 118
118 119
114 120
120 121
114 122
122 123
52 124
124 125
125 126
126 127
125 128
125 129
129 130
130 131
129 132
129 133
133 134
129 135
135 136
125 137
137 138
1 139
139 140
139 141
139 142
142 143
143 144
142 145
139 146
146 147
146 148
139 149
149 150
149 151
139 152
152 153
152 154
139 155
139 156
156 157
157 158
158 159
159 160
159 161
159 162
162 163
163 164
162 165
156 166
166 167
167 168
168 169
168 170
168 171
156 172
172 173
173 174
174 175
174 176
174 177
177 178
172 179
179 180
180 181
179 182
182 183
172 184
184 185
185 186
172 187
187 188
188 189
189 190
190 191
189 192
192 193
193 194
192 195
195 196
187 197
197 198
198 199
199 200
198 201
201 202
202 203
201 204
201 205
205 206
201 207
207 208
156 209
209 210
210 211
211 212
211 213
211 214
214 215
215 216
214 217
156 218
218 219
219 220
220 221
220 222
220 223
156 224
224 225
225 226
226 227
226 228
226 229
229 230
230 231
229 232
224 233
233 234
234 235
233 236
236 237
224 238
238 239
239 240
224 241
241 242
242 243
243 244
244 245
243 246
246 247
247 248
246 249
249 250
241 251
251 252
252 253
253 254
252 255
255 256
256 257
255 258
255 259
259 260
255 261
261 262
156 263
263 264
264 265
265 266
264 267
267 268
