0 1
1 2
1 3
3 4
3 5
3 6
6 7
7 8
6 9
3 10
10 11
10 12
3 13
13 14
3 15
15 16
16 17
17 18
18 19
19 20
20 21
19 22
18 23
23 24
24 25
25 26
24 27
23 28
17 29
29 30
30 31
29 32
32 33
33 34
32 35
16 36
36 37
37 38
15 39
39 40
40 41
41 42
41 43
41 44
44 45
45 46
44 47
15 48
48 49
49 50
50 51
51 52
50 53
50 54
54 55
55 56
15 57
57 58
58 59
59 60
59 61
59 62
15 63
63 64
64 65
65 66
65 67
65 68
68 69
69 70
70 71
69 72
68 73
15 74
74 75
75 76
76 77
76 78
76 79
15 80
80 81
81 82
82 83
82 84
82 85
80 86
86 87
87 88
86 89
89 90
80 91
91 92
92 93
80 94
94 95
95 96
96 97
97 98
96 99
96 100
100 101
101 102
100 103
100 104
104 105
94 106
106 107
107 108
108 109
108 110
108 111
111 112
94 113
113 114
113 115
115 116
116 117
117 118
118 119
117 120
120 121
121 122
120 123
123 124
115 125
125 126
126 127
127 128
126 129
129 130
130 131
129 132
125 133
115 134
134 135
135 136
136 137
135 138
134 139
139 140
140 141
141 142
140 143
140 144
144 145
145 146
144 147
144 148
148 149
115 150
150 151
151 152
152 153
151 154
154 155
155 156
154 157
157 158
115 159
159 160
160 161
161 162
160 163
163 164
164 165
163 166
159 167
115 168
168 169
169 170
170 171
169 172
168 173
173 174
174 175
175 176
174 177
174 178
178 179
179 180
178 181
178 182
182 183
94 184
184 185
185 186
186 187
185 188
188 189
189 190
188 191
94 192
192 193
193 194
194 195
193 196
196 197
197 198
196 199
94 200
200 201
201 202
202 203
15 204
204 205
205 206
206 207
205 208
