0 1
1 2
1 3
3 4
3 5
3 6
6 7
7 8
6 9
3 10
10 11
10 12
3 13
13 14
3 15
15 16
16 17
17 18
18 19
17 20
16 21
21 22
22 23
15 24
24 25
25 26
26 27
27 28
28 29
26 30
26 31
31 32
32 33
31 34
34 35
35 36
15 37
37 38
38 39
39 40
39 41
39 42
37 43
43 44
44 45
43 46
46 47
37 48
48 49
49 50
37 51
51 52
52 53
53 54
54 55
55 56
54 57
57 58
53 59
59 60
60 61
15 62
62 63
63 64
64 65
64 66
64 67
67 68
68 69
69 70
70 71
69 72
67 73
15 74
74 75
75 76
76 77
76 78
76 79
74 80
80 81
81 82
80 83
83 84
84 85
83 86
74 87
87 88
88 89
74 90
90 91
91 92
92 93
93 94
93 95
93 96
96 97
97 98
96 99
99 100
90 101
101 102
102 103
103 104
103 105
103 106
106 107
107 108
108 109
107 110
110 111
106 112
112 113
106 114
114 115
115 116
114 117
117 118
90 119
119 120
120 121
121 122
122 123
121 124
124 125
120 126
120 127
127 128
128 129
127 130
127 131
131 132
15 133
133 134
134 135
135 136
136 137
135 138
135 139
139 140
140 141
15 142
142 143
143 144
144 145
145 146
144 147
142 148
148 149
142 150
150 151
151 152
152 153
153 154
152 155
152 156
156 157
15 158
158 159
159 160
160 161
159 162
