0 1
1 2
1 3
3 4
3 5
3 6
6 7
7 8
6 9
3 10
10 11
10 12
3 13
13 14
3 15
15 16
16 17
17 18
18 19
17 20
16 21
21 22
22 23
23 24
15 25
25 26
26 27
27 28
28 29
27 30
27 31
31 32
32 33
15 34
34 35
35 36
36 37
36 38
36 39
39 40
40 41
39 42
15 43
43 44
44 45
45 46
45 47
45 48
48 49
48 50
50 51
51 52
52 53
51 54
15 55
55 56
56 57
57 58
57 59
57 60
60 61
15 62
62 63
63 64
64 65
64 66
15 67
67 68
68 69
69 70
69 71
15 72
72 73
73 74
74 75
74 76
74 77
72 78
78 79
79 80
78 81
81 82
72 83
83 84
84 85
72 86
86 87
87 88
88 89
89 90
88 91
91 92
86 93
93 94
94 95
95 96
94 97
97 98
93 99
99 100
100 101
101 102
102 103
101 104
101 105
105 106
106 107
105 108
105 109
109 110
99 111
111 112
112 113
113 114
114 115
113 116
112 117
117 118
118 119
117 120
120 121
121 122
120 123
111 124
124 125
125 126
126 127
127 128
126 129
129 130
130 131
129 132
132 133
132 134
134 135
124 136
136 137
137 138
138 139
137 140
140 141
141 142
140 143
143 144
124 145
145 146
146 147
147 148
146 149
149 150
145 151
151 152
152 153
153 154
154 155
153 156
153 157
157 158
158 159
157 160
157 161
161 162
99 163
163 164
164 165
165 166
164 167
167 168
15 169
169 170
170 171
171 172
170 173
