0 1
1 2
1 3
3 4
3 5
3 6
6 7
7 8
6 9
3 10
10 11
10 12
3 13
13 14
3 15
15 16
16 17
17 18
18 19
19 20
20 21
18 22
18 23
23 24
24 25
23 26
26 27
27 28
15 29
29 30
30 31
31 32
31 33
31 34
29 35
35 36
36 37
35 38
38 39
29 40
40 41
41 42
29 43
43 44
44 45
45 46
46 47
47 48
46 49
49 50
45 51
51 52
52 53
15 54
54 55
55 56
56 57
56 58
56 59
55 60
60 61
60 62
60 63
63 64
64 65
63 66
15 67
67 68
68 69
69 70
68 71
71 72
67 73
73 74
74 75
75 76
76 77
76 78
76 79
74 80
80 81
81 82
82 83
81 84
84 85
80 86
86 87
87 88
86 89
89 90
74 91
91 92
92 93
74 94
94 95
95 96
96 97
97 98
98 99
97 100
100 101
96 102
96 103
103 104
104 105
103 106
103 107
107 108
108 109
73 110
110 111
111 112
112 113
112 114
112 115
115 116
116 117
115 118
110 119
119 120
120 121
121 122
120 123
119 124
124 125
125 126
124 127
127 128
110 129
129 130
130 131
110 132
132 133
133 134
134 135
135 136
136 137
135 138
138 139
134 140
134 141
141 142
142 143
141 144
141 145
145 146
146 147
15 148
148 149
149 150
150 151
151 152
150 153
150 154
154 155
155 156
15 157
157 158
158 159
159 160
160 161
159 162
157 163
163 164
157 165
165 166
166 167
167 168
168 169
167 170
167 171
171 172
15 173
173 174
174 175
175 176
174 177
