0 1
1 2
1 3
3 4
3 5
3 6
6 7
7 8
6 9
3 10
10 11
10 12
3 13
13 14
3 15
15 16
16 17
17 18
18 19
19 20
18 21
18 22
22 23
23 24
15 25
25 26
26 27
27 28
26 29
25 30
30 31
31 32
32 33
15 34
34 35
35 36
36 37
36 38
36 39
39 40
40 41
39 42
42 43
43 44
44 45
43 46
15 47
47 48
48 49
49 50
49 51
49 52
47 53
53 54
54 55
53 56
56 57
47 58
58 59
59 60
47 61
61 62
62 63
63 64
64 65
64 66
64 67
67 68
67 69
69 70
61 71
71 72
72 73
73 74
73 75
73 76
76 77
61 78
78 79
79 80
80 81
79 82
82 83
83 84
82 85
78 86
86 87
87 88
88 89
89 90
88 91
88 92
92 93
93 94
92 95
92 96
96 97
61 98
98 99
99 100
100 101
99 102
102 103
103 104
102 105
98 106
106 107
107 108
108 109
109 110
108 111
111 112
112 113
111 114
114 115
106 116
116 117
117 118
118 119
119 120
120 121
121 122
122 123
121 124
124 125
120 126
119 127
127 128
128 129
129 130
128 131
131 132
127 133
133 134
134 135
133 136
118 137
137 138
138 139
137 140
117 141
141 142
142 143
141 144
144 145
145 146
144 147
116 148
148 149
149 150
150 151
151 152
150 153
150 154
154 155
155 156
154 157
154 158
158 159
159 160
158 161
161 162
106 163
163 164
164 165
165 166
164 167
167 168
168 169
167 170
163 171
171 172
172 173
173 174
174 175
173 176
173 177
177 178
178 179
177 180
177 181
181 182
15 183
183 184
184 185
185 186
184 187
