0 1
1 2
1 3
3 4
3 5
3 6
6 7
7 8
6 9
3 10
10 11
10 12
3 13
13 14
3 15
15 16
16 17
17 18
18 19
19 20
18 21
17 22
16 23
23 24
15 25
25 26
26 27
27 28
28 29
27 30
26 31
31 32
32 33
31 34
34 35
35 36
36 37
35 38
34 39
25 40
40 41
41 42
15 43
43 44
44 45
45 46
46 47
45 48
45 49
15 50
50 51
51 52
52 53
53 54
54 55
52 56
52 57
57 58
57 59
59 60
60 61
57 62
62 63
63 64
64 65
63 66
15 67
67 68
68 69
69 70
69 71
69 72
15 73
73 74
74 75
75 76
75 77
75 78
78 79
79 80
78 81
15 82
82 83
83 84
84 85
84 86
84 87
15 88
88 89
89 90
90 91
90 92
90 93
15 94
94 95
95 96
96 97
95 98
98 99
99 100
98 101
94 102
102 103
103 104
104 105
105 106
106 107
105 108
104 109
109 110
110 111
111 112
110 113
113 114
114 115
113 116
116 117
117 118
118 119
117 120
103 121
121 122
122 123
123 124
124 125
124 126
124 127
122 128
128 129
129 130
128 131
131 132
122 133
133 134
134 135
122 136
136 137
137 138
138 139
139 140
138 141
141 142
142 143
141 144
137 145
145 146
146 147
147 148
148 149
149 150
150 151
149 152
152 153
148 154
154 155
147 156
156 157
157 158
156 159
156 160
160 161
136 162
162 163
163 164
164 165
121 166
166 167
167 168
168 169
167 170
170 171
171 172
170 173
121 174
174 175
175 176
176 177
103 178
178 179
179 180
180 181
181 182
180 183
183 184
184 185
185 186
184 187
183 188
179 189
178 190
190 191
191 192
192 193
193 194
194 195
193 196
196 197
192 198
198 199
191 200
200 201
201 202
200 203
200 204
204 205
178 206
206 207
207 208
208 209
178 210
210 211
211 212
212 213
102 214
214 215
215 216
216 217
15 218
218 219
219 220
220 221
219 222
218 223
223 224
224 225
223 226
226 227
227 228
226 229
218 230
230 231
231 232
218 233
233 234
234 235
235 236
236 237
235 238
234 239
239 240
240 241
239 242
242 243
243 244
244 245
243 246
242 247
234 248
248 249
249 250
234 251
251 252
252 253
253 254
254 255
255 256
256 257
255 258
258 259
254 260
260 261
253 262
252 263
263 264
264 265
265 266
264 267
267 268
268 269
267 270
270 271
271 272
272 273
271 274
274 275
270 276
276 277
15 278
278 279
279 280
