0 1
1 2
1 3
3 4
3 5
3 6
6 7
7 8
6 9
3 10
10 11
10 12
3 13
13 14
3 15
15 16
16 17
17 18
18 19
18 20
15 21
21 22
22 23
23 24
24 25
23 26
23 27
27 28
27 29
29 30
15 31
31 32
32 33
33 34
34 35
34 36
36 37
34 38
38 39
33 40
33 41
41 42
42 43
15 44
44 45
45 46
46 47
45 48
44 49
49 50
50 51
49 52
52 53
53 54
52 55
44 56
56 57
57 58
44 59
59 60
60 61
61 62
62 63
62 64
62 65
65 66
66 67
65 68
68 69
69 70
68 71
71 72
59 73
73 74
74 75
75 76
74 77
74 78
78 79
73 80
80 81
81 82
82 83
83 84
84 85
83 86
82 87
87 88
88 89
87 90
87 91
91 92
80 93
93 94
94 95
95 96
96 97
95 98
94 99
99 100
80 101
101 102
102 103
59 104
104 105
105 106
106 107
105 108
105 109
109 110
110 111
109 112
112 113
105 114
114 115
15 116
116 117
117 118
