0 1
1 2
1 3
3 4
3 5
3 6
6 7
7 8
6 9
3 10
10 11
10 12
3 13
13 14
3 15
15 16
16 17
17 18
18 19
19 20
18 21
18 22
22 23
22 24
24 25
15 26
26 27
27 28
28 29
29 30
29 31
31 32
29 33
33 34
28 35
28 36
36 37
37 38
15 39
39 40
40 41
41 42
41 43
41 44
39 45
45 46
46 47
45 48
48 49
49 50
48 51
39 52
52 53
53 54
39 55
55 56
56 57
57 58
58 59
58 60
58 61
61 62
62 63
61 64
64 65
55 66
66 67
67 68
68 69
69 70
68 71
68 72
72 73
66 74
74 75
75 76
76 77
77 78
76 79
76 80
80 81
81 82
80 83
83 84
76 85
85 86
66 87
87 88
88 89
89 90
90 91
91 92
90 93
89 94
94 95
95 96
94 97
94 98
98 99
87 100
100 101
101 102
102 103
103 104
102 105
101 106
106 107
87 108
108 109
109 110
15 111
111 112
112 113
