0 1
1 2
1 3
3 4
3 5
3 6
6 7
7 8
6 9
3 10
10 11
10 12
12 13
12 14
14 15
3 16
16 17
17 18
18 19
19 20
18 21
17 22
22 23
23 24
24 25
16 26
26 27
27 28
28 29
29 30
29 31
31 32
31 33
33 34
28 35
28 36
36 37
37 38
16 39
39 40
40 41
41 42
42 43
42 44
44 45
41 46
41 47
47 48
48 49
16 50
50 51
51 52
52 53
52 54
52 55
16 56
56 57
57 58
58 59
57 60
57 61
61 62
16 63
63 64
64 65
65 66
66 67
65 68
63 69
69 70
70 71
71 72
72 73
73 74
73 75
75 76
72 77
72 78
78 79
79 80
69 81
81 82
82 83
83 84
83 85
83 86
86 87
87 88
86 89
69 90
90 91
91 92
92 93
93 94
92 95
69 96
96 97
97 98
98 99
98 100
98 101
96 102
102 103
103 104
102 105
105 106
96 107
107 108
108 109
96 110
110 111
111 112
112 113
113 114
112 115
115 116
116 117
115 118
110 119
119 120
120 121
121 122
122 123
121 124
120 125
119 126
126 127
127 128
128 129
127 130
127 131
131 132
132 133
131 134
119 135
135 136
136 137
137 138
136 139
136 140
140 141
141 142
140 143
110 144
144 145
145 146
146 147
147 148
146 149
145 150
144 151
151 152
152 153
153 154
152 155
152 156
156 157
157 158
156 159
110 160
160 161
161 162
162 163
163 164
162 165
161 166
160 167
167 168
168 169
169 170
168 171
168 172
172 173
173 174
172 175
69 176
176 177
177 178
178 179
177 180
177 181
181 182
69 183
183 184
184 185
185 186
16 187
187 188
188 189
