0 1
1 2
1 3
3 4
3 5
3 6
6 7
7 8
6 9
3 10
10 11
10 12
12 13
12 14
14 15
3 16
16 17
17 18
18 19
19 20
18 21
17 22
22 23
23 24
24 25
16 26
26 27
27 28
28 29
29 30
29 31
31 32
28 33
28 34
34 35
35 36
16 37
37 38
38 39
39 40
38 41
38 42
42 43
16 44
44 45
45 46
46 47
47 48
47 49
49 50
49 51
51 52
46 53
46 54
54 55
55 56
16 57
57 58
58 59
59 60
59 61
59 62
16 63
63 64
64 65
65 66
66 67
65 68
63 69
69 70
70 71
71 72
72 73
72 74
72 75
75 76
76 77
75 78
69 79
79 80
80 81
81 82
82 83
82 84
84 85
81 86
81 87
87 88
88 89
69 90
90 91
91 92
92 93
92 94
92 95
90 96
96 97
97 98
96 99
99 100
90 101
101 102
102 103
90 104
104 105
105 106
106 107
107 108
108 109
107 110
107 111
111 112
112 113
111 114
104 115
115 116
116 117
117 118
116 119
115 120
120 121
121 122
122 123
123 124
124 125
123 126
122 127
121 128
128 129
129 130
130 131
129 132
129 133
133 134
134 135
133 136
120 137
137 138
138 139
139 140
140 141
139 142
138 143
137 144
144 145
145 146
146 147
145 148
145 149
149 150
150 151
149 152
120 153
153 154
154 155
155 156
154 157
154 158
158 159
159 160
158 161
69 162
162 163
163 164
164 165
162 166
166 167
167 168
168 169
169 170
168 171
168 172
172 173
69 174
174 175
175 176
176 177
175 178
175 179
179 180
69 181
181 182
182 183
183 184
182 185
185 186
186 187
185 188
185 189
16 190
190 191
191 192
