0 1
1 2
1 3
3 4
3 5
3 6
6 7
7 8
6 9
3 10
10 11
10 12
12 13
12 14
14 15
3 16
16 17
17 18
18 19
19 20
20 21
20 22
22 23
22 24
24 25
19 26
19 27
27 28
28 29
16 30
30 31
31 32
32 33
31 34
30 35
35 36
36 37
16 38
38 39
39 40
40 41
41 42
41 43
43 44
40 45
40 46
46 47
47 48
16 49
49 50
50 51
51 52
51 53
51 54
16 55
55 56
56 57
57 58
56 59
56 60
60 61
16 62
62 63
63 64
64 65
65 66
64 67
62 68
68 69
69 70
70 71
71 72
71 73
71 74
74 75
75 76
74 77
68 78
78 79
79 80
80 81
81 82
81 83
83 84
80 85
80 86
86 87
87 88
68 89
89 90
90 91
91 92
92 93
90 94
89 95
95 96
96 97
97 98
98 99
99 100
98 101
98 102
102 103
103 104
102 105
95 106
106 107
107 108
108 109
107 110
106 111
111 112
112 113
113 114
114 115
113 116
112 117
117 118
118 119
119 120
120 121
119 122
119 123
123 124
124 125
123 126
112 127
127 128
128 129
129 130
128 131
127 132
132 133
133 134
134 135
135 136
134 137
134 138
134 139
139 140
140 141
139 142
95 143
143 144
144 145
145 146
146 147
145 148
144 149
143 150
150 151
151 152
152 153
151 154
151 155
155 156
156 157
155 158
95 159
159 160
160 161
161 162
162 163
161 164
160 165
159 166
166 167
167 168
168 169
167 170
167 171
171 172
172 173
171 174
68 175
175 176
176 177
177 178
176 179
176 180
180 181
68 182
182 183
183 184
184 185
183 186
186 187
186 188
188 189
16 190
190 191
191 192
