0 1
1 2
1 3
3 4
3 5
3 6
6 7
7 8
6 9
3 10
10 11
10 12
12 13
12 14
14 15
3 16
16 17
17 18
18 19
19 20
20 21
20 22
22 23
22 24
24 25
19 26
19 27
27 28
28 29
16 30
30 31
31 32
32 33
31 34
30 35
35 36
36 37
37 38
16 39
39 40
40 41
41 42
41 43
41 44
16 45
45 46
46 47
47 48
48 49
48 50
50 51
47 52
47 53
53 54
54 55
16 56
56 57
57 58
58 59
57 60
57 61
61 62
16 63
63 64
64 65
65 66
66 67
65 68
63 69
69 70
70 71
71 72
72 73
73 74
73 75
75 76
72 77
72 78
78 79
79 80
69 81
81 82
82 83
83 84
83 85
83 86
86 87
87 88
86 89
69 90
90 91
91 92
92 93
93 94
91 95
90 96
96 97
97 98
98 99
99 100
100 101
99 102
99 103
103 104
104 105
103 106
96 107
107 108
108 109
109 110
108 111
108 112
112 113
113 114
112 115
96 116
116 117
117 118
118 119
119 120
118 121
117 122
116 123
123 124
124 125
125 126
126 127
125 128
125 129
129 130
130 131
129 132
96 133
133 134
134 135
135 136
136 137
135 138
134 139
133 140
140 141
141 142
142 143
143 144
142 145
142 146
146 147
147 148
146 149
69 150
150 151
151 152
150 153
153 154
154 155
155 156
156 157
155 158
155 159
159 160
69 161
161 162
162 163
163 164
162 165
162 166
166 167
69 168
168 169
169 170
170 171
169 172
172 173
173 174
16 175
175 176
176 177
