0 1
1 2
1 3
3 4
4 5
4 6
4 7
1 8
8 9
8 10
8 11
11 12
12 13
11 14
8 15
8 16
16 17
17 18
18 19
18 20
20 21
16 22
22 23
23 24
1 25
25 26
25 27
25 28
28 29
29 30
28 31
25 32
25 33
33 34
34 35
35 36
36 37
37 38
36 39
35 40
34 41
41 42
42 43
43 44
44 45
45 46
46 47
47 48
46 49
45 50
44 51
43 52
52 53
53 54
54 55
55 56
54 57
53 58
52 59
42 60
60 61
61 62
62 63
63 64
62 65
65 66
66 67
65 68
68 69
69 70
70 71
69 72
68 73
41 74
74 75
75 76
75 77
77 78
78 79
77 80
33 81
81 82
82 83
83 84
84 85
83 86
82 87
81 88
88 89
89 90
90 91
90 92
92 93
93 94
92 95
