0 1
1 2
1 3
3 4
3 5
3 6
6 7
7 8
6 9
3 10
3 11
11 12
12 13
13 14
13 15
15 16
13 17
13 18
1 19
19 20
19 21
19 22
22 23
23 24
22 25
19 26
26 27
26 28
19 29
29 30
29 31
19 32
19 33
33 34
34 35
35 36
36 37
35 38
34 39
39 40
40 41
33 42
42 43
43 44
44 45
45 46
46 47
47 48
46 49
45 50
44 51
51 52
52 53
53 54
52 55
51 56
43 57
57 58
42 59
59 60
60 61
61 62
62 63
61 64
64 65
65 66
64 67
33 68
68 69
69 70
70 71
70 72
72 73
73 74
72 75
70 76
76 77
70 78
69 79
79 80
79 81
81 82
82 83
81 84
79 85
85 86
79 87
