0 1
1 2
1 3
3 4
3 5
3 6
6 7
7 8
6 9
3 10
3 11
11 12
12 13
13 14
14 15
15 16
14 17
14 18
18 19
18 20
20 21
11 22
22 23
23 24
23 25
25 26
23 27
27 28
11 29
29 30
30 31
31 32
30 33
1 34
34 35
34 36
34 37
37 38
38 39
37 40
34 41
41 42
42 43
41 44
34 45
34 46
46 47
47 48
48 49
49 50
48 51
47 52
46 53
53 54
54 55
55 56
56 57
57 58
58 59
57 60
56 61
55 62
62 63
63 64
64 65
65 66
64 67
63 68
62 69
54 70
70 71
71 72
72 73
73 74
72 75
71 76
70 77
53 78
78 79
79 80
80 81
81 82
80 83
79 84
84 85
85 86
86 87
85 88
84 89
46 90
90 91
91 92
92 93
93 94
92 95
91 96
90 97
97 98
98 99
98 100
100 101
101 102
100 103
98 104
104 105
46 106
106 107
107 108
108 109
109 110
108 111
107 112
106 113
113 114
114 115
114 116
116 117
117 118
116 119
114 120
120 121
