0 1
1 2
1 3
3 4
3 5
3 6
6 7
7 8
6 9
3 10
3 11
11 12
12 13
13 14
14 15
14 16
16 17
17 18
16 19
14 20
13 21
21 22
21 23
23 24
24 25
23 26
21 27
1 28
28 29
28 30
28 31
31 32
32 33
31 34
28 35
35 36
35 37
28 38
28 39
39 40
40 41
41 42
42 43
41 44
40 45
45 46
39 47
47 48
48 49
49 50
50 51
51 52
52 53
53 54
52 55
51 56
50 57
57 58
58 59
59 60
58 61
57 62
48 63
63 64
47 65
65 66
66 67
67 68
66 69
39 70
70 71
71 72
72 73
73 74
74 75
75 76
76 77
75 78
74 79
73 80
80 81
81 82
82 83
81 84
80 85
71 86
86 87
87 88
70 89
89 90
39 91
91 92
92 93
93 94
93 95
95 96
96 97
95 98
93 99
92 100
100 101
100 102
102 103
103 104
102 105
100 106
