0 1
1 2
1 3
3 4
4 5
5 6
5 7
7 8
7 9
9 10
4 11
4 12
12 13
13 14
1 15
15 16
15 17
15 18
18 19
19 20
18 21
15 22
22 23
22 24
24 25
24 26
26 27
15 28
28 29
29 30
30 31
31 32
30 33
29 34
34 35
35 36
36 37
28 38
38 39
39 40
39 41
41 42
39 43
28 44
44 45
45 46
1 47
47 48
47 49
47 50
50 51
51 52
50 53
47 54
54 55
54 56
47 57
47 58
58 59
59 60
60 61
61 62
60 63
63 64
64 65
63 66
59 67
67 68
68 69
69 70
70 71
71 72
70 73
69 74
68 75
75 76
76 77
77 78
78 79
79 80
79 81
81 82
78 83
78 84
84 85
85 86
75 87
87 88
88 89
89 90
88 91
88 92
88 93
93 94
94 95
93 96
75 97
97 98
98 99
99 100
98 101
98 102
102 103
103 104
102 105
105 106
68 107
107 108
108 109
109 110
110 111
111 112
111 113
113 114
110 115
110 116
116 117
117 118
107 119
119 120
120 121
121 122
120 123
120 124
124 125
125 126
124 127
107 128
128 129
129 130
130 131
129 132
129 133
133 134
134 135
133 136
136 137
59 138
138 139
139 140
140 141
141 142
142 143
141 144
140 145
139 146
146 147
147 148
148 149
149 150
150 151
150 152
152 153
149 154
149 155
155 156
156 157
155 158
155 159
159 160
146 161
161 162
162 163
163 164
162 165
162 166
162 167
167 168
168 169
167 170
146 171
171 172
172 173
173 174
172 175
172 176
176 177
172 178
178 179
179 180
178 181
181 182
139 183
183 184
184 185
185 186
186 187
187 188
187 189
189 190
186 191
186 192
192 193
193 194
192 195
192 196
196 197
183 198
198 199
199 200
200 201
199 202
199 203
203 204
204 205
203 206
183 207
207 208
208 209
209 210
208 211
208 212
212 213
208 214
214 215
215 216
214 217
217 218
58 219
219 220
220 221
221 222
222 223
223 224
222 225
221 226
220 227
227 228
228 229
229 230
228 231
227 232
219 233
233 234
58 235
235 236
236 237
237 238
238 239
237 240
236 241
235 242
242 243
243 244
244 245
244 246
246 247
247 248
246 249
244 250
250 251
251 252
250 253
58 254
254 255
255 256
256 257
257 258
256 259
255 260
254 261
261 262
262 263
263 264
263 265
265 266
266 267
265 268
263 269
269 270
270 271
269 272
58 273
