0 1
1 2
1 3
3 4
4 5
5 6
5 7
7 8
7 9
9 10
4 11
1 12
12 13
12 14
12 15
15 16
16 17
15 18
12 19
19 20
19 21
21 22
21 23
23 24
12 25
25 26
26 27
27 28
28 29
27 30
30 31
31 32
25 33
33 34
34 35
34 36
36 37
34 38
25 39
39 40
40 41
1 42
42 43
42 44
42 45
45 46
46 47
45 48
42 49
49 50
49 51
42 52
42 53
53 54
54 55
55 56
56 57
55 58
54 59
53 60
60 61
61 62
62 63
63 64
62 65
61 66
66 67
60 68
68 69
69 70
70 71
69 72
69 73
73 74
74 75
53 76
76 77
77 78
78 79
79 80
79 81
81 82
78 83
78 84
84 85
85 86
84 87
84 88
88 89
53 90
90 91
91 92
92 93
93 94
92 95
91 96
90 97
97 98
98 99
99 100
98 101
98 102
102 103
103 104
102 105
90 106
106 107
107 108
108 109
107 110
107 111
107 112
112 113
113 114
112 115
53 116
116 117
117 118
117 119
119 120
120 121
119 122
117 123
123 124
124 125
123 126
53 127
127 128
128 129
128 130
130 131
131 132
130 133
128 134
134 135
135 136
134 137
