0 1
1 2
1 3
3 4
3 5
3 6
6 7
7 8
6 9
3 10
10 11
10 12
12 13
12 14
14 15
3 16
16 17
17 18
18 19
19 20
20 21
20 22
22 23
19 24
19 25
25 26
26 27
16 28
28 29
29 30
30 31
31 32
31 33
33 34
33 35
35 36
30 37
30 38
38 39
39 40
16 41
41 42
42 43
43 44
42 45
41 46
46 47
47 48
48 49
16 50
50 51
51 52
52 53
51 54
51 55
55 56
16 57
57 58
58 59
59 60
60 61
59 62
58 63
57 64
64 65
65 66
66 67
67 68
68 69
68 70
70 71
67 72
67 73
73 74
74 75
64 76
76 77
77 78
78 79
78 80
78 81
81 82
82 83
81 84
64 85
85 86
86 87
87 88
87 89
87 90
85 91
91 92
92 93
91 94
94 95
85 96
96 97
97 98
85 99
99 100
100 101
101 102
102 103
103 104
102 105
102 106
106 107
107 108
106 109
99 110
110 111
111 112
112 113
111 114
111 115
115 116
116 117
115 118
99 119
119 120
120 121
121 122
122 123
121 124
120 125
119 126
126 127
127 128
128 129
129 130
128 131
128 132
132 133
133 134
132 135
99 136
136 137
137 138
138 139
139 140
138 141
137 142
136 143
143 144
144 145
145 146
146 147
145 148
145 149
149 150
150 151
149 152
64 153
153 154
154 155
155 156
154 157
154 158
158 159
16 160
160 161
161 162
162 163
162 164
162 165
160 166
166 167
167 168
166 169
169 170
170 171
169 172
160 173
173 174
174 175
173 176
160 177
177 178
178 179
179 180
180 181
179 182
179 183
183 184
184 185
183 186
183 187
187 188
16 189
189 190
190 191
