0 1
1 2
1 3
3 4
4 5
5 6
5 7
7 8
7 9
9 10
4 11
4 12
12 13
13 14
1 15
15 16
16 17
16 18
16 19
1 20
20 21
20 22
20 23
23 24
24 25
23 26
20 27
27 28
27 29
29 30
29 31
31 32
20 33
33 34
34 35
35 36
36 37
35 38
34 39
39 40
40 41
33 42
42 43
43 44
44 45
45 46
45 47
47 48
44 49
44 50
50 51
51 52
33 53
53 54
54 55
55 56
54 57
54 58
58 59
33 60
60 61
61 62
62 63
63 64
62 65
60 66
66 67
67 68
68 69
69 70
70 71
70 72
72 73
69 74
69 75
75 76
76 77
66 78
78 79
79 80
80 81
80 82
80 83
83 84
84 85
83 86
66 87
87 88
88 89
89 90
89 91
89 92
87 93
93 94
94 95
93 96
96 97
87 98
98 99
99 100
87 101
101 102
102 103
103 104
104 105
105 106
104 107
104 108
108 109
109 110
108 111
101 112
112 113
113 114
114 115
113 116
113 117
117 118
118 119
117 120
101 121
121 122
122 123
123 124
124 125
123 126
122 127
121 128
128 129
129 130
130 131
129 132
129 133
133 134
134 135
133 136
101 137
137 138
138 139
139 140
140 141
139 142
138 143
137 144
144 145
145 146
146 147
145 148
145 149
149 150
150 151
149 152
66 153
153 154
154 155
155 156
156 157
155 158
154 159
153 160
160 161
161 162
162 163
161 164
161 165
165 166
66 167
167 168
168 169
169 170
168 171
168 172
172 173
66 174
174 175
175 176
176 177
33 178
178 179
179 180
