0 1
1 2
1 3
3 4
3 5
3 6
6 7
7 8
6 9
3 10
10 11
10 12
12 13
12 14
14 15
3 16
16 17
17 18
18 19
19 20
20 21
20 22
22 23
22 24
24 25
19 26
19 27
27 28
28 29
16 30
30 31
31 32
32 33
33 34
33 35
35 36
32 37
32 38
38 39
39 40
16 41
41 42
42 43
43 44
42 45
41 46
46 47
47 48
48 49
16 50
50 51
51 52
52 53
51 54
51 55
55 56
16 57
57 58
58 59
59 60
59 61
59 62
16 63
63 64
64 65
65 66
66 67
65 68
63 69
69 70
70 71
71 72
72 73
72 74
72 75
75 76
76 77
75 78
69 79
79 80
80 81
81 82
82 83
82 84
84 85
81 86
81 87
87 88
88 89
69 90
90 91
91 92
92 93
92 94
92 95
90 96
96 97
97 98
96 99
99 100
90 101
101 102
102 103
90 104
104 105
105 106
106 107
107 108
108 109
109 110
108 111
107 112
106 113
105 114
114 115
115 116
116 117
115 118
115 119
119 120
120 121
121 122
120 123
119 124
104 125
125 126
126 127
127 128
128 129
129 130
128 131
127 132
126 133
125 134
134 135
135 136
136 137
135 138
135 139
139 140
140 141
141 142
140 143
139 144
104 145
145 146
146 147
147 148
146 149
146 150
150 151
151 152
152 153
151 154
150 155
69 156
156 157
157 158
158 159
157 160
156 161
161 162
162 163
163 164
164 165
165 166
165 167
167 168
164 169
164 170
170 171
171 172
161 173
173 174
174 175
175 176
175 177
175 178
178 179
179 180
180 181
179 182
178 183
173 184
184 185
185 186
184 187
173 188
188 189
189 190
173 191
191 192
192 193
193 194
194 195
193 196
193 197
197 198
198 199
197 200
197 201
201 202
161 203
203 204
204 205
205 206
204 207
204 208
208 209
161 210
210 211
211 212
212 213
211 214
156 215
215 216
216 217
217 218
218 219
217 220
217 221
221 222
215 223
223 224
224 225
225 226
224 227
16 228
228 229
229 230
