0 1
1 2
1 3
3 4
3 5
3 6
6 7
7 8
6 9
3 10
10 11
11 12
11 13
13 14
10 15
3 16
3 17
17 18
18 19
19 20
20 21
20 22
20 23
23 24
24 25
23 26
17 27
27 28
28 29
29 30
30 31
29 32
29 33
33 34
33 35
35 36
36 37
37 38
36 39
17 40
40 41
41 42
42 43
43 44
42 45
45 46
41 47
17 48
48 49
49 50
50 51
51 52
51 53
53 54
50 55
50 56
56 57
57 58
56 59
59 60
17 61
61 62
62 63
63 64
63 65
63 66
66 67
67 68
66 69
61 70
70 71
71 72
70 73
61 74
74 75
75 76
61 77
77 78
78 79
79 80
79 81
79 82
82 83
83 84
82 85
77 86
86 87
87 88
88 89
89 90
88 91
91 92
86 93
93 94
94 95
93 96
96 97
77 98
98 99
99 100
77 101
101 102
102 103
103 104
104 105
103 106
106 107
102 108
108 109
109 110
110 111
109 112
112 113
108 114
114 115
115 116
114 117
114 118
118 119
119 120
118 121
118 122
122 123
118 124
124 125
17 126
126 127
127 128
128 129
127 130
