0 1
1 2
1 3
3 4
3 5
3 6
6 7
7 8
6 9
3 10
10 11
11 12
11 13
13 14
10 15
3 16
3 17
17 18
18 19
19 20
20 21
20 22
20 23
23 24
24 25
23 26
17 27
27 28
28 29
29 30
30 31
29 32
29 33
33 34
33 35
35 36
36 37
37 38
36 39
17 40
40 41
41 42
42 43
43 44
42 45
41 46
17 47
47 48
48 49
49 50
49 51
49 52
47 53
53 54
54 55
53 56
56 57
47 58
58 59
59 60
47 61
61 62
62 63
63 64
64 65
65 66
64 67
62 68
68 69
62 70
70 71
71 72
72 73
73 74
73 75
73 76
76 77
77 78
76 79
70 80
80 81
81 82
82 83
81 84
84 85
80 86
86 87
70 88
88 89
89 90
90 91
91 92
90 93
93 94
94 95
93 96
96 97
89 98
98 99
99 100
100 101
99 102
99 103
103 104
104 105
103 106
106 107
99 108
108 109
98 110
98 111
111 112
88 113
113 114
114 115
115 116
116 117
117 118
116 119
119 120
115 121
113 122
17 123
123 124
124 125
125 126
124 127
127 128
