0 1
1 2
1 3
3 4
3 5
3 6
6 7
7 8
6 9
3 10
10 11
11 12
11 13
13 14
10 15
3 16
3 17
17 18
18 19
19 20
20 21
21 22
21 23
23 24
20 25
20 26
26 27
27 28
26 29
29 30
17 31
31 32
32 33
33 34
33 35
33 36
36 37
37 38
36 39
17 40
40 41
41 42
42 43
43 44
42 45
42 46
46 47
46 48
48 49
49 50
50 51
49 52
17 53
53 54
54 55
55 56
56 57
55 58
54 59
17 60
60 61
61 62
62 63
62 64
62 65
60 66
66 67
67 68
66 69
69 70
60 71
71 72
72 73
60 74
74 75
75 76
76 77
77 78
77 79
77 80
75 81
81 82
82 83
81 84
84 85
75 86
86 87
87 88
75 89
89 90
90 91
91 92
92 93
93 94
92 95
95 96
91 97
97 98
98 99
97 100
97 101
101 102
102 103
101 104
101 105
105 106
101 107
107 108
90 109
109 110
110 111
111 112
112 113
113 114
112 115
115 116
111 117
109 118
17 119
119 120
120 121
121 122
120 123
123 124
124 125
123 126
