0 1
1 2
1 3
3 4
3 5
5 6
6 7
6 8
8 9
6 10
10 11
5 12
5 13
13 14
14 15
1 16
16 17
16 18
16 19
19 20
20 21
19 22
16 23
23 24
24 25
24 26
26 27
23 28
16 29
29 30
29 31
16 32
32 33
32 34
16 35
16 36
36 37
37 38
38 39
39 40
40 41
39 42
39 43
43 44
44 45
43 46
43 47
47 48
43 49
49 50
50 51
49 52
36 53
53 54
54 55
55 56
54 57
54 58
58 59
59 60
58 61
58 62
62 63
53 64
64 65
65 66
66 67
67 68
66 69
66 70
70 71
71 72
70 73
70 74
74 75
36 76
76 77
77 78
78 79
77 80
77 81
81 82
76 83
83 84
84 85
85 86
86 87
85 88
88 89
89 90
90 91
89 92
88 93
84 94
94 95
95 96
96 97
97 98
96 99
96 100
100 101
101 102
100 103
100 104
104 105
96 106
94 107
107 108
83 109
109 110
110 111
111 112
111 113
111 114
114 115
115 116
116 117
116 118
118 119
116 120
120 121
116 122
122 123
123 124
122 125
116 126
126 127
127 128
126 129
115 130
130 131
130 132
132 133
130 134
134 135
130 136
136 137
130 138
138 139
139 140
138 141
83 142
142 143
143 144
144 145
143 146
143 147
147 148
148 149
147 150
147 151
151 152
143 153
153 154
83 155
155 156
156 157
36 158
158 159
159 160
160 161
159 162
162 163
163 164
164 165
163 166
162 167
158 168
168 169
169 170
170 171
171 172
170 173
170 174
174 175
175 176
174 177
174 178
178 179
170 180
168 181
181 182
36 183
183 184
184 185
185 186
185 187
185 188
188 189
188 190
190 191
188 192
192 193
188 194
194 195
188 196
196 197
197 198
196 199
36 200
200 201
201 202
202 203
201 204
201 205
205 206
206 207
205 208
205 209
209 210
201 211
211 212
36 213
213 214
214 215
1 216
216 217
216 218
216 219
219 220
220 221
219 222
216 223
223 224
224 225
224 226
226 227
223 228
216 229
216 230
230 231
231 232
232 233
232 234
234 235
232 236
236 237
232 238
232 239
