0 1
1 2
1 3
3 4
3 5
3 6
6 7
7 8
6 9
3 10
10 11
11 12
11 13
13 14
10 15
3 16
3 17
17 18
18 19
19 20
20 21
21 22
22 23
20 24
20 25
25 26
26 27
25 28
28 29
29 30
30 31
31 32
30 33
29 34
17 35
35 36
36 37
36 38
38 39
36 40
36 41
41 42
36 43
43 44
1 45
45 46
45 47
45 48
48 49
49 50
48 51
45 52
52 53
52 54
45 55
55 56
56 57
56 58
58 59
55 60
45 61
61 62
62 63
63 64
61 65
45 66
45 67
67 68
68 69
69 70
70 71
71 72
70 73
73 74
69 75
68 76
76 77
77 78
78 79
77 80
80 81
67 82
82 83
83 84
84 85
83 86
86 87
87 88
86 89
82 90
90 91
91 92
67 93
93 94
94 95
95 96
95 97
95 98
93 99
99 100
100 101
99 102
102 103
103 104
102 105
93 106
106 107
107 108
93 109
109 110
110 111
111 112
112 113
112 114
112 115
115 116
116 117
117 118
116 119
116 120
120 121
115 122
109 123
123 124
124 125
125 126
126 127
127 128
126 129
129 130
125 131
131 132
132 133
131 134
124 135
135 136
136 137
137 138
136 139
136 140
140 141
136 142
142 143
143 144
142 145
145 146
135 147
135 148
148 149
149 150
148 151
148 152
152 153
123 154
154 155
155 156
156 157
156 158
158 159
156 160
160 161
161 162
160 163
163 164
156 165
165 166
156 167
167 168
155 169
169 170
170 171
171 172
172 173
173 174
172 175
175 176
171 177
169 178
178 179
67 180
180 181
181 182
182 183
183 184
182 185
185 186
181 187
67 188
188 189
