0 1
1 2
1 3
3 4
4 5
5 6
5 7
7 8
5 9
9 10
4 11
4 12
12 13
13 14
1 15
15 16
15 17
15 18
18 19
19 20
18 21
15 22
22 23
23 24
23 25
25 26
22 27
15 28
15 29
29 30
30 31
31 32
32 33
31 34
31 35
35 36
30 37
37 38
38 39
39 40
40 41
39 42
39 43
43 44
29 45
45 46
46 47
47 48
46 49
45 50
50 51
29 52
52 53
53 54
54 55
54 56
52 57
57 58
52 59
59 60
60 61
61 62
62 63
63 64
62 65
62 66
66 67
61 68
68 69
68 70
70 71
71 72
70 73
70 74
74 75
75 76
74 77
68 78
78 79
60 80
80 81
81 82
82 83
83 84
82 85
82 86
86 87
82 88
80 89
89 90
29 91
91 92
92 93
93 94
92 95
92 96
96 97
92 98
29 99
99 100
