0 1
1 2
1 3
3 4
4 5
5 6
6 7
4 8
1 9
9 10
9 11
9 12
12 13
13 14
12 15
9 16
16 17
17 18
17 19
19 20
16 21
9 22
9 23
23 24
24 25
25 26
26 27
25 28
28 29
29 30
28 31
31 32
32 33
33 34
34 35
33 36
32 37
23 38
38 39
39 40
39 41
41 42
39 43
39 44
44 45
45 46
44 47
47 48
1 49
49 50
49 51
49 52
52 53
53 54
52 55
49 56
56 57
56 58
49 59
59 60
60 61
60 62
62 63
59 64
49 65
49 66
66 67
67 68
68 69
69 70
69 71
69 72
72 73
73 74
72 75
66 76
76 77
77 78
78 79
77 80
80 81
76 82
82 83
66 84
84 85
85 86
86 87
87 88
86 89
89 90
85 91
84 92
92 93
93 94
94 95
93 96
96 97
66 98
98 99
99 100
100 101
100 102
100 103
103 104
104 105
103 106
98 107
107 108
108 109
107 110
110 111
98 112
112 113
113 114
98 115
115 116
116 117
117 118
118 119
119 120
118 121
118 122
122 123
123 124
122 125
122 126
126 127
122 128
128 129
115 130
130 131
131 132
132 133
133 134
132 135
132 136
136 137
131 138
138 139
138 140
140 141
138 142
142 143
138 144
144 145
130 146
146 147
147 148
148 149
149 150
150 151
149 152
152 153
148 154
146 155
155 156
66 157
157 158
158 159
159 160
160 161
159 162
162 163
158 164
66 165
165 166
