0 1
1 2
1 3
3 4
3 5
3 6
6 7
7 8
6 9
3 10
10 11
11 12
11 13
13 14
10 15
3 16
3 17
17 18
18 19
19 20
20 21
20 22
20 23
23 24
24 25
23 26
17 27
27 28
28 29
29 30
30 31
29 32
29 33
33 34
33 35
35 36
36 37
37 38
36 39
17 40
40 41
41 42
42 43
43 44
43 45
45 46
42 47
42 48
48 49
49 50
17 51
51 52
52 53
53 54
54 55
53 56
51 57
57 58
51 59
59 60
60 61
61 62
62 63
61 64
61 65
65 66
17 67
67 68
68 69
69 70
70 71
70 72
72 73
69 74
69 75
75 76
76 77
17 78
78 79
79 80
80 81
81 82
80 83
79 84
17 85
85 86
86 87
87 88
86 89
86 90
17 91
91 92
92 93
93 94
93 95
93 96
91 97
97 98
98 99
97 100
100 101
91 102
102 103
103 104
91 105
105 106
106 107
107 108
108 109
108 110
106 111
111 112
106 113
113 114
114 115
115 116
116 117
115 118
115 119
119 120
120 121
119 122
119 123
123 124
119 125
125 126
114 127
127 128
128 129
129 130
130 131
131 132
130 133
133 134
129 135
127 136
136 137
137 138
138 139
137 140
137 141
141 142
127 143
17 144
144 145
145 146
146 147
145 148
148 149
