0 1
1 2
1 3
3 4
4 5
5 6
5 7
7 8
5 9
9 10
4 11
1 12
12 13
12 14
12 15
15 16
16 17
15 18
12 19
19 20
20 21
20 22
22 23
19 24
12 25
12 26
26 27
27 28
28 29
29 30
29 31
28 32
32 33
33 34
26 35
35 36
36 37
36 38
36 39
39 40
36 41
41 42
1 43
43 44
43 45
43 46
46 47
47 48
46 49
43 50
50 51
51 52
50 53
43 54
54 55
55 56
55 57
57 58
54 59
43 60
43 61
61 62
62 63
63 64
64 65
65 66
64 67
63 68
68 69
69 70
68 71
62 72
72 73
61 74
74 75
75 76
76 77
77 78
76 79
75 80
80 81
81 82
80 83
74 84
84 85
61 86
86 87
87 88
88 89
87 90
87 91
91 92
86 93
93 94
94 95
95 96
94 97
94 98
98 99
61 100
100 101
101 102
102 103
103 104
102 105
100 106
106 107
100 108
108 109
109 110
110 111
111 112
112 113
111 114
111 115
115 116
116 117
115 118
118 119
108 120
120 121
121 122
122 123
121 124
121 125
125 126
120 127
127 128
128 129
129 130
129 131
131 132
129 133
133 134
129 135
135 136
128 137
137 138
138 139
139 140
140 141
139 142
139 143
143 144
139 145
137 146
146 147
61 148
148 149
149 150
150 151
149 152
149 153
153 154
149 155
61 156
156 157
