0 1
1 2
1 3
1 4
4 5
4 6
4 7
4 8
8 9
9 10
8 11
4 12
12 13
12 14
14 15
4 16
16 17
17 18
18 19
19 20
20 21
20 22
22 23
19 24
19 25
25 26
26 27
16 28
28 29
29 30
30 31
30 32
32 33
29 34
28 35
35 36
36 37
37 38
36 39
36 40
40 41
41 42
40 43
16 44
44 45
45 46
45 47
47 48
45 49
49 50
16 51
51 52
52 53
52 54
54 55
52 56
56 57
16 58
58 59
59 60
59 61
61 62
59 63
63 64
16 65
65 66
66 67
1 68
68 69
68 70
68 71
71 72
72 73
71 74
68 75
68 76
76 77
77 78
78 79
79 80
80 81
81 82
82 83
81 84
80 85
78 86
86 87
87 88
88 89
89 90
88 91
87 92
1 93
93 94
93 95
93 96
96 97
97 98
96 99
93 100
100 101
101 102
101 103
103 104
100 105
93 106
93 107
107 108
108 109
109 110
110 111
111 112
110 113
110 114
114 115
115 116
114 117
107 118
118 119
119 120
120 121
119 122
118 123
123 124
124 125
125 126
126 127
126 128
128 129
125 130
124 131
131 132
132 133
133 134
132 135
132 136
136 137
137 138
136 139
123 140
140 141
141 142
142 143
143 144
142 145
141 146
140 147
147 148
148 149
149 150
148 151
151 152
152 153
151 154
140 155
155 156
156 157
157 158
156 159
159 160
160 161
159 162
1 163
163 164
163 165
163 166
166 167
167 168
166 169
163 170
170 171
171 172
171 173
173 174
170 175
163 176
163 177
177 178
178 179
179 180
180 181
181 182
180 183
180 184
184 185
185 186
184 187
177 188
188 189
189 190
190 191
190 192
190 193
177 194
194 195
195 196
196 197
195 198
194 199
199 200
200 201
201 202
202 203
202 204
204 205
201 206
200 207
207 208
208 209
209 210
210 211
209 212
209 213
213 214
214 215
215 216
214 217
213 218
218 219
209 220
220 221
221 222
220 223
207 224
224 225
225 226
226 227
199 228
228 229
229 230
230 231
231 232
230 233
229 234
228 235
235 236
236 237
237 238
236 239
239 240
240 241
239 242
228 243
243 244
244 245
245 246
244 247
247 248
248 249
247 250
1 251
251 252
251 253
251 254
254 255
255 256
254 257
251 258
258 259
259 260
259 261
261 262
258 263
251 264
251 265
265 266
266 267
267 268
268 269
269 270
268 271
268 272
272 273
265 274
274 275
275 276
275 277
277 278
274 279
279 280
280 281
281 282
282 283
281 284
281 285
285 286
286 287
285 288
279 289
265 290
290 291
291 292
292 293
293 294
292 295
291 296
290 297
297 298
298 299
298 300
300 301
301 302
300 303
298 304
304 305
265 306
306 307
307 308
308 309
309 310
308 311
307 312
306 313
313 314
314 315
314 316
316 317
317 318
316 319
314 320
320 321
