0 1
1 2
1 3
3 4
3 5
3 6
6 7
7 8
6 9
3 10
10 11
10 12
3 13
3 14
14 15
15 16
16 17
17 18
18 19
18 20
20 21
17 22
17 23
23 24
24 25
14 26
26 27
27 28
28 29
29 30
29 31
31 32
29 33
33 34
28 35
28 36
36 37
37 38
14 39
39 40
40 41
41 42
41 43
41 44
39 45
45 46
46 47
45 48
48 49
49 50
48 51
39 52
52 53
53 54
39 55
55 56
56 57
57 58
58 59
57 60
57 61
61 62
62 63
61 64
64 65
56 66
66 67
67 68
68 69
69 70
69 71
69 72
72 73
73 74
72 75
72 76
76 77
77 78
76 79
79 80
66 81
81 82
82 83
83 84
84 85
83 86
86 87
82 88
88 89
81 90
90 91
91 92
55 93
93 94
94 95
95 96
94 97
94 98
98 99
99 100
98 101
101 102
55 103
103 104
104 105
105 106
104 107
104 108
108 109
109 110
108 111
111 112
104 113
113 114
14 115
115 116
