0 1
1 2
1 3
3 4
3 5
3 6
6 7
7 8
6 9
3 10
10 11
10 12
3 13
3 14
14 15
15 16
16 17
17 18
18 19
18 20
20 21
18 22
22 23
17 24
17 25
25 26
26 27
26 28
28 29
26 30
30 31
14 32
32 33
33 34
34 35
33 36
33 37
37 38
38 39
37 40
33 41
14 42
42 43
43 44
44 45
44 46
44 47
42 48
48 49
49 50
48 51
51 52
52 53
51 54
42 55
55 56
56 57
42 58
58 59
59 60
60 61
61 62
62 63
61 64
61 65
65 66
66 67
65 68
68 69
60 70
70 71
71 72
72 73
71 74
71 75
75 76
76 77
77 78
76 79
76 80
80 81
81 82
80 83
83 84
75 85
85 86
70 87
87 88
59 89
89 90
90 91
59 92
92 93
93 94
94 95
95 96
94 97
94 98
98 99
99 100
98 101
101 102
94 103
103 104
14 105
105 106
