0 1
1 2
1 3
3 4
3 5
3 6
6 7
7 8
6 9
3 10
10 11
10 12
3 13
3 14
14 15
15 16
16 17
17 18
17 19
17 20
20 21
21 22
20 23
14 24
24 25
25 26
26 27
26 28
26 29
29 30
30 31
31 32
30 33
30 34
34 35
29 36
14 37
37 38
38 39
39 40
40 41
39 42
42 43
38 44
37 45
45 46
14 47
47 48
48 49
49 50
50 51
51 52
52 53
51 54
54 55
49 56
48 57
47 58
58 59
14 60
60 61
61 62
62 63
62 64
62 65
65 66
66 67
67 68
68 69
67 70
70 71
65 72
14 73
73 74
74 75
75 76
76 77
77 78
75 79
75 80
80 81
80 82
82 83
83 84
80 85
85 86
86 87
87 88
86 89
14 90
90 91
91 92
92 93
93 94
92 95
90 96
96 97
90 98
98 99
99 100
100 101
99 102
99 103
103 104
99 105
105 106
14 107
107 108
108 109
108 110
110 111
111 112
110 113
108 114
114 115
108 116
116 117
108 118
118 119
1 120
120 121
120 122
120 123
123 124
123 125
120 126
126 127
127 128
126 129
120 130
130 131
130 132
120 133
133 134
134 135
135 136
133 137
120 138
120 139
139 140
140 141
141 142
142 143
141 144
140 145
145 146
146 147
147 148
148 149
149 150
148 151
147 152
152 153
153 154
154 155
153 156
152 157
146 158
158 159
146 160
160 161
161 162
162 163
163 164
162 165
161 166
166 167
167 168
168 169
167 170
166 171
171 172
160 173
173 174
160 175
175 176
139 177
177 178
178 179
179 180
180 181
181 182
180 183
183 184
179 185
185 186
178 187
187 188
177 189
189 190
190 191
191 192
192 193
191 194
194 195
190 196
196 197
139 198
198 199
199 200
200 201
200 202
200 203
203 204
203 205
205 206
206 207
205 208
203 209
209 210
203 211
211 212
203 213
213 214
139 215
215 216
216 217
217 218
217 219
217 220
139 221
221 222
222 223
223 224
224 225
223 226
226 227
222 228
228 229
221 230
230 231
231 232
232 233
231 234
234 235
234 236
236 237
237 238
236 239
234 240
240 241
234 242
242 243
243 244
242 245
245 246
246 247
245 248
248 249
234 250
250 251
139 252
252 253
253 254
254 255
255 256
256 257
255 258
258 259
254 260
260 261
253 262
262 263
263 264
262 265
265 266
