0 1
1 2
1 3
3 4
4 5
5 6
4 7
1 8
8 9
8 10
8 11
11 12
12 13
11 14
8 15
15 16
15 17
8 18
8 19
19 20
20 21
21 22
22 23
22 24
22 25
19 26
26 27
27 28
28 29
28 30
26 31
31 32
26 33
33 34
34 35
35 36
36 37
35 38
38 39
19 40
40 41
41 42
42 43
43 44
44 45
45 46
44 47
47 48
42 49
41 50
40 51
51 52
19 53
53 54
54 55
55 56
55 57
55 58
58 59
59 60
60 61
61 62
60 63
63 64
58 65
19 66
66 67
67 68
68 69
67 70
66 71
71 72
19 73
73 74
74 75
75 76
74 77
77 78
77 79
79 80
80 81
81 82
80 83
19 84
84 85
85 86
86 87
87 88
86 89
85 90
19 91
91 92
92 93
93 94
93 95
93 96
91 97
97 98
98 99
97 100
100 101
101 102
100 103
91 104
104 105
105 106
91 107
107 108
108 109
109 110
110 111
110 112
110 113
113 114
108 115
115 116
116 117
115 118
108 119
119 120
120 121
108 122
122 123
123 124
124 125
125 126
125 127
125 128
122 129
129 130
130 131
131 132
132 133
131 134
134 135
135 136
134 137
130 138
138 139
129 140
140 141
141 142
142 143
143 144
142 145
145 146
146 147
145 148
148 149
149 150
148 151
151 152
152 153
151 154
154 155
155 156
154 157
122 158
158 159
159 160
160 161
160 162
160 163
163 164
164 165
163 166
166 167
122 168
168 169
169 170
170 171
171 172
170 173
173 174
169 175
175 176
176 177
175 178
178 179
19 180
180 181
181 182
182 183
181 184
184 185
0 186
0 187
0 188
0 189
0 190
0 191
0 192
0 193
0 194
0 195
0 196
0 197
0 198
0 199
0 200
0 201
0 202
0 203
0 204
0 205
0 206
0 207
0 208
0 209
0 210
0 211
0 212
0 213
