0 1
1 2
1 3
3 4
3 5
3 6
6 7
7 8
6 9
3 10
10 11
10 12
3 13
3 14
14 15
15 16
16 17
17 18
17 19
17 20
14 21
21 22
22 23
23 24
23 25
21 26
26 27
21 28
28 29
29 30
30 31
31 32
30 33
33 34
14 35
35 36
36 37
37 38
38 39
37 40
40 41
41 42
40 43
40 44
44 45
36 46
46 47
47 48
48 49
49 50
50 51
49 52
52 53
47 54
46 55
35 56
56 57
57 58
14 59
59 60
60 61
60 62
62 63
60 64
64 65
65 66
66 67
67 68
66 69
69 70
64 71
1 72
72 73
72 74
72 75
75 76
76 77
75 78
72 79
79 80
79 81
72 82
72 83
83 84
84 85
85 86
86 87
86 88
86 89
89 90
90 91
89 92
83 93
93 94
94 95
95 96
96 97
95 98
95 99
99 100
99 101
101 102
102 103
103 104
102 105
83 106
106 107
107 108
108 109
109 110
108 111
107 112
83 113
113 114
114 115
115 116
115 117
115 118
113 119
119 120
120 121
119 122
122 123
113 124
124 125
125 126
113 127
127 128
128 129
129 130
130 131
130 132
130 133
133 134
128 135
135 136
136 137
135 138
128 139
139 140
140 141
128 142
142 143
143 144
144 145
145 146
144 147
147 148
148 149
147 150
150 151
151 152
150 153
143 154
154 155
155 156
156 157
157 158
158 159
157 160
160 161
156 162
162 163
163 164
164 165
163 166
166 167
162 168
168 169
169 170
168 171
171 172
172 173
171 174
174 175
175 176
174 177
177 178
178 179
177 180
143 181
181 182
182 183
183 184
184 185
185 186
184 187
187 188
183 189
189 190
190 191
189 192
192 193
83 194
194 195
195 196
196 197
195 198
198 199
