0 1
1 2
1 3
3 4
3 5
3 6
6 7
7 8
6 9
3 10
10 11
10 12
3 13
3 14
14 15
15 16
16 17
16 18
18 19
19 20
20 21
19 22
18 23
16 24
24 25
16 26
26 27
1 28
28 29
28 30
28 31
31 32
31 33
28 34
34 35
34 36
28 37
37 38
38 39
37 40
28 41
28 42
42 43
43 44
44 45
45 46
44 47
43 48
48 49
49 50
50 51
51 52
52 53
51 54
50 55
55 56
56 57
57 58
56 59
55 60
49 61
61 62
62 63
48 64
64 65
65 66
66 67
67 68
66 69
69 70
70 71
69 72
65 73
73 74
74 75
75 76
74 77
73 78
78 79
79 80
64 81
81 82
82 83
48 84
84 85
42 86
86 87
87 88
88 89
88 90
88 91
91 92
91 93
93 94
94 95
93 96
91 97
97 98
98 99
97 100
100 101
101 102
100 103
103 104
91 105
105 106
42 107
107 108
108 109
109 110
109 111
109 112
112 113
112 114
114 115
115 116
114 117
112 118
118 119
119 120
118 121
121 122
122 123
121 124
124 125
112 126
126 127
42 128
128 129
129 130
130 131
129 132
132 133
