0 1
1 2
1 3
3 4
3 5
3 6
6 7
7 8
6 9
3 10
10 11
10 12
3 13
3 14
14 15
15 16
16 17
17 18
18 19
17 20
17 21
21 22
14 23
23 24
24 25
24 26
26 27
24 28
28 29
24 30
24 31
31 32
14 33
33 34
34 35
35 36
34 37
1 38
38 39
38 40
38 41
41 42
42 43
41 44
38 45
45 46
45 47
38 48
48 49
48 50
38 51
51 52
52 53
51 54
38 55
38 56
56 57
57 58
58 59
59 60
58 61
61 62
62 63
61 64
57 65
65 66
66 67
67 68
68 69
67 70
66 71
71 72
72 73
73 74
74 75
75 76
74 77
65 78
56 79
79 80
80 81
81 82
80 83
83 84
84 85
83 86
86 87
87 88
86 89
89 90
56 91
91 92
92 93
92 94
94 95
92 96
96 97
92 98
98 99
99 100
98 101
92 102
102 103
56 104
104 105
105 106
106 107
105 108
108 109
109 110
108 111
111 112
112 113
111 114
114 115
56 116
116 117
117 118
118 119
117 120
120 121
121 122
120 123
123 124
124 125
123 126
126 127
56 128
128 129
129 130
129 131
131 132
129 133
133 134
129 135
135 136
136 137
135 138
129 139
139 140
56 141
141 142
142 143
143 144
142 145
145 146
146 147
145 148
148 149
149 150
148 151
151 152
