0 1
1 2
1 3
3 4
3 5
3 6
6 7
7 8
6 9
3 10
10 11
10 12
3 13
3 14
14 15
15 16
16 17
17 18
17 19
17 20
20 21
21 22
20 23
14 24
24 25
25 26
26 27
26 28
26 29
14 30
30 31
31 32
32 33
32 34
30 35
35 36
30 37
37 38
38 39
39 40
40 41
39 42
42 43
14 44
44 45
45 46
46 47
47 48
48 49
47 50
50 51
46 52
45 53
53 54
54 55
55 56
56 57
57 58
56 59
59 60
54 61
53 62
44 63
63 64
14 65
65 66
66 67
67 68
67 69
67 70
70 71
71 72
72 73
73 74
72 75
75 76
70 77
14 78
78 79
79 80
80 81
81 82
82 83
80 84
80 85
85 86
85 87
87 88
88 89
85 90
90 91
91 92
92 93
91 94
14 95
95 96
96 97
97 98
98 99
97 100
95 101
101 102
95 103
103 104
104 105
105 106
104 107
104 108
108 109
104 110
110 111
14 112
112 113
113 114
113 115
115 116
116 117
115 118
113 119
119 120
113 121
121 122
113 123
123 124
1 125
125 126
125 127
125 128
128 129
128 130
125 131
131 132
131 133
125 134
134 135
135 136
134 137
125 138
138 139
139 140
140 141
138 142
125 143
125 144
144 145
145 146
146 147
147 148
146 149
145 150
150 151
151 152
152 153
153 154
154 155
153 156
152 157
157 158
158 159
159 160
158 161
157 162
151 163
163 164
150 165
165 166
166 167
167 168
168 169
167 170
166 171
171 172
172 173
171 174
174 175
175 176
174 177
165 178
178 179
150 180
180 181
144 182
182 183
183 184
184 185
185 186
186 187
185 188
188 189
184 190
190 191
183 192
192 193
182 194
194 195
195 196
196 197
197 198
196 199
199 200
195 201
201 202
144 203
203 204
204 205
205 206
205 207
205 208
208 209
208 210
210 211
211 212
210 213
208 214
214 215
208 216
216 217
208 218
218 219
144 220
220 221
221 222
222 223
222 224
222 225
144 226
226 227
227 228
228 229
229 230
228 231
231 232
227 233
233 234
226 235
235 236
236 237
237 238
238 239
237 240
240 241
240 242
242 243
243 244
242 245
240 246
246 247
247 248
246 249
249 250
250 251
249 252
252 253
240 254
254 255
240 256
256 257
144 258
258 259
259 260
260 261
261 262
262 263
261 264
264 265
260 266
266 267
259 268
268 269
269 270
268 271
271 272
