0 1
1 2
1 3
3 4
3 5
3 6
6 7
6 8
3 9
3 10
10 11
11 12
12 13
13 14
13 15
13 16
10 17
17 18
18 19
19 20
18 21
21 22
17 23
23 24
24 25
25 26
26 27
25 28
10 29
29 30
30 31
31 32
30 33
1 34
34 35
34 36
34 37
37 38
37 39
34 40
34 41
41 42
42 43
43 44
44 45
45 46
44 47
43 48
48 49
49 50
50 51
51 52
50 53
53 54
54 55
55 56
54 57
48 58
1 59
59 60
59 61
59 62
62 63
62 64
59 65
59 66
66 67
67 68
68 69
68 70
70 71
68 72
72 73
73 74
1 75
75 76
75 77
75 78
78 79
78 80
75 81
81 82
82 83
82 84
84 85
82 86
86 87
81 88
75 89
75 90
90 91
91 92
92 93
93 94
92 95
92 96
96 97
91 98
98 99
99 100
100 101
101 102
102 103
101 104
101 105
105 106
106 107
105 108
105 109
109 110
98 111
111 112
112 113
90 114
114 115
115 116
116 117
115 118
114 119
119 120
120 121
121 122
122 123
121 124
121 125
125 126
121 127
119 128
128 129
90 130
130 131
131 132
132 133
131 134
130 135
135 136
136 137
137 138
138 139
137 140
137 141
141 142
137 143
135 144
144 145
90 146
146 147
147 148
147 149
149 150
146 151
151 152
152 153
153 154
154 155
153 156
153 157
157 158
153 159
151 160
160 161
146 162
162 163
163 164
164 165
165 166
165 167
165 168
168 169
168 170
170 171
162 172
172 173
173 174
174 175
174 176
174 177
177 178
178 179
178 180
180 181
177 182
182 183
182 184
184 185
185 186
184 187
187 188
162 189
189 190
190 191
191 192
190 193
190 194
194 195
190 196
196 197
162 198
198 199
199 200
1 201
201 202
201 203
201 204
204 205
204 206
201 207
207 208
201 209
209 210
210 211
211 212
212 213
213 214
212 215
212 216
216 217
216 218
218 219
219 220
220 221
219 222
209 223
223 224
224 225
225 226
225 227
225 228
223 229
229 230
230 231
229 232
232 233
223 234
234 235
235 236
223 237
237 238
238 239
239 240
240 241
241 242
240 243
243 244
239 245
245 246
245 247
247 248
209 249
249 250
250 251
