0 1
1 2
1 3
3 4
3 5
3 6
6 7
6 8
3 9
9 10
3 11
11 12
12 13
13 14
14 15
15 16
14 17
14 18
18 19
18 20
20 21
21 22
22 23
21 24
11 25
25 26
26 27
27 28
28 29
27 30
26 31
11 32
32 33
33 34
34 35
33 36
32 37
37 38
38 39
11 40
40 41
41 42
42 43
43 44
42 45
41 46
11 47
47 48
48 49
49 50
49 51
49 52
11 53
53 54
54 55
55 56
55 57
55 58
53 59
59 60
60 61
59 62
62 63
53 64
64 65
65 66
53 67
67 68
68 69
69 70
70 71
69 72
72 73
73 74
72 75
68 76
76 77
77 78
78 79
79 80
78 81
67 82
82 83
83 84
84 85
85 86
84 87
87 88
83 89
89 90
90 91
91 92
90 93
93 94
94 95
93 96
96 97
89 98
11 99
99 100
100 101
