0 1
1 2
1 3
3 4
3 5
3 6
6 7
6 8
3 9
9 10
3 11
11 12
12 13
13 14
14 15
13 16
12 17
17 18
18 19
18 20
18 21
21 22
11 23
23 24
24 25
25 26
24 27
23 28
28 29
29 30
29 31
29 32
32 33
32 34
11 35
35 36
36 37
37 38
38 39
37 40
37 41
41 42
41 43
43 44
44 45
45 46
44 47
11 48
48 49
49 50
50 51
51 52
50 53
49 54
11 55
55 56
56 57
57 58
58 59
57 60
56 61
11 62
62 63
63 64
64 65
63 66
62 67
67 68
68 69
11 70
70 71
71 72
72 73
72 74
72 75
70 76
76 77
77 78
76 79
79 80
70 81
81 82
82 83
70 84
84 85
85 86
86 87
87 88
87 89
87 90
90 91
91 92
90 93
84 94
94 95
95 96
96 97
96 98
96 99
99 100
100 101
99 102
84 103
103 104
104 105
105 106
106 107
105 108
108 109
104 110
110 111
111 112
112 113
111 114
114 115
110 116
116 117
11 118
118 119
119 120
