0 1
1 2
1 3
3 4
3 5
3 6
6 7
6 8
3 9
3 10
10 11
11 12
12 13
13 14
13 15
13 16
10 17
17 18
18 19
19 20
20 21
20 22
22 23
19 24
19 25
25 26
26 27
10 28
28 29
29 30
30 31
29 32
28 33
33 34
34 35
35 36
36 37
36 38
36 39
33 40
40 41
41 42
42 43
42 44
42 45
33 46
46 47
47 48
48 49
47 50
46 51
51 52
52 53
53 54
54 55
53 56
56 57
57 58
56 59
51 60
60 61
61 62
62 63
61 64
64 65
65 66
64 67
67 68
68 69
69 70
68 71
71 72
51 73
73 74
74 75
75 76
74 77
77 78
78 79
77 80
33 81
81 82
82 83
83 84
82 85
81 86
86 87
87 88
33 89
89 90
90 91
91 92
90 93
90 94
94 95
89 96
96 97
97 98
89 99
99 100
100 101
101 102
102 103
101 104
101 105
105 106
99 107
107 108
108 109
109 110
108 111
111 112
10 113
113 114
