0 1
1 2
1 3
3 4
3 5
3 6
6 7
6 8
3 9
3 10
10 11
11 12
12 13
13 14
13 15
13 16
16 17
16 18
18 19
10 20
20 21
21 22
22 23
21 24
20 25
25 26
26 27
27 28
28 29
27 30
30 31
26 32
32 33
25 34
34 35
35 36
36 37
35 38
38 39
38 40
40 41
25 42
42 43
43 44
44 45
43 46
46 47
46 48
48 49
48 50
50 51
10 52
52 53
1 54
54 55
54 56
56 57
56 58
54 59
54 60
60 61
61 62
62 63
63 64
63 65
62 66
66 67
66 68
66 69
60 70
70 71
71 72
72 73
71 74
70 75
75 76
76 77
77 78
78 79
77 80
80 81
81 82
80 83
75 84
84 85
85 86
86 87
85 88
88 89
89 90
88 91
91 92
75 93
93 94
94 95
95 96
94 97
97 98
98 99
97 100
60 101
101 102
102 103
