0 1
1 2
1 3
3 4
3 5
3 6
6 7
6 8
3 9
3 10
10 11
11 12
12 13
13 14
14 15
13 16
12 17
17 18
18 19
17 20
11 21
21 22
22 23
10 24
24 25
25 26
26 27
26 28
10 29
29 30
30 31
31 32
30 33
33 34
33 35
33 36
36 37
10 38
38 39
39 40
40 41
41 42
40 43
39 44
44 45
45 46
44 47
38 48
48 49
49 50
50 51
51 52
50 53
53 54
53 55
53 56
56 57
10 58
58 59
59 60
60 61
59 62
1 63
63 64
63 65
63 66
66 67
66 68
63 69
69 70
69 71
63 72
63 73
73 74
74 75
75 76
76 77
76 78
76 79
79 80
73 81
81 82
82 83
83 84
82 85
81 86
86 87
87 88
88 89
89 90
89 91
89 92
92 93
93 94
92 95
86 96
96 97
97 98
98 99
97 100
100 101
101 102
100 103
103 104
86 105
105 106
106 107
107 108
106 109
109 110
110 111
109 112
73 113
113 114
114 115
