0 1
1 2
1 3
3 4
4 5
5 6
4 7
1 8
8 9
9 10
10 11
10 12
12 13
9 14
1 15
15 16
15 17
15 18
18 19
19 20
18 21
15 22
22 23
23 24
23 25
25 26
22 27
15 28
28 29
29 30
30 31
31 32
31 33
30 34
34 35
28 36
36 37
37 38
38 39
38 40
37 41
41 42
0 43
43 44
43 45
45 46
45 47
45 48
48 49
49 50
48 51
45 52
52 53
53 54
53 55
55 56
52 57
45 58
58 59
59 60
59 61
61 62
61 63
63 64
58 65
45 66
45 67
67 68
68 69
69 70
70 71
71 72
72 73
71 74
70 75
69 76
76 77
77 78
78 79
77 80
76 81
68 82
82 83
83 84
84 85
85 86
84 87
84 88
88 89
89 90
88 91
82 92
92 93
93 94
94 95
93 96
93 97
97 98
98 99
97 100
100 101
82 102
102 103
103 104
104 105
103 106
103 107
107 108
108 109
109 110
108 111
107 112
82 113
67 114
114 115
115 116
116 117
115 118
115 119
119 120
120 121
119 122
67 123
123 124
124 125
125 126
126 127
125 128
124 129
123 130
130 131
131 132
131 133
133 134
134 135
133 136
131 137
137 138
131 139
139 140
67 141
141 142
142 143
143 144
144 145
143 146
142 147
141 148
148 149
149 150
149 151
151 152
152 153
151 154
149 155
155 156
149 157
157 158
67 159
159 160
160 161
161 162
160 163
160 164
164 165
165 166
166 167
165 168
164 169
43 170
170 171
170 172
170 173
173 174
174 175
173 176
170 177
177 178
178 179
178 180
180 181
180 182
182 183
177 184
170 185
170 186
186 187
187 188
188 189
189 190
190 191
190 192
192 193
189 194
189 195
195 196
196 197
186 198
198 199
199 200
200 201
199 202
199 203
203 204
204 205
203 206
206 207
203 208
208 209
209 210
186 211
211 212
212 213
213 214
214 215
213 216
211 217
217 218
218 219
219 220
220 221
221 222
220 223
220 224
224 225
225 226
224 227
217 228
228 229
229 230
230 231
229 232
217 233
233 234
234 235
235 236
234 237
237 238
238 239
237 240
217 241
241 242
242 243
243 244
244 245
245 246
244 247
243 248
242 249
249 250
250 251
251 252
250 253
249 254
241 255
255 256
256 257
257 258
258 259
259 260
258 261
257 262
257 263
263 264
264 265
263 266
255 267
267 268
268 269
269 270
268 271
268 272
272 273
273 274
272 275
275 276
276 277
275 278
217 279
279 280
280 281
281 282
282 283
281 284
280 285
280 286
286 287
287 288
286 289
217 290
290 291
291 292
292 293
293 294
292 295
291 296
290 297
297 298
298 299
299 300
298 301
298 302
302 303
303 304
302 305
305 306
306 307
305 308
302 309
309 310
310 311
309 312
312 313
313 314
312 315
217 316
316 317
317 318
318 319
319 320
318 321
317 322
316 323
323 324
324 325
325 326
324 327
324 328
328 329
329 330
328 331
331 332
332 333
331 334
328 335
335 336
336 337
335 338
338 339
339 340
338 341
43 342
342 343
342 344
342 345
345 346
346 347
345 348
342 349
349 350
349 351
351 352
342 353
353 354
354 355
355 356
356 357
357 358
357 359
359 360
359 361
361 362
356 363
356 364
364 365
365 366
353 367
367 368
368 369
369 370
370 371
370 372
372 373
369 374
369 375
375 376
376 377
353 378
378 379
379 380
379 381
381 382
379 383
383 384
353 385
385 386
386 387
387 388
388 389
388 390
390 391
387 392
385 393
393 394
385 395
395 396
396 397
397 398
398 399
399 400
398 401
398 402
402 403
403 404
395 405
405 406
406 407
407 408
407 409
407 410
405 411
411 412
412 413
411 414
414 415
415 416
416 417
415 418
414 419
405 420
420 421
421 422
405 423
423 424
424 425
425 426
426 427
425 428
425 429
429 430
430 431
431 432
430 433
430 434
434 435
435 436
434 437
434 438
438 439
429 440
395 441
441 442
442 443
443 444
442 445
442 446
446 447
447 448
446 449
446 450
450 451
451 452
450 453
450 454
454 455
455 456
456 457
455 458
454 459
395 460
460 461
461 462
462 463
461 464
461 465
465 466
466 467
465 468
353 469
469 470
470 471
