0 1
1 2
1 3
3 4
4 5
5 6
5 7
7 8
4 9
4 10
10 11
11 12
11 13
13 14
1 15
15 16
15 17
15 18
18 19
19 20
18 21
18 22
1 23
23 24
23 25
23 26
26 27
27 28
26 29
23 30
30 31
30 32
32 33
23 34
34 35
35 36
36 37
37 38
36 39
35 40
40 41
41 42
34 43
43 44
44 45
44 46
46 47
44 48
48 49
49 50
34 51
51 52
52 53
1 54
54 55
54 56
54 57
57 58
58 59
57 60
54 61
61 62
62 63
61 64
54 65
54 66
66 67
67 68
68 69
69 70
68 71
68 72
72 73
73 74
72 75
66 76
76 77
77 78
78 79
79 80
80 81
79 82
78 83
77 84
84 85
85 86
86 87
85 88
84 89
76 90
90 91
91 92
92 93
93 94
92 95
92 96
96 97
97 98
96 99
76 100
100 101
101 102
102 103
103 104
103 105
103 106
106 107
107 108
106 109
100 110
110 111
111 112
112 113
113 114
112 115
111 116
110 117
117 118
118 119
119 120
119 121
121 122
122 123
121 124
119 125
125 126
126 127
125 128
125 129
129 130
100 131
131 132
132 133
133 134
134 135
133 136
132 137
131 138
138 139
139 140
139 141
141 142
142 143
141 144
139 145
145 146
146 147
147 148
146 149
146 150
150 151
146 152
152 153
153 154
152 155
145 156
145 157
157 158
