0 1
1 2
1 3
3 4
3 5
3 6
3 7
7 8
8 9
7 10
3 11
11 12
12 13
12 14
14 15
11 16
3 17
17 18
18 19
17 20
3 21
3 22
22 23
23 24
24 25
25 26
26 27
27 28
26 29
25 30
24 31
31 32
32 33
33 34
32 35
31 36
23 37
37 38
38 39
39 40
40 41
39 42
39 43
43 44
22 45
45 46
46 47
47 48
48 49
47 50
46 51
45 52
52 53
53 54
54 55
54 56
56 57
57 58
56 59
54 60
60 61
54 62
62 63
63 64
64 65
63 66
62 67
67 68
68 69
69 70
68 71
67 72
22 73
73 74
74 75
75 76
76 77
75 78
74 79
73 80
80 81
81 82
82 83
82 84
84 85
85 86
84 87
82 88
88 89
82 90
90 91
91 92
92 93
91 94
90 95
95 96
96 97
97 98
96 99
95 100
1 101
101 102
101 103
101 104
104 105
105 106
104 107
101 108
108 109
108 110
110 111
101 112
112 113
113 114
114 115
115 116
116 117
116 118
118 119
115 120
115 121
121 122
122 123
112 124
124 125
125 126
126 127
127 128
126 129
126 130
112 131
131 132
132 133
133 134
132 135
135 136
136 137
135 138
112 139
139 140
140 141
141 142
140 143
139 144
144 145
145 146
146 147
146 148
148 149
146 150
150 151
146 152
152 153
112 154
154 155
155 156
