0 1
1 2
1 3
3 4
3 5
5 6
6 7
6 8
8 9
5 10
5 11
11 12
12 13
1 14
14 15
14 16
14 17
17 18
18 19
17 20
14 21
21 22
21 23
23 24
14 25
25 26
26 27
27 28
28 29
27 30
26 31
31 32
32 33
33 34
33 35
35 36
33 37
37 38
38 39
25 40
40 41
41 42
1 43
43 44
43 45
43 46
46 47
47 48
46 49
43 50
50 51
51 52
50 53
43 54
43 55
55 56
56 57
57 58
57 59
59 60
57 61
61 62
55 63
63 64
64 65
65 66
66 67
67 68
66 69
65 70
64 71
71 72
72 73
73 74
72 75
71 76
63 77
77 78
78 79
79 80
79 81
81 82
79 83
83 84
63 85
85 86
86 87
87 88
88 89
89 90
88 91
87 92
86 93
93 94
94 95
95 96
95 97
97 98
98 99
97 100
95 101
101 102
102 103
101 104
101 105
86 106
106 107
107 108
108 109
109 110
110 111
109 112
108 113
107 114
114 115
115 116
116 117
116 118
118 119
119 120
118 121
116 122
122 123
123 124
122 125
122 126
107 127
127 128
128 129
129 130
130 131
129 132
129 133
133 134
134 135
133 136
1 137
137 138
137 139
137 140
140 141
141 142
140 143
137 144
144 145
145 146
144 147
137 148
137 149
149 150
150 151
151 152
152 153
151 154
150 155
155 156
156 157
157 158
158 159
157 160
157 161
161 162
162 163
161 164
1 165
165 166
165 167
165 168
168 169
169 170
168 171
165 172
172 173
173 174
172 175
165 176
165 177
177 178
178 179
179 180
180 181
179 182
179 183
177 184
184 185
185 186
185 187
187 188
188 189
187 190
185 191
191 192
192 193
191 194
194 195
195 196
194 197
177 198
198 199
199 200
199 201
201 202
202 203
201 204
199 205
205 206
206 207
205 208
208 209
209 210
208 211
