0 1
1 2
1 3
3 4
3 5
3 6
6 7
7 8
6 9
3 10
10 11
10 12
12 13
3 14
14 15
15 16
16 17
16 18
18 19
19 20
19 21
21 22
18 23
18 24
24 25
25 26
14 27
27 28
28 29
28 30
30 31
28 32
32 33
28 34
34 35
35 36
14 37
37 38
38 39
1 40
40 41
40 42
40 43
43 44
44 45
43 46
40 47
47 48
47 49
49 50
49 51
51 52
47 53
40 54
54 55
55 56
54 57
40 58
40 59
59 60
60 61
61 62
61 63
63 64
63 65
63 66
66 67
67 68
66 69
59 70
70 71
71 72
72 73
71 74
70 75
59 76
76 77
77 78
78 79
79 80
80 81
79 82
78 83
77 84
84 85
85 86
86 87
85 88
84 89
76 90
90 91
91 92
92 93
93 94
92 95
92 96
96 97
97 98
96 99
90 100
100 101
101 102
102 103
101 104
101 105
105 106
106 107
105 108
76 109
109 110
110 111
111 112
112 113
111 114
111 115
115 116
116 117
115 118
109 119
119 120
120 121
121 122
120 123
120 124
109 125
125 126
126 127
126 128
128 129
129 130
128 131
126 132
132 133
126 134
134 135
109 136
136 137
137 138
137 139
139 140
140 141
139 142
137 143
143 144
137 145
145 146
59 147
147 148
148 149
149 150
148 151
148 152
152 153
