0 1
1 2
1 3
3 4
4 5
5 6
5 7
7 8
4 9
4 10
10 11
11 12
1 13
13 14
13 15
13 16
16 17
17 18
16 19
13 20
20 21
20 22
22 23
13 24
24 25
25 26
26 27
27 28
28 29
27 30
27 31
24 32
32 33
33 34
34 35
33 36
32 37
37 38
38 39
32 40
40 41
41 42
42 43
42 44
44 45
42 46
46 47
24 48
48 49
49 50
1 51
51 52
51 53
53 54
54 55
53 56
51 57
57 58
58 59
57 60
51 61
61 62
51 63
63 64
64 65
65 66
66 67
65 68
64 69
69 70
70 71
71 72
72 73
73 74
74 75
73 76
72 77
71 78
78 79
79 80
80 81
79 82
78 83
70 84
84 85
85 86
86 87
87 88
86 89
89 90
90 91
89 92
84 93
93 94
94 95
95 96
94 97
94 98
98 99
70 100
100 101
101 102
102 103
103 104
102 105
105 106
106 107
107 108
106 109
105 110
100 111
111 112
112 113
112 114
114 115
115 116
114 117
112 118
118 119
100 120
120 121
121 122
121 123
123 124
124 125
123 126
121 127
127 128
63 129
129 130
