0 1
1 2
1 3
3 4
3 5
3 6
6 7
7 8
6 9
3 10
3 11
11 12
12 13
13 14
14 15
14 16
14 17
11 18
18 19
19 20
20 21
20 22
20 23
11 24
24 25
25 26
26 27
27 28
26 29
25 30
24 31
31 32
32 33
33 34
34 35
34 36
34 37
32 38
38 39
39 40
38 41
41 42
42 43
41 44
32 45
45 46
46 47
32 48
48 49
49 50
50 51
51 52
50 53
48 54
54 55
55 56
56 57
56 58
56 59
54 60
60 61
61 62
60 63
63 64
64 65
63 66
54 67
67 68
68 69
54 70
70 71
71 72
72 73
73 74
74 75
73 76
76 77
72 78
78 79
79 80
78 81
81 82
71 83
83 84
84 85
85 86
86 87
48 88
88 89
89 90
90 91
89 92
88 93
93 94
94 95
95 96
96 97
95 98
98 99
99 100
98 101
101 102
24 103
103 104
104 105
105 106
106 107
105 108
11 109
109 110
110 111
