0 1
1 2
1 3
3 4
3 5
3 6
6 7
7 8
6 9
3 10
10 11
3 12
12 13
13 14
14 15
15 16
14 17
13 18
18 19
19 20
12 21
21 22
22 23
23 24
24 25
23 26
23 27
27 28
28 29
27 30
30 31
12 32
32 33
33 34
34 35
35 36
34 37
34 38
38 39
39 40
38 41
41 42
12 43
43 44
44 45
45 46
46 47
45 48
45 49
49 50
12 51
51 52
52 53
53 54
54 55
53 56
53 57
57 58
12 59
59 60
60 61
61 62
62 63
61 64
61 65
65 66
12 67
67 68
68 69
69 70
68 71
67 72
72 73
73 74
74 75
75 76
76 77
75 78
74 79
79 80
72 81
81 82
82 83
83 84
82 85
85 86
72 87
87 88
88 89
89 90
88 91
91 92
92 93
91 94
72 95
95 96
96 97
97 98
98 99
97 100
96 101
101 102
72 103
103 104
104 105
105 106
104 107
107 108
72 109
109 110
110 111
111 112
110 113
109 114
114 115
72 116
116 117
117 118
118 119
117 120
120 121
121 122
120 123
12 124
124 125
125 126
126 127
125 128
128 129
129 130
128 131
12 132
132 133
133 134
134 135
133 136
136 137
137 138
136 139
12 140
140 141
141 142
142 143
143 144
142 145
141 146
146 147
12 148
148 149
149 150
