0 1
1 2
1 3
3 4
3 5
3 6
6 7
7 8
6 9
3 10
10 11
3 12
12 13
13 14
14 15
15 16
14 17
13 18
18 19
12 20
20 21
21 22
22 23
23 24
24 25
23 26
22 27
21 28
28 29
29 30
30 31
31 32
30 33
29 34
28 35
20 36
36 37
37 38
12 39
39 40
40 41
41 42
42 43
41 44
41 45
45 46
12 47
47 48
48 49
49 50
50 51
49 52
49 53
53 54
54 55
53 56
12 57
57 58
58 59
59 60
60 61
59 62
59 63
63 64
12 65
65 66
66 67
67 68
68 69
67 70
67 71
71 72
12 73
73 74
74 75
75 76
76 77
77 78
76 79
75 80
74 81
81 82
82 83
83 84
84 85
83 86
82 87
81 88
73 89
89 90
90 91
91 92
92 93
93 94
92 95
91 96
96 97
97 98
98 99
97 100
96 101
89 102
102 103
103 104
104 105
103 106
106 107
107 108
106 109
89 110
110 111
111 112
112 113
113 114
112 115
111 116
116 117
117 118
118 119
117 120
116 121
89 122
122 123
123 124
124 125
123 126
126 127
127 128
126 129
12 130
130 131
131 132
132 133
133 134
132 135
131 136
130 137
137 138
138 139
139 140
140 141
141 142
140 143
139 144
144 145
145 146
146 147
145 148
144 149
137 150
150 151
151 152
152 153
151 154
154 155
155 156
154 157
137 158
158 159
159 160
160 161
161 162
160 163
159 164
164 165
137 166
166 167
167 168
168 169
169 170
168 171
167 172
130 173
173 174
174 175
175 176
176 177
177 178
176 179
175 180
180 181
12 182
182 183
183 184
