0 1
1 2
1 3
3 4
3 5
3 6
6 7
7 8
6 9
3 10
10 11
3 12
12 13
13 14
14 15
15 16
16 17
17 18
16 19
15 20
20 21
21 22
22 23
21 24
20 25
14 26
26 27
27 28
28 29
29 30
28 31
27 32
26 33
13 34
34 35
35 36
12 37
37 38
38 39
39 40
40 41
39 42
39 43
43 44
38 45
45 46
46 47
45 48
45 49
49 50
38 51
51 52
52 53
51 54
51 55
55 56
56 57
55 58
12 59
59 60
60 61
61 62
61 63
61 64
12 65
65 66
66 67
67 68
68 69
67 70
66 71
65 72
72 73
73 74
74 75
75 76
74 77
77 78
78 79
77 80
72 81
81 82
82 83
83 84
84 85
83 86
82 87
81 88
88 89
89 90
90 91
91 92
92 93
93 94
92 95
90 96
89 97
97 98
98 99
99 100
100 101
101 102
100 103
99 104
104 105
105 106
104 107
89 108
108 109
109 110
110 111
111 112
112 113
111 114
110 115
115 116
81 117
117 118
118 119
119 120
120 121
119 122
118 123
123 124
124 125
123 126
72 127
127 128
128 129
129 130
128 131
131 132
72 133
133 134
134 135
135 136
12 137
137 138
138 139
139 140
140 141
141 142
140 143
138 144
137 145
145 146
146 147
147 148
148 149
147 150
146 151
137 152
152 153
153 154
154 155
155 156
154 157
153 158
158 159
12 160
160 161
161 162
