0 1
1 2
1 3
3 4
3 5
3 6
6 7
7 8
6 9
3 10
10 11
3 12
12 13
13 14
14 15
15 16
15 17
15 18
12 19
19 20
20 21
21 22
22 23
21 24
21 25
25 26
12 27
27 28
28 29
29 30
30 31
29 32
29 33
28 34
34 35
35 36
34 37
34 38
28 39
39 40
40 41
39 42
39 43
28 44
44 45
45 46
44 47
44 48
12 49
49 50
50 51
51 52
50 53
49 54
54 55
55 56
12 57
57 58
58 59
59 60
58 61
57 62
62 63
63 64
64 65
65 66
62 67
67 68
68 69
69 70
70 71
69 72
68 73
67 74
74 75
75 76
76 77
77 78
76 79
75 80
80 81
81 82
82 83
83 84
82 85
85 86
80 87
87 88
88 89
89 90
88 91
91 92
75 93
93 94
94 95
95 96
96 97
97 98
96 99
95 100
100 101
93 102
102 103
103 104
104 105
103 106
106 107
67 108
108 109
109 110
110 111
111 112
110 113
109 114
108 115
115 116
116 117
117 118
118 119
117 120
116 121
121 122
122 123
123 124
124 125
123 126
126 127
121 128
128 129
129 130
130 131
129 132
132 133
116 134
134 135
135 136
136 137
137 138
138 139
137 140
136 141
141 142
134 143
143 144
144 145
145 146
144 147
147 148
62 149
149 150
150 151
151 152
150 153
153 154
154 155
153 156
12 157
157 158
158 159
159 160
158 161
157 162
162 163
163 164
12 165
165 166
166 167
167 168
168 169
167 170
166 171
171 172
12 173
173 174
174 175
175 176
176 177
175 178
174 179
12 180
180 181
181 182
