0 1
1 2
1 3
3 4
3 5
3 6
6 7
7 8
6 9
3 10
10 11
3 12
12 13
13 14
14 15
15 16
16 17
15 18
15 19
12 20
20 21
21 22
22 23
23 24
22 25
22 26
12 27
27 28
28 29
29 30
30 31
29 32
29 33
12 34
34 35
35 36
36 37
37 38
36 39
36 40
12 41
41 42
42 43
43 44
43 45
43 46
12 47
47 48
48 49
49 50
50 51
49 52
49 53
53 54
47 55
55 56
56 57
55 58
47 59
59 60
60 61
59 62
62 63
63 64
62 65
47 66
66 67
67 68
68 69
69 70
70 71
69 72
68 73
67 74
74 75
75 76
76 77
77 78
76 79
75 80
80 81
81 82
82 83
83 84
82 85
85 86
80 87
87 88
88 89
89 90
88 91
91 92
75 93
93 94
94 95
95 96
96 97
97 98
96 99
95 100
100 101
93 102
102 103
103 104
104 105
103 106
106 107
107 108
106 109
67 110
110 111
111 112
112 113
113 114
112 115
111 116
116 117
117 118
118 119
119 120
118 121
121 122
116 123
123 124
124 125
125 126
124 127
127 128
111 129
129 130
130 131
131 132
132 133
133 134
132 135
131 136
136 137
129 138
138 139
139 140
140 141
139 142
142 143
143 144
142 145
66 146
146 147
147 148
148 149
12 150
150 151
151 152
152 153
153 154
152 155
151 156
156 157
157 158
156 159
150 160
160 161
161 162
12 163
163 164
164 165
165 166
166 167
165 168
164 169
169 170
12 171
171 172
172 173
173 174
174 175
173 176
172 177
12 178
178 179
179 180
