0 1
1 2
1 3
3 4
3 5
3 6
6 7
7 8
6 9
3 10
10 11
3 12
12 13
13 14
14 15
15 16
14 17
13 18
18 19
19 20
20 21
12 22
22 23
23 24
24 25
25 26
24 27
24 28
28 29
12 30
30 31
31 32
32 33
33 34
32 35
32 36
36 37
37 38
36 39
12 40
40 41
41 42
42 43
43 44
42 45
42 46
46 47
47 48
46 49
12 50
50 51
51 52
52 53
53 54
52 55
51 56
56 57
57 58
58 59
57 60
56 61
50 62
62 63
63 64
64 65
65 66
66 67
65 68
64 69
69 70
70 71
69 72
62 73
73 74
74 75
75 76
74 77
77 78
78 79
77 80
62 81
81 82
82 83
83 84
84 85
83 86
82 87
87 88
88 89
87 90
62 91
91 92
92 93
93 94
92 95
95 96
96 97
95 98
62 99
99 100
100 101
101 102
102 103
101 104
100 105
105 106
12 107
107 108
108 109
