0 1
1 2
1 3
3 4
3 5
3 6
6 7
6 8
3 9
9 10
3 11
11 12
12 13
13 14
14 15
15 16
15 17
17 18
15 19
19 20
14 21
14 22
22 23
23 24
11 25
25 26
26 27
27 28
26 29
26 30
26 31
11 32
32 33
33 34
34 35
33 36
33 37
33 38
11 39
39 40
40 41
41 42
40 43
40 44
40 45
11 46
46 47
47 48
48 49
47 50
47 51
47 52
11 53
53 54
54 55
55 56
54 57
54 58
54 59
11 60
60 61
61 62
62 63
61 64
61 65
61 66
11 67
67 68
68 69
69 70
68 71
68 72
68 73
11 74
74 75
75 76
76 77
75 78
75 79
75 80
11 81
81 82
82 83
83 84
82 85
82 86
82 87
11 88
88 89
89 90
90 91
89 92
89 93
89 94
11 95
95 96
96 97
97 98
96 99
96 100
96 101
11 102
102 103
103 104
104 105
103 106
103 107
103 108
11 109
109 110
110 111
111 112
110 113
110 114
110 115
11 116
116 117
117 118
118 119
119 120
118 121
118 122
122 123
123 124
11 125
125 126
126 127
127 128
126 129
125 130
130 131
131 132
132 133
133 134
134 135
135 136
134 137
134 138
138 139
134 140
140 141
133 142
133 143
143 144
144 145
143 146
143 147
147 148
130 149
149 150
150 151
151 152
150 153
150 154
154 155
155 156
154 157
130 158
158 159
159 160
160 161
159 162
162 163
163 164
162 165
165 166
166 167
165 168
11 169
169 170
170 171
171 172
170 173
