0 1
1 2
1 3
3 4
3 5
3 6
3 7
7 8
7 9
3 10
10 11
3 12
12 13
13 14
14 15
15 16
16 17
15 18
15 19
19 20
19 21
19 22
19 23
19 24
19 25
19 26
19 27
19 28
19 29
19 30
19 31
19 32
12 33
33 34
34 35
35 36
36 37
37 38
35 39
35 40
40 41
40 42
40 43
40 44
40 45
40 46
40 47
40 48
40 49
40 50
40 51
40 52
40 53
12 54
54 55
55 56
56 57
57 58
56 59
56 60
60 61
61 62
12 63
63 64
64 65
65 66
65 67
65 68
68 69
69 70
70 71
69 72
68 73
63 74
74 75
75 76
76 77
75 78
74 79
79 80
80 81
79 82
63 83
83 84
84 85
63 86
86 87
87 88
88 89
89 90
88 91
91 92
92 93
91 94
94 95
87 96
96 97
97 98
98 99
99 100
98 101
101 102
102 103
101 104
104 105
96 106
106 107
107 108
108 109
107 110
107 111
111 112
112 113
111 114
114 115
12 116
116 117
117 118
118 119
117 120
1 121
121 122
121 123
121 124
121 125
125 126
126 127
127 128
125 129
121 130
121 131
131 132
132 133
133 134
134 135
135 136
134 137
133 138
133 139
139 140
139 141
