0 1
1 2
1 3
3 4
3 5
5 6
6 7
5 8
1 9
9 10
9 11
11 12
11 13
1 14
14 15
14 16
16 17
17 18
17 19
19 20
19 21
21 22
16 23
1 24
24 25
24 26
26 27
27 28
27 29
29 30
26 31
1 32
32 33
32 34
32 35
35 36
36 37
35 38
32 39
39 40
39 41
41 42
41 43
43 44
32 45
45 46
46 47
47 48
48 49
47 50
50 51
51 52
50 53
53 54
45 55
55 56
56 57
57 58
56 59
59 60
60 61
59 62
45 63
63 64
64 65
65 66
64 67
67 68
68 69
68 70
70 71
45 72
72 73
73 74
74 75
74 76
76 77
76 78
78 79
73 80
80 81
81 82
80 83
80 84
80 85
80 86
86 87
87 88
88 89
86 90
90 91
91 92
92 93
91 94
73 95
95 96
96 97
95 98
95 99
95 100
100 101
100 102
95 103
103 104
103 105
105 106
95 107
107 108
108 109
109 110
107 111
111 112
112 113
113 114
112 115
112 116
116 117
73 118
118 119
118 120
118 121
118 122
122 123
123 124
124 125
125 126
124 127
123 128
122 129
129 130
130 131
131 132
130 133
133 134
134 135
134 136
136 137
136 138
138 139
122 140
140 141
141 142
141 143
1 144
144 145
144 146
144 147
147 148
147 149
144 150
144 151
151 152
152 153
153 154
154 155
153 156
156 157
152 158
158 159
159 160
160 161
161 162
160 163
160 164
164 165
165 166
165 167
167 168
164 169
169 170
158 171
151 172
172 173
173 174
174 175
174 176
174 177
177 178
172 179
179 180
180 181
179 182
182 183
172 184
184 185
185 186
172 187
187 188
188 189
189 190
190 191
190 192
192 193
190 194
194 195
190 196
196 197
188 198
187 199
199 200
200 201
201 202
200 203
200 204
204 205
205 206
204 207
204 208
208 209
204 210
210 211
211 212
210 213
187 214
214 215
215 216
215 217
217 218
218 219
217 220
187 221
221 222
222 223
223 224
222 225
222 226
226 227
227 228
228 229
227 230
226 231
1 232
232 233
232 234
232 235
235 236
236 237
235 238
232 239
239 240
239 241
232 242
242 243
242 244
232 245
232 246
246 247
247 248
248 249
249 250
248 251
251 252
247 253
253 254
254 255
255 256
256 257
257 258
256 259
256 260
260 261
255 262
262 263
263 264
262 265
262 266
266 267
254 268
268 269
253 270
270 271
271 272
272 273
253 274
274 275
275 276
276 277
246 278
278 279
