0 1
1 2
1 3
3 4
3 5
3 6
6 7
7 8
7 9
9 10
9 11
11 12
6 13
1 14
14 15
14 16
14 17
14 18
18 19
19 20
18 21
14 22
22 23
22 24
14 25
25 26
25 27
14 28
14 29
29 30
30 31
31 32
32 33
31 34
34 35
30 36
36 37
37 38
38 39
39 40
40 41
39 42
39 43
43 44
38 45
45 46
46 47
45 48
45 49
49 50
37 51
51 52
36 53
53 54
54 55
55 56
36 57
57 58
58 59
59 60
29 61
61 62
1 63
63 64
63 65
63 66
63 67
67 68
67 69
63 70
70 71
71 72
70 73
63 74
74 75
75 76
75 77
77 78
74 79
63 80
63 81
81 82
82 83
83 84
84 85
83 86
86 87
87 88
86 89
82 90
90 91
91 92
92 93
93 94
92 95
92 96
96 97
97 98
96 99
99 100
90 101
81 102
102 103
103 104
104 105
104 106
104 107
107 108
102 109
109 110
110 111
109 112
112 113
113 114
112 115
102 116
116 117
117 118
102 119
119 120
120 121
121 122
121 123
123 124
121 125
125 126
121 127
127 128
120 129
129 130
130 131
131 132
132 133
131 134
131 135
135 136
136 137
135 138
135 139
139 140
135 141
141 142
142 143
141 144
129 145
145 146
146 147
146 148
148 149
149 150
148 151
146 152
152 153
146 154
154 155
129 156
156 157
157 158
158 159
157 160
157 161
161 162
162 163
163 164
162 165
161 166
1 167
167 168
167 169
167 170
170 171
171 172
170 173
167 174
174 175
174 176
176 177
176 178
178 179
167 180
180 181
181 182
182 183
183 184
182 185
185 186
186 187
180 188
188 189
189 190
189 191
189 192
192 193
189 194
194 195
195 196
195 197
197 198
180 199
199 200
200 201
