0 1
1 2
1 3
3 4
3 5
3 6
6 7
7 8
6 9
3 10
10 11
10 12
12 13
12 14
14 15
3 16
16 17
17 18
18 19
19 20
20 21
20 22
22 23
22 24
24 25
19 26
19 27
27 28
28 29
16 30
30 31
31 32
31 33
33 34
31 35
35 36
36 37
31 38
38 39
16 40
40 41
41 42
1 43
43 44
43 45
43 46
43 47
47 48
48 49
47 50
43 51
51 52
52 53
52 54
54 55
51 56
43 57
57 58
58 59
58 60
60 61
60 62
62 63
57 64
43 65
43 66
66 67
67 68
68 69
69 70
68 71
67 72
72 73
73 74
74 75
75 76
74 77
74 78
78 79
79 80
78 81
81 82
72 83
66 84
84 85
85 86
86 87
86 88
86 89
84 90
90 91
91 92
90 93
93 94
94 95
93 96
84 97
97 98
98 99
84 100
100 101
101 102
102 103
102 104
104 105
105 106
104 107
104 108
104 109
109 110
110 111
109 112
101 113
113 114
114 115
115 116
116 117
115 118
115 119
119 120
120 121
119 122
119 123
119 124
124 125
125 126
124 127
113 128
128 129
129 130
129 131
131 132
132 133
131 134
131 135
135 136
136 137
135 138
129 139
139 140
129 141
141 142
113 143
143 144
144 145
145 146
144 147
144 148
148 149
149 150
150 151
149 152
148 153
1 154
154 155
154 156
154 157
154 158
158 159
159 160
158 161
154 162
154 163
163 164
164 165
165 166
166 167
166 168
166 169
163 170
170 171
171 172
172 173
172 174
172 175
175 176
176 177
177 178
176 179
175 180
163 181
181 182
182 183
183 184
182 185
185 186
181 187
187 188
188 189
189 190
190 191
191 192
190 193
190 194
194 195
195 196
189 197
197 198
198 199
197 200
197 201
201 202
202 203
188 204
204 205
163 206
206 207
