0 1
1 2
1 3
3 4
3 5
3 6
6 7
7 8
6 9
3 10
3 11
11 12
12 13
13 14
14 15
15 16
15 17
17 18
15 19
19 20
14 21
14 22
22 23
23 24
11 25
25 26
26 27
27 28
27 29
27 30
25 31
31 32
32 33
31 34
34 35
35 36
34 37
25 38
38 39
39 40
25 41
41 42
42 43
43 44
44 45
44 46
44 47
47 48
48 49
47 50
50 51
41 52
52 53
53 54
54 55
55 56
54 57
54 58
58 59
59 60
58 61
58 62
62 63
41 64
64 65
65 66
66 67
65 68
64 69
69 70
70 71
71 72
72 73
71 74
74 75
75 76
74 77
74 78
64 79
79 80
80 81
81 82
82 83
81 84
84 85
85 86
84 87
84 88
88 89
89 90
90 91
89 92
88 93
41 94
94 95
95 96
96 97
95 98
95 99
99 100
95 101
101 102
11 103
103 104
104 105
105 106
105 107
105 108
11 109
109 110
110 111
111 112
111 113
111 114
114 115
115 116
116 117
115 118
114 119
11 120
120 121
121 122
122 123
123 124
122 125
120 126
126 127
127 128
126 129
120 130
130 131
131 132
132 133
133 134
134 135
133 136
133 137
137 138
138 139
137 140
137 141
141 142
130 143
143 144
144 145
145 146
146 147
145 148
144 149
149 150
143 151
151 152
152 153
153 154
154 155
153 156
156 157
151 158
11 159
159 160
160 161
