0 1
1 2
1 3
3 4
3 5
3 6
6 7
7 8
6 9
3 10
3 11
11 12
12 13
13 14
14 15
14 16
14 17
17 18
18 19
17 20
11 21
21 22
22 23
23 24
23 25
23 26
11 27
27 28
28 29
29 30
29 31
29 32
11 33
33 34
34 35
35 36
35 37
35 38
33 39
39 40
40 41
39 42
42 43
43 44
42 45
33 46
46 47
47 48
33 49
49 50
50 51
51 52
52 53
51 54
54 55
55 56
54 57
57 58
50 59
59 60
60 61
61 62
62 63
50 64
64 65
65 66
66 67
67 68
49 69
69 70
70 71
71 72
70 73
69 74
74 75
75 76
76 77
77 78
76 79
79 80
80 81
79 82
82 83
74 84
84 85
85 86
86 87
85 88
11 89
89 90
90 91
91 92
91 93
91 94
89 95
95 96
96 97
95 98
98 99
99 100
98 101
89 102
102 103
103 104
89 105
105 106
106 107
107 108
108 109
107 110
110 111
111 112
110 113
113 114
106 115
115 116
116 117
117 118
118 119
11 120
120 121
121 122
122 123
121 124
124 125
125 126
126 127
125 128
124 129
120 130
130 131
131 132
132 133
11 134
134 135
135 136
