0 1
1 2
1 3
3 4
3 5
3 6
6 7
7 8
6 9
3 10
3 11
11 12
12 13
13 14
14 15
15 16
14 17
13 18
12 19
19 20
20 21
21 22
22 23
21 24
11 25
25 26
26 27
27 28
26 29
26 30
30 31
11 32
32 33
33 34
34 35
34 36
34 37
11 38
38 39
39 40
40 41
40 42
40 43
11 44
44 45
45 46
46 47
46 48
46 49
44 50
50 51
51 52
50 53
53 54
54 55
55 56
54 57
53 58
44 59
59 60
60 61
44 62
62 63
63 64
64 65
65 66
66 67
65 68
68 69
64 70
70 71
71 72
70 73
73 74
74 75
73 76
63 77
77 78
78 79
79 80
80 81
63 82
82 83
83 84
84 85
85 86
84 87
62 88
88 89
89 90
90 91
89 92
92 93
93 94
94 95
95 96
94 97
92 98
88 99
99 100
100 101
101 102
102 103
101 104
104 105
105 106
104 107
107 108
11 109
109 110
110 111
