0 1
1 2
1 3
3 4
3 5
3 6
6 7
7 8
6 9
3 10
3 11
11 12
12 13
13 14
14 15
14 16
14 17
13 18
18 19
18 20
18 21
13 22
22 23
22 24
22 25
11 26
26 27
27 28
28 29
28 30
28 31
26 32
32 33
33 34
32 35
35 36
36 37
35 38
26 39
39 40
40 41
26 42
42 43
43 44
44 45
45 46
44 47
43 48
48 49
49 50
50 51
51 52
50 53
48 54
54 55
55 56
56 57
55 58
58 59
59 60
58 61
61 62
43 63
63 64
64 65
65 66
66 67
65 68
68 69
64 70
70 71
63 72
72 73
73 74
74 75
75 76
63 77
77 78
78 79
79 80
80 81
11 82
82 83
83 84
84 85
84 86
84 87
82 88
88 89
89 90
88 91
91 92
92 93
91 94
82 95
95 96
96 97
82 98
98 99
99 100
100 101
101 102
102 103
101 104
104 105
100 106
106 107
99 108
108 109
109 110
110 111
111 112
11 113
113 114
114 115
115 116
114 117
117 118
118 119
119 120
120 121
119 122
118 123
113 124
124 125
125 126
126 127
113 128
128 129
129 130
130 131
