0 1
1 2
1 3
3 4
3 5
3 6
6 7
7 8
6 9
3 10
3 11
11 12
12 13
13 14
14 15
15 16
15 17
17 18
15 19
19 20
14 21
14 22
22 23
23 24
11 25
25 26
26 27
27 28
27 29
25 30
30 31
25 32
32 33
33 34
34 35
35 36
36 37
35 38
35 39
39 40
33 41
41 42
42 43
43 44
44 45
43 46
43 47
47 48
43 49
33 50
50 51
51 52
52 53
53 54
52 55
52 56
56 57
52 58
58 59
59 60
60 61
59 62
59 63
63 64
58 65
11 66
66 67
67 68
68 69
68 70
68 71
11 72
72 73
73 74
74 75
74 76
74 77
11 78
78 79
79 80
80 81
81 82
82 83
81 84
81 85
85 86
81 87
87 88
80 89
78 90
90 91
91 92
90 93
78 94
94 95
95 96
96 97
97 98
98 99
97 100
96 101
101 102
95 103
103 104
104 105
105 106
106 107
105 108
108 109
109 110
108 111
103 112
112 113
113 114
114 115
113 116
116 117
117 118
116 119
11 120
120 121
121 122
