0 1
1 2
1 3
3 4
3 5
3 6
6 7
7 8
6 9
3 10
10 11
11 12
10 13
3 14
14 15
3 16
16 17
17 18
18 19
19 20
20 21
19 22
19 23
23 24
24 25
16 26
26 27
27 28
28 29
29 30
28 31
28 32
32 33
16 34
34 35
35 36
36 37
37 38
36 39
35 40
40 41
41 42
40 43
34 44
44 45
45 46
46 47
47 48
47 49
47 50
50 51
51 52
50 53
44 54
54 55
55 56
56 57
56 58
56 59
59 60
60 61
59 62
44 63
63 64
64 65
65 66
64 67
67 68
63 69
69 70
70 71
71 72
72 73
71 74
74 75
74 76
76 77
74 78
78 79
69 80
80 81
81 82
82 83
81 84
84 85
85 86
84 87
63 88
88 89
89 90
90 91
91 92
90 93
93 94
93 95
95 96
93 97
97 98
88 99
99 100
100 101
101 102
100 103
103 104
104 105
103 106
16 107
107 108
108 109
109 110
110 111
109 112
109 113
113 114
114 115
115 116
116 117
115 118
113 119
119 120
113 121
121 122
16 123
123 124
124 125
125 126
124 127
123 128
128 129
129 130
130 131
131 132
130 133
133 134
133 135
135 136
133 137
137 138
138 139
137 140
128 141
141 142
142 143
143 144
142 145
145 146
146 147
145 148
16 149
149 150
150 151
151 152
150 153
1 154
154 155
154 156
154 157
157 158
158 159
157 160
154 161
161 162
161 163
154 164
164 165
154 166
166 167
167 168
168 169
169 170
170 171
169 172
169 173
173 174
174 175
173 176
176 177
166 178
178 179
179 180
180 181
181 182
180 183
179 184
184 185
166 186
186 187
187 188
