0 1
1 2
1 3
3 4
3 5
3 6
6 7
7 8
6 9
3 10
10 11
11 12
10 13
3 14
14 15
3 16
16 17
17 18
18 19
19 20
20 21
19 22
19 23
23 24
24 25
16 26
26 27
27 28
28 29
29 30
28 31
28 32
32 33
27 34
34 35
35 36
34 37
34 38
38 39
27 40
40 41
41 42
40 43
40 44
44 45
16 46
46 47
47 48
48 49
49 50
48 51
47 52
52 53
53 54
52 55
46 56
56 57
57 58
58 59
59 60
60 61
59 62
59 63
63 64
64 65
56 66
66 67
67 68
68 69
69 70
68 71
67 72
72 73
73 74
72 75
66 76
76 77
77 78
78 79
79 80
80 81
79 82
78 83
83 84
84 85
83 86
76 87
87 88
88 89
89 90
88 91
91 92
92 93
91 94
76 95
95 96
96 97
97 98
98 99
97 100
96 101
101 102
76 103
103 104
104 105
105 106
104 107
107 108
66 109
109 110
110 111
111 112
112 113
111 114
110 115
115 116
116 117
115 118
109 119
119 120
120 121
121 122
122 123
123 124
122 125
121 126
126 127
127 128
126 129
119 130
130 131
131 132
132 133
131 134
134 135
135 136
134 137
119 138
138 139
139 140
140 141
141 142
140 143
139 144
144 145
119 146
146 147
147 148
148 149
147 150
150 151
109 152
152 153
153 154
154 155
155 156
156 157
155 158
154 159
159 160
160 161
159 162
152 163
163 164
164 165
165 166
164 167
167 168
168 169
167 170
152 171
171 172
172 173
173 174
174 175
173 176
172 177
177 178
152 179
179 180
180 181
181 182
180 183
183 184
16 185
185 186
186 187
187 188
186 189
189 190
190 191
189 192
16 193
193 194
194 195
195 196
194 197
193 198
198 199
199 200
200 201
201 202
200 203
199 204
204 205
16 206
206 207
207 208
208 209
207 210
206 211
211 212
212 213
213 214
214 215
213 216
212 217
217 218
16 219
219 220
220 221
1 222
222 223
222 224
222 225
225 226
226 227
225 228
222 229
229 230
230 231
229 232
222 233
233 234
222 235
235 236
236 237
237 238
238 239
239 240
238 241
237 242
242 243
243 244
242 245
236 246
246 247
236 248
248 249
249 250
250 251
251 252
250 253
249 254
254 255
255 256
254 257
248 258
258 259
259 260
248 261
261 262
262 263
263 264
264 265
263 266
262 267
267 268
268 269
267 270
261 271
271 272
272 273
235 274
274 275
275 276
276 277
277 278
276 279
276 280
280 281
280 282
282 283
280 284
284 285
235 286
286 287
287 288
