0 1
1 2
1 3
3 4
3 5
3 6
6 7
7 8
6 9
3 10
10 11
11 12
10 13
3 14
14 15
3 16
16 17
17 18
18 19
19 20
20 21
19 22
19 23
23 24
24 25
23 26
26 27
16 28
28 29
29 30
30 31
31 32
30 33
30 34
34 35
16 36
36 37
37 38
38 39
39 40
38 41
37 42
42 43
43 44
42 45
36 46
46 47
47 48
48 49
49 50
50 51
49 52
48 53
53 54
54 55
53 56
47 57
57 58
58 59
59 60
60 61
61 62
60 63
59 64
64 65
65 66
57 67
67 68
68 69
69 70
68 71
71 72
72 73
71 74
57 75
75 76
76 77
77 78
76 79
79 80
80 81
79 82
47 83
83 84
84 85
85 86
86 87
85 88
84 89
89 90
90 91
89 92
83 93
93 94
94 95
95 96
96 97
97 98
96 99
95 100
100 101
101 102
93 103
103 104
104 105
105 106
104 107
107 108
108 109
107 110
93 111
111 112
112 113
113 114
112 115
115 116
116 117
115 118
16 119
119 120
120 121
121 122
120 123
119 124
124 125
125 126
126 127
127 128
128 129
127 130
126 131
131 132
132 133
124 134
134 135
135 136
136 137
135 138
138 139
139 140
138 141
124 142
142 143
143 144
144 145
143 146
146 147
147 148
146 149
16 150
150 151
151 152
152 153
151 154
150 155
155 156
156 157
157 158
158 159
159 160
158 161
157 162
162 163
163 164
155 165
165 166
166 167
167 168
166 169
169 170
170 171
169 172
155 173
173 174
174 175
175 176
174 177
177 178
178 179
177 180
16 181
181 182
182 183
183 184
182 185
