0 1
1 2
1 3
3 4
3 5
3 6
6 7
7 8
6 9
3 10
10 11
11 12
10 13
3 14
14 15
3 16
16 17
17 18
18 19
19 20
20 21
20 22
22 23
20 24
24 25
19 26
19 27
27 28
28 29
16 30
30 31
31 32
32 33
32 34
30 35
35 36
36 37
35 38
30 39
39 40
40 41
41 42
42 43
41 44
41 45
45 46
41 47
47 48
48 49
49 50
48 51
48 52
52 53
48 54
47 55
16 56
56 57
57 58
58 59
58 60
58 61
16 62
62 63
63 64
64 65
64 66
64 67
67 68
68 69
67 70
16 71
71 72
72 73
73 74
73 75
73 76
16 77
77 78
78 79
79 80
80 81
80 82
82 83
80 84
84 85
79 86
79 87
87 88
88 89
16 90
90 91
91 92
92 93
92 94
92 95
90 96
96 97
97 98
96 99
99 100
100 101
99 102
90 103
103 104
104 105
90 106
106 107
107 108
108 109
109 110
109 111
109 112
112 113
113 114
112 115
112 116
116 117
106 118
118 119
119 120
120 121
119 122
119 123
123 124
119 125
125 126
126 127
127 128
126 129
126 130
130 131
126 132
125 133
106 134
134 135
135 136
135 137
137 138
135 139
139 140
134 141
141 142
142 143
143 144
144 145
145 146
146 147
147 148
146 149
149 150
145 151
143 152
152 153
142 154
154 155
155 156
156 157
157 158
156 159
159 160
160 161
161 162
160 163
163 164
159 165
154 166
166 167
167 168
168 169
167 170
170 171
141 172
172 173
173 174
174 175
173 176
173 177
177 178
178 179
177 180
177 181
181 182
173 183
183 184
184 185
185 186
184 187
184 188
188 189
189 190
188 191
188 192
192 193
183 194
141 195
195 196
196 197
197 198
16 199
199 200
200 201
201 202
202 203
201 204
204 205
205 206
204 207
200 208
208 209
209 210
208 211
208 212
212 213
208 214
214 215
215 216
214 217
217 218
200 219
1 220
220 221
220 222
220 223
223 224
224 225
224 226
226 227
224 228
228 229
223 230
220 231
231 232
232 233
232 234
234 235
232 236
236 237
231 238
220 239
220 240
240 241
241 242
242 243
243 244
244 245
245 246
244 247
244 248
248 249
244 250
250 251
243 252
241 253
253 254
254 255
253 256
241 257
257 258
258 259
259 260
260 261
261 262
260 263
260 264
264 265
265 266
264 267
264 268
268 269
269 270
268 271
257 272
272 273
273 274
274 275
275 276
274 277
273 278
278 279
279 280
278 281
281 282
282 283
281 284
272 285
285 286
286 287
240 288
288 289
