0 1
1 2
1 3
3 4
3 5
3 6
6 7
7 8
7 9
3 10
10 11
10 12
12 13
12 14
10 15
15 16
16 17
17 18
18 19
18 20
17 21
21 22
1 23
23 24
23 25
23 26
26 27
27 28
26 29
23 30
30 31
31 32
30 33
23 34
34 35
23 36
36 37
37 38
38 39
39 40
40 41
41 42
39 43
39 44
44 45
45 46
44 47
47 48
36 49
49 50
50 51
51 52
51 53
51 54
36 55
55 56
56 57
57 58
57 59
55 60
60 61
61 62
60 63
55 64
64 65
65 66
66 67
67 68
68 69
67 70
70 71
66 72
65 73
73 74
74 75
75 76
76 77
77 78
76 79
79 80
75 81
81 82
82 83
81 84
73 85
85 86
86 87
87 88
64 89
89 90
90 91
91 92
92 93
93 94
92 95
95 96
91 97
36 98
98 99
99 100
100 101
100 102
100 103
36 104
104 105
105 106
106 107
107 108
106 109
106 110
110 111
111 112
110 113
113 114
36 115
115 116
116 117
117 118
117 119
117 120
120 121
121 122
120 123
36 124
124 125
125 126
126 127
126 128
126 129
129 130
130 131
129 132
36 133
133 134
134 135
135 136
135 137
135 138
133 139
139 140
140 141
139 142
142 143
133 144
144 145
145 146
133 147
147 148
148 149
149 150
150 151
150 152
150 153
153 154
154 155
153 156
153 157
157 158
147 159
159 160
160 161
161 162
162 163
161 164
164 165
160 166
159 167
167 168
168 169
169 170
170 171
171 172
172 173
171 174
174 175
170 176
167 177
177 178
178 179
179 180
180 181
181 182
180 183
183 184
179 185
178 186
177 187
187 188
188 189
189 190
190 191
147 192
192 193
193 194
194 195
193 196
192 197
197 198
198 199
199 200
200 201
200 202
200 203
203 204
204 205
203 206
203 207
207 208
197 209
209 210
210 211
211 212
212 213
211 214
214 215
210 216
209 217
217 218
218 219
219 220
220 221
221 222
222 223
221 224
224 225
220 226
217 227
227 228
228 229
229 230
229 231
229 232
232 233
233 234
234 235
233 236
236 237
232 238
217 239
239 240
240 241
241 242
240 243
243 244
239 245
245 246
246 247
247 248
248 249
249 250
248 251
247 252
252 253
245 254
254 255
255 256
256 257
257 258
256 259
255 260
260 261
261 262
260 263
245 264
264 265
265 266
266 267
265 268
268 269
217 270
270 271
271 272
272 273
273 274
274 275
273 276
276 277
272 278
271 279
270 280
280 281
281 282
282 283
283 284
197 285
285 286
286 287
287 288
36 289
289 290
290 291
291 292
292 293
291 294
294 295
295 296
294 297
290 298
290 299
299 300
300 301
301 302
302 303
301 304
300 305
305 306
299 307
299 308
308 309
309 310
308 311
308 312
312 313
313 314
312 315
308 316
316 317
317 318
316 319
