0 1
1 2
1 3
3 4
3 5
3 6
6 7
7 8
6 9
3 10
10 11
11 12
10 13
3 14
14 15
3 16
16 17
17 18
18 19
19 20
20 21
20 22
22 23
20 24
24 25
19 26
19 27
27 28
28 29
16 30
30 31
31 32
32 33
32 34
32 35
30 36
36 37
37 38
36 39
39 40
40 41
39 42
30 43
43 44
44 45
30 46
46 47
47 48
48 49
49 50
49 51
49 52
52 53
53 54
52 55
52 56
56 57
46 58
58 59
59 60
60 61
59 62
59 63
63 64
59 65
65 66
66 67
67 68
66 69
66 70
70 71
66 72
65 73
16 74
74 75
75 76
76 77
76 78
76 79
79 80
80 81
79 82
75 83
83 84
83 85
83 86
75 87
87 88
87 89
87 90
16 91
91 92
92 93
93 94
93 95
93 96
92 97
97 98
97 99
97 100
92 101
101 102
101 103
101 104
104 105
105 106
104 107
16 108
108 109
109 110
110 111
109 112
112 113
113 114
112 115
108 116
116 117
117 118
118 119
119 120
119 121
119 122
122 123
123 124
122 125
122 126
126 127
116 128
128 129
129 130
130 131
129 132
129 133
133 134
128 135
135 136
136 137
137 138
138 139
137 140
137 141
141 142
137 143
143 144
144 145
145 146
144 147
144 148
148 149
143 150
135 151
151 152
152 153
153 154
154 155
153 156
153 157
157 158
152 159
151 160
160 161
161 162
162 163
163 164
116 165
165 166
166 167
167 168
166 169
165 170
170 171
171 172
172 173
173 174
174 175
175 176
174 177
177 178
173 179
172 180
180 181
171 182
182 183
183 184
184 185
185 186
184 187
187 188
188 189
189 190
188 191
191 192
187 193
182 194
194 195
195 196
196 197
195 198
198 199
182 200
200 201
201 202
202 203
201 204
204 205
205 206
204 207
170 208
208 209
209 210
210 211
210 212
210 213
213 214
214 215
213 216
213 217
217 218
170 219
219 220
220 221
221 222
220 223
220 224
224 225
219 226
226 227
227 228
228 229
229 230
228 231
228 232
232 233
228 234
234 235
235 236
236 237
235 238
235 239
239 240
234 241
226 242
242 243
243 244
244 245
245 246
244 247
244 248
248 249
243 250
242 251
251 252
252 253
253 254
254 255
170 256
256 257
257 258
258 259
116 260
260 261
261 262
262 263
16 264
264 265
265 266
266 267
267 268
266 269
269 270
270 271
269 272
265 273
265 274
274 275
275 276
274 277
274 278
278 279
274 280
280 281
