0 1
1 2
1 3
3 4
3 5
3 6
6 7
7 8
6 9
3 10
10 11
11 12
10 13
3 14
14 15
3 16
16 17
17 18
18 19
19 20
20 21
19 22
19 23
16 24
24 25
25 26
26 27
27 28
26 29
25 30
30 31
31 32
30 33
24 34
34 35
35 36
16 37
37 38
38 39
39 40
39 41
39 42
42 43
43 44
42 45
16 46
46 47
47 48
48 49
48 50
48 51
51 52
52 53
51 54
16 55
55 56
56 57
57 58
57 59
57 60
16 61
61 62
62 63
63 64
64 65
64 66
66 67
64 68
68 69
63 70
63 71
71 72
72 73
16 74
74 75
75 76
76 77
77 78
77 79
79 80
77 81
81 82
76 83
76 84
84 85
85 86
16 87
87 88
88 89
89 90
89 91
89 92
87 93
93 94
94 95
93 96
96 97
97 98
96 99
87 100
100 101
101 102
87 103
103 104
104 105
105 106
106 107
106 108
106 109
109 110
110 111
109 112
109 113
113 114
103 115
115 116
116 117
117 118
116 119
116 120
120 121
116 122
122 123
123 124
124 125
123 126
123 127
127 128
123 129
122 130
16 131
131 132
132 133
133 134
133 135
133 136
16 137
137 138
138 139
139 140
139 141
139 142
137 143
143 144
144 145
143 146
146 147
147 148
146 149
137 150
150 151
151 152
137 153
153 154
154 155
155 156
156 157
156 158
156 159
159 160
160 161
159 162
159 163
163 164
153 165
165 166
166 167
167 168
166 169
166 170
170 171
166 172
172 173
173 174
174 175
173 176
173 177
177 178
173 179
172 180
153 181
181 182
182 183
183 184
184 185
183 186
183 187
187 188
182 189
189 190
190 191
191 192
190 193
190 194
194 195
189 196
196 197
197 198
198 199
197 200
197 201
201 202
181 203
203 204
204 205
205 206
206 207
153 208
208 209
209 210
210 211
209 212
212 213
208 214
214 215
215 216
216 217
217 218
216 219
219 220
220 221
221 222
220 223
223 224
219 225
215 226
226 227
227 228
228 229
229 230
228 231
231 232
232 233
233 234
232 235
235 236
231 237
226 238
238 239
239 240
240 241
239 242
242 243
243 244
242 245
242 246
246 247
242 248
248 249
249 250
248 251
214 252
252 253
253 254
254 255
254 256
254 257
257 258
258 259
257 260
257 261
261 262
214 263
263 264
264 265
265 266
266 267
265 268
265 269
269 270
264 271
263 272
272 273
273 274
274 275
275 276
274 277
274 278
278 279
263 280
280 281
281 282
282 283
283 284
282 285
282 286
286 287
282 288
288 289
289 290
290 291
289 292
289 293
293 294
288 295
214 296
296 297
297 298
298 299
214 300
300 301
301 302
302 303
303 304
302 305
302 306
306 307
301 308
308 309
309 310
310 311
309 312
309 313
313 314
309 315
308 316
316 317
317 318
318 319
317 320
317 321
321 322
300 323
323 324
324 325
325 326
326 327
16 328
328 329
329 330
