0 1
1 2
1 3
3 4
3 5
3 6
6 7
7 8
6 9
3 10
10 11
11 12
10 13
3 14
14 15
3 16
16 17
17 18
18 19
19 20
20 21
21 22
22 23
23 24
22 25
21 26
26 27
27 28
26 29
20 30
30 31
31 32
32 33
31 34
30 35
19 36
36 37
37 38
38 39
37 40
36 41
18 42
42 43
43 44
44 45
43 46
42 47
47 48
48 49
47 50
17 51
51 52
52 53
53 54
54 55
16 56
56 57
57 58
58 59
59 60
59 61
61 62
59 63
63 64
58 65
58 66
66 67
67 68
16 69
69 70
70 71
71 72
72 73
72 74
74 75
72 76
76 77
71 78
71 79
79 80
80 81
16 82
82 83
83 84
84 85
84 86
82 87
87 88
88 89
87 90
82 91
91 92
92 93
93 94
94 95
93 96
93 97
97 98
93 99
99 100
100 101
101 102
100 103
100 104
104 105
100 106
99 107
16 108
108 109
109 110
110 111
110 112
110 113
109 114
114 115
114 116
114 117
16 118
118 119
119 120
120 121
120 122
120 123
16 124
124 125
125 126
126 127
126 128
126 129
125 130
130 131
130 132
130 133
133 134
134 135
133 136
16 137
137 138
138 139
139 140
138 141
141 142
142 143
141 144
137 145
145 146
146 147
147 148
148 149
148 150
148 151
151 152
152 153
151 154
151 155
155 156
145 157
157 158
158 159
159 160
145 161
161 162
162 163
163 164
162 165
162 166
166 167
161 168
168 169
169 170
170 171
171 172
170 173
170 174
174 175
170 176
176 177
177 178
178 179
177 180
177 181
181 182
177 183
176 184
168 185
185 186
186 187
187 188
188 189
187 190
187 191
191 192
186 193
186 194
194 195
195 196
194 197
194 198
198 199
185 200
200 201
201 202
202 203
203 204
145 205
205 206
206 207
207 208
206 209
209 210
210 211
209 212
205 213
213 214
214 215
215 216
216 217
217 218
216 219
219 220
215 221
221 222
214 223
223 224
224 225
225 226
226 227
225 228
228 229
223 230
230 231
231 232
232 233
231 234
234 235
235 236
234 237
237 238
213 239
239 240
240 241
241 242
241 243
241 244
244 245
245 246
244 247
244 248
248 249
213 250
250 251
251 252
252 253
213 254
254 255
255 256
256 257
255 258
255 259
259 260
254 261
261 262
262 263
263 264
264 265
265 266
264 267
264 268
268 269
263 270
263 271
271 272
272 273
271 274
271 275
275 276
262 277
277 278
278 279
279 280
261 281
281 282
282 283
283 284
282 285
282 286
286 287
282 288
288 289
289 290
290 291
289 292
289 293
293 294
288 295
16 296
296 297
297 298
298 299
299 300
298 301
301 302
302 303
301 304
297 305
297 306
306 307
307 308
306 309
306 310
310 311
306 312
312 313
313 314
312 315
315 316
