0 1
1 2
1 3
3 4
3 5
3 6
6 7
7 8
6 9
3 10
10 11
11 12
10 13
3 14
14 15
3 16
16 17
17 18
18 19
18 20
20 21
18 22
22 23
1 24
24 25
24 26
24 27
27 28
28 29
27 30
24 31
31 32
32 33
31 34
24 35
35 36
24 37
37 38
38 39
39 40
40 41
41 42
41 43
43 44
41 45
45 46
40 47
40 48
48 49
49 50
37 51
51 52
52 53
53 54
54 55
54 56
56 57
54 58
58 59
53 60
53 61
61 62
62 63
37 64
64 65
65 66
66 67
67 68
66 69
65 70
65 71
64 72
72 73
37 74
74 75
75 76
76 77
76 78
74 79
79 80
80 81
79 82
74 83
83 84
84 85
85 86
86 87
85 88
85 89
89 90
85 91
91 92
92 93
93 94
92 95
92 96
96 97
92 98
91 99
83 100
100 101
101 102
102 103
101 104
101 105
105 106
101 107
37 108
108 109
109 110
110 111
110 112
110 113
37 114
114 115
115 116
116 117
116 118
116 119
37 120
120 121
121 122
122 123
122 124
122 125
125 126
126 127
125 128
37 129
129 130
130 131
131 132
131 133
131 134
37 135
135 136
136 137
137 138
137 139
137 140
140 141
141 142
140 143
37 144
144 145
145 146
146 147
147 148
146 149
146 150
150 151
151 152
150 153
153 154
37 155
155 156
156 157
157 158
156 159
159 160
160 161
159 162
155 163
163 164
164 165
165 166
166 167
166 168
166 169
169 170
170 171
169 172
169 173
173 174
163 175
175 176
176 177
177 178
176 179
176 180
180 181
175 182
182 183
183 184
184 185
185 186
184 187
184 188
188 189
184 190
190 191
191 192
192 193
191 194
191 195
195 196
190 197
182 198
198 199
199 200
200 201
201 202
200 203
200 204
204 205
199 206
199 207
207 208
208 209
207 210
207 211
211 212
198 213
213 214
214 215
215 216
216 217
215 218
163 219
219 220
220 221
221 222
220 223
223 224
219 225
225 226
226 227
227 228
228 229
228 230
228 231
231 232
232 233
233 234
232 235
235 236
231 237
225 238
238 239
239 240
240 241
239 242
242 243
238 244
244 245
245 246
246 247
247 248
248 249
247 250
246 251
251 252
244 253
253 254
254 255
255 256
256 257
255 258
254 259
259 260
244 261
261 262
262 263
263 264
262 265
265 266
225 267
267 268
268 269
269 270
269 271
269 272
272 273
273 274
272 275
272 276
276 277
225 278
278 279
279 280
280 281
279 282
279 283
283 284
278 285
285 286
286 287
287 288
288 289
287 290
287 291
291 292
287 293
293 294
294 295
295 296
294 297
294 298
298 299
293 300
285 301
301 302
302 303
303 304
304 305
303 306
303 307
307 308
302 309
309 310
310 311
309 312
309 313
313 314
301 315
315 316
316 317
317 318
316 319
225 320
320 321
321 322
322 323
321 324
163 325
325 326
326 327
327 328
326 329
37 330
330 331
331 332
332 333
333 334
332 335
335 336
336 337
335 338
331 339
339 340
340 341
339 342
339 343
343 344
344 345
343 346
339 347
347 348
348 349
349 350
348 351
347 352
331 353
