0 1
1 2
1 3
3 4
3 5
3 6
6 7
7 8
6 9
3 10
3 11
11 12
12 13
13 14
14 15
15 16
14 17
13 18
18 19
19 20
18 21
21 22
22 23
23 24
22 25
21 26
12 27
27 28
28 29
29 30
30 31
30 32
30 33
27 34
34 35
35 36
36 37
36 38
36 39
39 40
40 41
41 42
40 43
39 44
27 45
45 46
46 47
47 48
47 49
27 50
50 51
51 52
52 53
51 54
54 55
50 56
56 57
57 58
58 59
59 60
58 61
61 62
62 63
63 64
64 65
63 66
66 67
61 68
56 69
69 70
70 71
71 72
72 73
71 74
74 75
70 76
76 77
77 78
76 79
79 80
80 81
79 82
69 83
83 84
84 85
85 86
84 87
87 88
88 89
87 90
56 91
91 92
92 93
93 94
94 95
93 96
96 97
92 98
98 99
99 100
98 101
91 102
102 103
103 104
104 105
103 106
106 107
107 108
106 109
91 110
110 111
111 112
112 113
111 114
114 115
115 116
114 117
11 118
118 119
119 120
120 121
119 122
