0 1
1 2
1 3
3 4
3 5
3 6
6 7
7 8
6 9
3 10
10 11
10 12
3 13
13 14
13 15
3 16
3 17
17 18
18 19
19 20
20 21
19 22
22 23
18 24
24 25
25 26
26 27
27 28
27 29
27 30
30 31
31 32
30 33
33 34
34 35
35 36
36 37
35 38
38 39
33 40
24 41
41 42
42 43
43 44
44 45
43 46
46 47
42 48
48 49
49 50
48 51
51 52
41 53
53 54
54 55
55 56
55 57
57 58
55 59
59 60
60 61
59 62
55 63
63 64
41 65
65 66
66 67
66 68
68 69
66 70
70 71
66 72
72 73
17 74
74 75
75 76
76 77
75 78
78 79
1 80
80 81
80 82
80 83
83 84
84 85
83 86
80 87
80 88
88 89
89 90
90 91
90 92
92 93
90 94
90 95
95 96
96 97
97 98
96 99
95 100
