0 1
1 2
1 3
3 4
3 5
3 6
6 7
7 8
6 9
3 10
3 11
11 12
12 13
13 14
14 15
15 16
14 17
13 18
12 19
19 20
20 21
21 22
22 23
21 24
11 25
25 26
26 27
27 28
27 29
27 30
26 31
31 32
31 33
31 34
34 35
35 36
36 37
35 38
34 39
11 40
40 41
41 42
42 43
41 44
44 45
40 46
46 47
47 48
48 49
49 50
50 51
49 52
52 53
48 54
54 55
55 56
54 57
57 58
58 59
57 60
47 61
61 62
62 63
63 64
64 65
63 66
66 67
67 68
66 69
47 70
70 71
71 72
72 73
73 74
46 75
75 76
76 77
77 78
78 79
77 80
80 81
76 82
82 83
83 84
82 85
85 86
86 87
85 88
75 89
89 90
90 91
91 92
92 93
91 94
94 95
75 96
96 97
97 98
98 99
99 100
11 101
101 102
102 103
103 104
102 105
102 106
106 107
107 108
106 109
102 110
110 111
111 112
110 113
113 114
114 115
115 116
114 117
113 118
