0 1
1 2
1 3
3 4
3 5
3 6
6 7
7 8
6 9
3 10
3 11
11 12
12 13
13 14
14 15
14 16
14 17
13 18
18 19
18 20
18 21
21 22
22 23
23 24
22 25
21 26
11 27
27 28
28 29
29 30
30 31
29 32
32 33
28 34
34 35
35 36
34 37
37 38
27 39
39 40
40 41
41 42
42 43
41 44
44 45
11 46
46 47
47 48
48 49
48 50
48 51
51 52
52 53
51 54
11 55
55 56
56 57
57 58
56 59
59 60
55 61
61 62
62 63
63 64
64 65
64 66
64 67
67 68
68 69
67 70
70 71
71 72
72 73
73 74
72 75
75 76
70 77
61 78
78 79
79 80
80 81
81 82
80 83
83 84
79 85
85 86
86 87
85 88
88 89
78 90
90 91
91 92
92 93
93 94
92 95
95 96
96 97
95 98
95 99
99 100
95 101
101 102
102 103
101 104
104 105
90 106
106 107
107 108
108 109
107 110
110 111
111 112
110 113
78 114
114 115
115 116
116 117
117 118
116 119
119 120
120 121
119 122
11 123
123 124
124 125
