0 1
1 2
1 3
3 4
3 5
3 6
6 7
7 8
6 9
3 10
3 11
11 12
12 13
13 14
14 15
15 16
14 17
13 18
18 19
19 20
20 21
19 22
18 23
12 24
24 25
25 26
11 27
27 28
28 29
29 30
29 31
29 32
11 33
33 34
34 35
35 36
35 37
35 38
38 39
39 40
40 41
39 42
38 43
11 44
44 45
45 46
46 47
46 48
46 49
11 50
50 51
51 52
52 53
51 54
54 55
50 56
56 57
57 58
58 59
59 60
59 61
59 62
62 63
63 64
62 65
65 66
66 67
67 68
68 69
67 70
70 71
65 72
56 73
73 74
74 75
75 76
76 77
75 78
78 79
74 80
80 81
81 82
80 83
73 84
84 85
85 86
86 87
87 88
86 89
89 90
90 91
89 92
73 93
93 94
94 95
95 96
96 97
95 98
98 99
99 100
98 101
93 102
102 103
103 104
104 105
103 106
106 107
11 108
108 109
109 110
110 111
109 112
112 113
