0 1
1 2
1 3
3 4
3 5
3 6
6 7
7 8
6 9
3 10
10 11
10 12
12 13
3 14
14 15
15 16
16 17
17 18
18 19
18 20
20 21
17 22
17 23
23 24
24 25
14 26
26 27
27 28
28 29
28 30
28 31
31 32
32 33
31 34
14 35
35 36
36 37
37 38
37 39
37 40
36 41
41 42
41 43
41 44
36 45
45 46
45 47
45 48
36 49
49 50
49 51
49 52
14 53
53 54
54 55
55 56
55 57
53 58
58 59
53 60
60 61
61 62
62 63
63 64
62 65
65 66
61 67
67 68
68 69
69 70
61 71
71 72
72 73
73 74
72 75
75 76
71 77
77 78
78 79
79 80
71 81
81 82
82 83
83 84
82 85
81 86
86 87
87 88
88 89
89 90
88 91
91 92
86 93
93 94
94 95
95 96
81 97
97 98
98 99
99 100
98 101
97 102
102 103
103 104
104 105
105 106
104 107
107 108
102 109
109 110
110 111
111 112
97 113
113 114
114 115
115 116
116 117
113 118
118 119
119 120
120 121
14 122
122 123
123 124
124 125
123 126
14 127
127 128
128 129
129 130
128 131
14 132
132 133
133 134
134 135
134 136
132 137
137 138
132 139
139 140
140 141
141 142
142 143
141 144
144 145
140 146
146 147
147 148
148 149
140 150
150 151
151 152
152 153
151 154
154 155
150 156
156 157
157 158
158 159
14 160
160 161
161 162
162 163
161 164
164 165
165 166
164 167
160 168
168 169
169 170
170 171
169 172
169 173
173 174
14 175
175 176
176 177
177 178
176 179
179 180
180 181
179 182
175 183
183 184
184 185
185 186
184 187
184 188
188 189
14 190
190 191
191 192
