0 1
1 2
1 3
3 4
3 5
3 6
6 7
7 8
6 9
3 10
10 11
10 12
12 13
3 14
14 15
15 16
16 17
17 18
17 19
17 20
20 21
21 22
20 23
16 24
24 25
24 26
24 27
27 28
28 29
27 30
16 31
31 32
31 33
31 34
34 35
35 36
34 37
16 38
38 39
38 40
38 41
16 42
42 43
42 44
42 45
14 46
46 47
47 48
48 49
49 50
49 51
51 52
48 53
48 54
54 55
55 56
14 57
57 58
58 59
59 60
59 61
59 62
57 63
63 64
64 65
63 66
66 67
57 68
68 69
69 70
57 71
71 72
72 73
73 74
74 75
75 76
74 77
73 78
78 79
79 80
80 81
79 82
82 83
78 84
84 85
72 86
86 87
87 88
88 89
89 90
88 91
91 92
92 93
91 94
94 95
86 96
96 97
97 98
98 99
97 100
72 101
101 102
102 103
103 104
104 105
103 106
102 107
107 108
108 109
109 110
108 111
111 112
107 113
113 114
101 115
115 116
116 117
117 118
118 119
117 120
120 121
121 122
120 123
123 124
115 125
125 126
126 127
127 128
126 129
101 130
130 131
131 132
132 133
131 134
134 135
135 136
134 137
137 138
130 139
139 140
140 141
141 142
142 143
130 144
144 145
145 146
146 147
145 148
148 149
149 150
148 151
151 152
144 153
153 154
154 155
155 156
156 157
144 158
158 159
159 160
160 161
161 162
158 163
163 164
164 165
165 166
14 167
167 168
168 169
169 170
168 171
14 172
172 173
173 174
174 175
173 176
14 177
177 178
178 179
179 180
179 181
179 182
177 183
183 184
184 185
183 186
186 187
177 188
188 189
189 190
177 191
191 192
192 193
193 194
194 195
193 196
196 197
197 198
196 199
199 200
192 201
201 202
202 203
203 204
192 205
205 206
206 207
207 208
206 209
209 210
210 211
209 212
212 213
205 214
214 215
215 216
216 217
14 218
218 219
219 220
220 221
219 222
222 223
223 224
222 225
218 226
226 227
227 228
228 229
227 230
227 231
231 232
14 233
233 234
234 235
235 236
234 237
237 238
238 239
237 240
233 241
241 242
242 243
243 244
242 245
242 246
246 247
14 248
248 249
249 250
