0 1
1 2
1 3
3 4
3 5
3 6
6 7
7 8
6 9
3 10
10 11
10 12
12 13
3 14
14 15
15 16
16 17
17 18
18 19
18 20
20 21
17 22
17 23
23 24
24 25
14 26
26 27
27 28
28 29
28 30
28 31
31 32
32 33
31 34
27 35
35 36
35 37
35 38
38 39
39 40
38 41
27 42
42 43
42 44
42 45
27 46
46 47
46 48
46 49
14 50
50 51
51 52
52 53
52 54
52 55
50 56
56 57
57 58
56 59
59 60
60 61
59 62
50 63
63 64
64 65
50 66
66 67
67 68
68 69
69 70
70 71
69 72
68 73
73 74
74 75
75 76
74 77
77 78
73 79
79 80
67 81
81 82
82 83
83 84
84 85
83 86
86 87
87 88
86 89
89 90
81 91
91 92
92 93
93 94
92 95
67 96
96 97
97 98
98 99
99 100
98 101
97 102
102 103
103 104
104 105
103 106
106 107
102 108
108 109
96 110
110 111
111 112
112 113
113 114
112 115
115 116
116 117
115 118
118 119
110 120
120 121
121 122
122 123
121 124
96 125
125 126
126 127
127 128
128 129
127 130
130 131
126 132
132 133
125 134
134 135
135 136
136 137
137 138
125 139
139 140
140 141
141 142
142 143
141 144
144 145
140 146
146 147
139 148
148 149
149 150
150 151
151 152
139 153
153 154
154 155
155 156
156 157
153 158
158 159
159 160
160 161
14 162
162 163
163 164
164 165
165 166
164 167
163 168
163 169
169 170
170 171
171 172
170 173
169 174
174 175
14 176
176 177
177 178
178 179
177 180
14 181
181 182
182 183
183 184
182 185
14 186
186 187
187 188
188 189
188 190
188 191
186 192
192 193
193 194
192 195
195 196
196 197
195 198
186 199
199 200
200 201
186 202
202 203
203 204
204 205
205 206
206 207
205 208
208 209
204 210
210 211
203 212
212 213
213 214
214 215
202 216
216 217
217 218
218 219
219 220
218 221
221 222
217 223
223 224
216 225
225 226
226 227
227 228
14 229
229 230
230 231
231 232
231 233
231 234
234 235
235 236
235 237
237 238
238 239
239 240
240 241
239 242
238 243
234 244
14 245
245 246
246 247
247 248
246 249
249 250
245 251
251 252
252 253
253 254
252 255
252 256
256 257
14 258
258 259
259 260
260 261
259 262
262 263
258 264
264 265
265 266
266 267
265 268
265 269
269 270
14 271
271 272
272 273
