0 1
1 2
1 3
3 4
3 5
3 6
3 7
7 8
8 9
7 10
3 11
11 12
11 13
13 14
3 15
15 16
16 17
17 18
18 19
19 20
19 21
21 22
18 23
18 24
24 25
25 26
15 27
27 28
28 29
29 30
30 31
30 32
32 33
30 34
34 35
29 36
29 37
37 38
38 39
15 40
40 41
41 42
42 43
42 44
40 45
45 46
40 47
47 48
48 49
49 50
50 51
49 52
49 53
53 54
49 55
55 56
56 57
57 58
56 59
56 60
60 61
56 62
55 63
15 64
64 65
65 66
66 67
66 68
64 69
69 70
70 71
69 72
64 73
73 74
74 75
75 76
76 77
77 78
76 79
76 80
80 81
75 82
82 83
83 84
84 85
83 86
82 87
74 88
88 89
89 90
90 91
91 92
90 93
90 94
94 95
15 96
96 97
97 98
