0 1
1 2
1 3
3 4
3 5
3 6
6 7
7 8
6 9
3 10
10 11
10 12
12 13
3 14
14 15
15 16
16 17
17 18
17 19
17 20
16 21
21 22
21 23
21 24
14 25
25 26
26 27
27 28
27 29
27 30
30 31
26 32
32 33
32 34
32 35
35 36
14 37
37 38
38 39
39 40
39 41
39 42
42 43
43 44
42 45
14 46
46 47
47 48
48 49
48 50
48 51
46 52
52 53
53 54
52 55
55 56
46 57
57 58
58 59
46 60
60 61
61 62
62 63
63 64
64 65
63 66
66 67
62 68
68 69
61 70
70 71
71 72
72 73
73 74
61 75
75 76
76 77
77 78
78 79
77 80
80 81
76 82
82 83
75 84
84 85
85 86
86 87
87 88
75 89
89 90
90 91
91 92
90 93
89 94
94 95
95 96
96 97
97 98
96 99
99 100
100 101
99 102
102 103
94 104
104 105
105 106
106 107
105 108
89 109
109 110
110 111
111 112
110 113
109 114
114 115
115 116
116 117
117 118
116 119
119 120
120 121
119 122
122 123
114 124
124 125
125 126
126 127
125 128
109 129
129 130
130 131
131 132
132 133
129 134
134 135
135 136
136 137
14 138
138 139
139 140
140 141
139 142
14 143
143 144
144 145
145 146
144 147
14 148
148 149
149 150
150 151
150 152
150 153
148 154
154 155
155 156
154 157
157 158
148 159
159 160
160 161
148 162
162 163
163 164
164 165
165 166
166 167
165 168
168 169
164 170
170 171
163 172
172 173
173 174
174 175
175 176
163 177
177 178
178 179
179 180
180 181
179 182
182 183
178 184
184 185
177 186
186 187
187 188
188 189
189 190
14 191
191 192
192 193
193 194
194 195
194 196
196 197
193 198
193 199
199 200
200 201
14 202
202 203
203 204
204 205
203 206
206 207
207 208
206 209
202 210
210 211
211 212
212 213
213 214
212 215
212 216
216 217
14 218
218 219
219 220
220 221
219 222
222 223
223 224
222 225
218 226
226 227
227 228
228 229
229 230
228 231
228 232
232 233
14 234
234 235
235 236
14 237
14 238
14 239
