0 1
1 2
1 3
3 4
3 5
3 6
6 7
7 8
6 9
3 10
10 11
10 12
12 13
3 14
14 15
15 16
16 17
17 18
18 19
18 20
20 21
17 22
17 23
23 24
24 25
14 26
26 27
27 28
28 29
28 30
28 31
31 32
32 33
33 34
32 35
31 36
14 37
37 38
38 39
39 40
39 41
39 42
42 43
43 44
42 45
14 46
46 47
47 48
48 49
48 50
48 51
51 52
52 53
51 54
14 55
55 56
56 57
57 58
57 59
55 60
60 61
55 62
62 63
63 64
64 65
65 66
64 67
67 68
63 69
69 70
70 71
71 72
72 73
71 74
74 75
62 76
76 77
77 78
78 79
77 80
80 81
76 82
82 83
83 84
84 85
85 86
84 87
87 88
14 89
89 90
90 91
91 92
92 93
91 94
91 95
95 96
95 97
97 98
98 99
99 100
100 101
99 102
102 103
98 104
14 105
105 106
106 107
107 108
107 109
105 110
110 111
105 112
112 113
113 114
114 115
115 116
116 117
115 118
118 119
119 120
118 121
121 122
14 123
123 124
124 125
125 126
125 127
125 128
123 129
129 130
130 131
129 132
132 133
133 134
134 135
133 136
136 137
132 138
123 139
139 140
140 141
123 142
142 143
143 144
144 145
145 146
146 147
145 148
148 149
144 150
150 151
143 152
152 153
153 154
154 155
155 156
154 157
154 158
158 159
159 160
158 161
161 162
14 163
163 164
164 165
