0 1
1 2
1 3
3 4
3 5
3 6
6 7
7 8
6 9
3 10
10 11
10 12
3 13
3 14
14 15
15 16
16 17
17 18
17 19
17 20
16 21
21 22
21 23
21 24
24 25
25 26
26 27
25 28
24 29
14 30
30 31
31 32
32 33
32 34
14 35
35 36
36 37
37 38
36 39
39 40
35 41
41 42
42 43
43 44
44 45
43 46
46 47
47 48
48 49
49 50
48 51
51 52
46 53
41 54
54 55
55 56
56 57
57 58
56 59
59 60
55 61
61 62
54 63
63 64
64 65
54 66
66 67
67 68
68 69
69 70
68 71
71 72
67 73
73 74
74 75
73 76
76 77
66 78
78 79
79 80
80 81
81 82
82 83
81 84
84 85
85 86
84 87
87 88
80 89
89 90
90 91
89 92
92 93
93 94
92 95
95 96
79 97
97 98
98 99
99 100
98 101
101 102
102 103
101 104
79 105
105 106
106 107
107 108
106 109
109 110
110 111
109 112
66 113
113 114
114 115
115 116
116 117
117 118
116 119
119 120
120 121
119 122
122 123
115 124
124 125
125 126
124 127
127 128
128 129
127 130
130 131
114 132
132 133
133 134
134 135
133 136
136 137
137 138
136 139
114 140
140 141
141 142
142 143
141 144
144 145
145 146
144 147
14 148
148 149
149 150
