0 1
1 2
1 3
3 4
3 5
3 6
6 7
7 8
6 9
3 10
10 11
10 12
3 13
13 14
13 15
3 16
3 17
17 18
18 19
19 20
20 21
21 22
20 23
23 24
19 25
25 26
26 27
25 28
28 29
18 30
30 31
31 32
17 33
33 34
34 35
35 36
35 37
35 38
17 39
39 40
40 41
41 42
41 43
41 44
44 45
45 46
44 47
17 48
48 49
49 50
50 51
49 52
52 53
48 54
54 55
55 56
56 57
57 58
57 59
57 60
60 61
61 62
62 63
63 64
62 65
65 66
60 67
54 68
68 69
69 70
70 71
71 72
70 73
73 74
69 75
75 76
76 77
75 78
78 79
79 80
80 81
81 82
80 83
78 84
84 85
68 86
86 87
87 88
88 89
89 90
88 91
54 92
92 93
93 94
94 95
95 96
94 97
97 98
93 99
99 100
100 101
99 102
102 103
103 104
104 105
105 106
106 107
105 108
104 109
109 110
102 111
111 112
92 113
113 114
114 115
115 116
54 117
117 118
118 119
119 120
120 121
119 122
122 123
118 124
124 125
125 126
124 127
127 128
117 129
129 130
130 131
131 132
132 133
131 134
134 135
117 136
136 137
137 138
138 139
139 140
138 141
141 142
142 143
143 144
142 145
145 146
136 147
147 148
148 149
149 150
148 151
151 152
17 153
153 154
154 155
1 156
156 157
156 158
156 159
159 160
160 161
159 162
156 163
163 164
163 165
156 166
166 167
166 168
156 169
169 170
169 171
156 172
156 173
173 174
174 175
175 176
176 177
176 178
176 179
179 180
180 181
179 182
173 183
183 184
184 185
185 186
184 187
187 188
183 189
189 190
190 191
191 192
192 193
192 194
192 195
195 196
196 197
197 198
198 199
197 200
200 201
195 202
189 203
203 204
204 205
205 206
206 207
205 208
208 209
209 210
208 211
211 212
204 213
213 214
203 215
215 216
216 217
217 218
218 219
217 220
220 221
203 222
222 223
223 224
224 225
223 226
226 227
227 228
226 229
229 230
230 231
229 232
232 233
222 234
234 235
235 236
236 237
237 238
236 239
239 240
240 241
239 242
222 243
243 244
244 245
245 246
246 247
245 248
248 249
249 250
248 251
173 252
252 253
253 254
1 255
255 256
255 257
255 258
258 259
259 260
258 261
255 262
262 263
262 264
255 265
255 266
266 267
267 268
268 269
269 270
269 271
269 272
272 273
272 274
274 275
272 276
272 277
277 278
278 279
279 280
278 281
277 282
266 283
283 284
284 285
284 286
286 287
284 288
288 289
284 290
290 291
284 292
292 293
293 294
294 295
295 296
296 297
295 298
294 299
293 300
300 301
