0 1
1 2
1 3
3 4
3 5
3 6
6 7
7 8
6 9
3 10
10 11
10 12
3 13
3 14
14 15
15 16
16 17
17 18
17 19
17 20
20 21
20 22
22 23
14 24
24 25
25 26
26 27
25 28
28 29
24 30
30 31
31 32
32 33
32 34
34 35
32 36
36 37
32 38
32 39
39 40
40 41
41 42
40 43
39 44
14 45
45 46
46 47
47 48
48 49
47 50
50 51
46 52
52 53
45 54
54 55
55 56
56 57
14 58
58 59
59 60
60 61
59 62
62 63
63 64
62 65
58 66
66 67
67 68
68 69
68 70
70 71
68 72
72 73
68 74
68 75
75 76
76 77
75 78
14 79
79 80
80 81
80 82
82 83
80 84
84 85
80 86
86 87
87 88
86 89
80 90
90 91
91 92
92 93
91 94
90 95
1 96
96 97
96 98
96 99
99 100
100 101
99 102
96 103
96 104
104 105
105 106
106 107
107 108
107 109
107 110
104 111
111 112
112 113
113 114
113 115
113 116
116 117
117 118
118 119
117 120
116 121
104 122
122 123
123 124
124 125
123 126
126 127
122 128
128 129
129 130
130 131
131 132
131 133
131 134
134 135
135 136
134 137
137 138
138 139
139 140
140 141
139 142
142 143
137 144
128 145
145 146
146 147
147 148
148 149
147 150
150 151
146 152
152 153
153 154
154 155
153 156
156 157
152 158
158 159
159 160
158 161
161 162
162 163
161 164
145 165
165 166
166 167
167 168
128 169
169 170
170 171
171 172
172 173
171 174
174 175
170 176
176 177
177 178
178 179
177 180
180 181
176 182
182 183
183 184
182 185
185 186
186 187
185 188
169 189
189 190
190 191
191 192
192 193
191 194
128 195
195 196
196 197
197 198
198 199
197 200
200 201
196 202
202 203
203 204
202 205
205 206
195 207
207 208
208 209
209 210
210 211
209 212
212 213
213 214
212 215
195 216
216 217
217 218
218 219
219 220
218 221
221 222
222 223
221 224
104 225
225 226
226 227
1 228
228 229
228 230
228 231
231 232
232 233
231 234
228 235
235 236
235 237
228 238
238 239
238 240
228 241
241 242
241 243
228 244
228 245
245 246
246 247
247 248
248 249
247 250
250 251
246 252
252 253
253 254
254 255
255 256
255 257
255 258
258 259
259 260
258 261
261 262
262 263
263 264
264 265
263 266
266 267
261 268
252 269
269 270
270 271
271 272
270 273
273 274
274 275
273 276
276 277
269 278
278 279
279 280
280 281
281 282
280 283
283 284
284 285
283 286
269 287
287 288
288 289
289 290
288 291
291 292
292 293
291 294
294 295
287 296
296 297
297 298
298 299
299 300
298 301
301 302
302 303
301 304
287 305
305 306
306 307
307 308
245 309
309 310
310 311
