0 1
1 2
1 3
3 4
3 5
5 6
6 7
5 8
3 9
3 10
10 11
11 12
12 13
13 14
13 15
13 16
10 17
17 18
18 19
19 20
19 21
19 22
22 23
23 24
24 25
23 26
22 27
10 28
28 29
29 30
30 31
29 32
32 33
28 34
34 35
35 36
36 37
37 38
37 39
37 40
40 41
41 42
40 43
43 44
44 45
45 46
46 47
45 48
48 49
43 50
34 51
51 52
52 53
53 54
54 55
53 56
56 57
52 58
58 59
59 60
60 61
59 62
62 63
58 64
64 65
65 66
64 67
67 68
68 69
67 70
51 71
71 72
72 73
73 74
34 75
75 76
76 77
77 78
78 79
77 80
80 81
76 82
82 83
83 84
84 85
83 86
86 87
82 88
88 89
89 90
88 91
91 92
92 93
91 94
75 95
95 96
96 97
97 98
98 99
97 100
34 101
101 102
102 103
103 104
104 105
103 106
106 107
102 108
108 109
109 110
108 111
111 112
101 113
113 114
114 115
115 116
116 117
115 118
118 119
119 120
118 121
101 122
122 123
123 124
124 125
125 126
124 127
127 128
128 129
127 130
10 131
131 132
132 133
1 134
134 135
134 136
136 137
137 138
136 139
134 140
140 141
140 142
134 143
143 144
143 145
134 146
146 147
146 148
134 149
134 150
150 151
151 152
152 153
153 154
152 155
155 156
151 157
157 158
158 159
159 160
160 161
160 162
160 163
163 164
164 165
163 166
166 167
167 168
168 169
169 170
168 171
171 172
166 173
157 174
174 175
175 176
176 177
177 178
176 179
179 180
175 181
181 182
174 183
183 184
184 185
185 186
186 187
185 188
188 189
189 190
188 191
174 192
192 193
193 194
194 195
195 196
194 197
197 198
193 199
199 200
192 201
201 202
202 203
203 204
204 205
203 206
206 207
207 208
206 209
192 210
210 211
211 212
212 213
150 214
214 215
215 216
1 217
217 218
217 219
217 220
220 221
221 222
220 223
217 224
224 225
224 226
217 227
217 228
228 229
229 230
230 231
231 232
231 233
231 234
234 235
234 236
236 237
228 238
238 239
239 240
240 241
239 242
242 243
238 244
244 245
245 246
246 247
246 248
248 249
246 250
250 251
246 252
246 253
253 254
254 255
255 256
254 257
253 258
228 259
259 260
260 261
261 262
262 263
261 264
264 265
260 266
266 267
259 268
268 269
269 270
270 271
228 272
272 273
273 274
274 275
273 276
276 277
277 278
276 279
272 280
280 281
281 282
282 283
282 284
284 285
282 286
286 287
282 288
282 289
289 290
290 291
289 292
272 293
293 294
294 295
295 296
295 297
297 298
295 299
299 300
295 301
301 302
302 303
301 304
295 305
305 306
306 307
307 308
306 309
305 310
