0 1
1 2
1 3
3 4
3 5
3 6
6 7
7 8
6 9
3 10
10 11
10 12
3 13
3 14
14 15
15 16
16 17
16 18
18 19
16 20
20 21
16 22
16 23
23 24
24 25
25 26
24 27
23 28
1 29
29 30
29 31
29 32
32 33
33 34
32 35
29 36
36 37
36 38
29 39
39 40
39 41
29 42
42 43
42 44
29 45
29 46
46 47
47 48
48 49
49 50
48 51
51 52
47 53
53 54
54 55
55 56
46 57
57 58
58 59
59 60
59 61
59 62
62 63
63 64
62 65
65 66
66 67
67 68
68 69
67 70
70 71
65 72
46 73
73 74
74 75
75 76
76 77
75 78
78 79
74 80
80 81
73 82
82 83
83 84
84 85
46 86
86 87
87 88
88 89
89 90
88 91
91 92
87 93
93 94
94 95
93 96
96 97
86 98
98 99
99 100
100 101
101 102
102 103
101 104
104 105
105 106
104 107
107 108
100 109
109 110
110 111
109 112
112 113
113 114
112 115
115 116
99 117
117 118
118 119
119 120
119 121
121 122
119 123
123 124
119 125
125 126
119 127
127 128
128 129
127 130
99 131
131 132
132 133
133 134
133 135
135 136
133 137
137 138
133 139
139 140
140 141
139 142
133 143
143 144
86 145
145 146
146 147
147 148
148 149
149 150
148 151
151 152
152 153
151 154
154 155
147 156
156 157
157 158
156 159
159 160
160 161
159 162
162 163
146 164
164 165
165 166
166 167
166 168
168 169
166 170
170 171
166 172
172 173
173 174
172 175
166 176
176 177
146 178
178 179
179 180
180 181
180 182
182 183
180 184
184 185
180 186
186 187
180 188
188 189
189 190
188 191
