0 1
1 2
1 3
3 4
3 5
3 6
6 7
7 8
6 9
3 10
10 11
10 12
3 13
3 14
14 15
15 16
16 17
17 18
17 19
17 20
14 21
21 22
22 23
23 24
23 25
23 26
26 27
27 28
28 29
27 30
26 31
14 32
32 33
33 34
34 35
34 36
34 37
14 38
38 39
39 40
40 41
39 42
42 43
38 44
44 45
45 46
46 47
47 48
46 49
49 50
50 51
49 52
52 53
53 54
54 55
55 56
54 57
57 58
52 59
44 60
60 61
61 62
62 63
63 64
62 65
65 66
61 67
67 68
60 69
69 70
70 71
71 72
60 73
73 74
74 75
75 76
76 77
75 78
78 79
74 80
80 81
81 82
80 83
83 84
73 85
85 86
86 87
87 88
88 89
89 90
90 91
89 92
92 93
88 94
94 95
87 96
96 97
97 98
96 99
99 100
100 101
99 102
102 103
86 104
104 105
105 106
106 107
107 108
106 109
109 110
110 111
109 112
86 113
113 114
114 115
115 116
116 117
115 118
118 119
119 120
118 121
73 122
122 123
123 124
124 125
125 126
126 127
127 128
126 129
129 130
125 131
131 132
124 133
133 134
134 135
133 136
136 137
137 138
136 139
139 140
123 141
141 142
142 143
143 144
144 145
143 146
146 147
147 148
146 149
123 150
150 151
151 152
152 153
153 154
152 155
155 156
156 157
155 158
14 159
159 160
160 161
