0 1
1 2
1 3
3 4
3 5
3 6
6 7
7 8
6 9
3 10
10 11
11 12
11 13
13 14
10 15
3 16
3 17
17 18
18 19
19 20
19 21
21 22
19 23
23 24
19 25
1 26
26 27
26 28
26 29
29 30
30 31
29 32
26 33
33 34
34 35
34 36
36 37
33 38
26 39
39 40
40 41
39 42
26 43
26 44
44 45
45 46
46 47
47 48
46 49
46 50
50 51
45 52
52 53
53 54
44 55
55 56
56 57
57 58
58 59
57 60
56 61
61 62
62 63
61 64
55 65
65 66
66 67
44 68
68 69
69 70
70 71
71 72
70 73
68 74
74 75
68 76
76 77
77 78
78 79
78 80
80 81
78 82
82 83
78 84
84 85
85 86
86 87
87 88
86 89
89 90
85 91
85 92
92 93
84 94
77 95
95 96
96 97
44 98
98 99
