0 1
1 2
1 3
3 4
4 5
5 6
5 7
7 8
5 9
9 10
4 11
4 12
12 13
13 14
1 15
15 16
15 17
15 18
18 19
19 20
18 21
15 22
22 23
23 24
23 25
25 26
22 27
15 28
15 29
29 30
30 31
31 32
31 33
33 34
31 35
35 36
31 37
1 38
38 39
38 40
40 41
41 42
40 43
38 44
44 45
45 46
45 47
47 48
44 49
38 50
50 51
50 52
38 53
38 54
54 55
55 56
56 57
57 58
56 59
56 60
60 61
55 62
62 63
63 64
64 65
65 66
65 67
65 68
68 69
69 70
68 71
68 72
72 73
62 74
74 75
75 76
54 77
77 78
78 79
79 80
78 81
77 82
82 83
83 84
54 85
85 86
86 87
87 88
88 89
87 90
87 91
54 92
92 93
93 94
94 95
94 96
94 97
92 98
98 99
99 100
98 101
101 102
102 103
101 104
92 105
105 106
106 107
92 108
108 109
109 110
110 111
111 112
111 113
111 114
114 115
115 116
114 117
114 118
118 119
108 120
120 121
121 122
122 123
121 124
124 125
108 126
126 127
127 128
128 129
127 130
127 131
131 132
126 133
133 134
134 135
135 136
136 137
137 138
136 139
136 140
140 141
140 142
142 143
140 144
144 145
133 146
146 147
147 148
148 149
147 150
150 151
151 152
150 153
153 154
153 155
155 156
153 157
157 158
153 159
159 160
133 161
161 162
162 163
163 164
162 165
162 166
166 167
162 168
168 169
108 170
170 171
171 172
170 173
173 174
54 175
175 176
176 177
1 178
178 179
178 180
180 181
181 182
180 183
178 184
184 185
185 186
184 187
178 188
188 189
178 190
190 191
191 192
192 193
193 194
194 195
193 196
193 197
190 198
198 199
199 200
200 201
200 202
200 203
203 204
204 205
203 206
190 207
207 208
208 209
209 210
210 211
209 212
209 213
213 214
214 215
213 216
213 217
217 218
190 219
219 220
220 221
221 222
222 223
221 224
221 225
225 226
220 227
220 228
228 229
