0 1
1 2
1 3
3 4
3 5
3 6
6 7
7 8
6 9
3 10
10 11
11 12
11 13
13 14
10 15
3 16
3 17
17 18
18 19
19 20
20 21
21 22
20 23
20 24
24 25
24 26
26 27
27 28
28 29
29 30
28 31
27 32
17 33
33 34
34 35
35 36
36 37
35 38
34 39
17 40
40 41
41 42
42 43
42 44
42 45
40 46
46 47
47 48
46 49
49 50
50 51
49 52
40 53
53 54
54 55
40 56
56 57
57 58
58 59
59 60
59 61
59 62
62 63
57 64
64 65
65 66
64 67
67 68
68 69
67 70
57 71
71 72
72 73
57 74
74 75
75 76
76 77
77 78
78 79
77 80
77 81
81 82
82 83
81 84
81 85
85 86
86 87
85 88
81 89
89 90
74 91
91 92
92 93
93 94
94 95
93 96
93 97
97 98
92 99
99 100
100 101
99 102
102 103
103 104
102 105
91 106
106 107
107 108
108 109
109 110
110 111
109 112
112 113
108 114
17 115
115 116
116 117
117 118
116 119
119 120
120 121
119 122
