0 1
1 2
1 3
3 4
3 5
3 6
6 7
6 8
3 9
9 10
10 11
9 12
3 13
13 14
14 15
13 16
3 17
3 18
18 19
19 20
20 21
21 22
22 23
23 24
22 25
21 26
26 27
20 28
28 29
29 30
28 31
19 32
32 33
18 34
34 35
35 36
36 37
36 38
36 39
34 40
40 41
41 42
40 43
43 44
44 45
43 46
34 47
47 48
48 49
34 50
50 51
51 52
52 53
53 54
54 55
53 56
56 57
57 58
56 59
59 60
52 61
61 62
62 63
61 64
64 65
51 66
66 67
18 68
68 69
1 70
70 71
70 72
70 73
73 74
73 75
70 76
76 77
77 78
76 79
70 80
80 81
81 82
82 83
80 84
70 85
70 86
86 87
87 88
88 89
89 90
88 91
91 92
92 93
91 94
87 95
95 96
86 97
97 98
98 99
99 100
99 101
99 102
86 103
103 104
104 105
105 106
105 107
105 108
103 109
109 110
110 111
109 112
112 113
113 114
112 115
103 116
116 117
117 118
103 119
119 120
120 121
121 122
122 123
122 124
122 125
125 126
125 127
127 128
125 129
129 130
125 131
131 132
132 133
131 134
134 135
119 136
136 137
137 138
136 139
139 140
140 141
141 142
142 143
141 144
144 145
145 146
144 147
147 148
147 149
149 150
150 151
149 152
152 153
153 154
154 155
153 156
156 157
152 158
147 159
159 160
147 161
161 162
86 163
163 164
164 165
1 166
166 167
166 168
166 169
169 170
169 171
166 172
172 173
173 174
172 175
166 176
176 177
177 178
178 179
176 180
166 181
181 182
182 183
181 184
166 185
166 186
186 187
187 188
188 189
189 190
188 191
191 192
192 193
191 194
187 195
195 196
186 197
197 198
198 199
199 200
200 201
199 202
202 203
198 204
204 205
197 206
206 207
207 208
208 209
209 210
210 211
209 212
212 213
208 214
207 215
207 216
186 217
217 218
218 219
219 220
219 221
219 222
186 223
223 224
224 225
225 226
225 227
225 228
223 229
229 230
230 231
229 232
232 233
233 234
232 235
223 236
236 237
237 238
223 239
239 240
240 241
241 242
242 243
242 244
242 245
245 246
245 247
247 248
245 249
249 250
245 251
251 252
252 253
251 254
254 255
239 256
256 257
257 258
256 259
259 260
260 261
261 262
262 263
261 264
264 265
265 266
264 267
267 268
267 269
269 270
270 271
269 272
272 273
273 274
274 275
273 276
276 277
272 278
267 279
279 280
267 281
281 282
267 283
283 284
239 285
285 286
286 287
285 288
186 289
289 290
290 291
291 292
292 293
291 294
294 295
290 296
296 297
297 298
296 299
296 300
186 301
301 302
302 303
1 304
304 305
304 306
304 307
307 308
308 309
307 310
304 311
311 312
312 313
313 314
311 315
304 316
304 317
317 318
318 319
319 320
320 321
321 322
320 323
320 324
324 325
324 326
326 327
327 328
328 329
329 330
328 331
327 332
317 333
333 334
334 335
335 336
334 337
334 338
338 339
334 340
317 341
341 342
342 343
343 344
344 345
343 346
346 347
347 348
346 349
342 350
317 351
351 352
352 353
353 354
353 355
353 356
356 357
357 358
358 359
357 360
356 361
351 362
362 363
363 364
362 365
351 366
366 367
367 368
351 369
369 370
370 371
371 372
372 373
372 374
372 375
369 376
376 377
377 378
378 379
378 380
378 381
376 382
382 383
383 384
382 385
385 386
386 387
385 388
376 389
389 390
390 391
376 392
392 393
393 394
394 395
395 396
395 397
395 398
398 399
398 400
400 401
398 402
402 403
398 404
404 405
405 406
404 407
407 408
392 409
409 410
410 411
409 412
412 413
413 414
414 415
415 416
414 417
417 418
418 419
417 420
420 421
421 422
420 423
423 424
424 425
423 426
426 427
427 428
428 429
427 430
430 431
426 432
392 433
433 434
434 435
433 436
369 437
437 438
438 439
439 440
440 441
439 442
442 443
438 444
444 445
317 446
446 447
447 448
448 449
447 450
1 451
451 452
451 453
451 454
454 455
455 456
454 457
451 458
458 459
459 460
459 461
461 462
458 463
451 464
451 465
465 466
466 467
467 468
468 469
469 470
470 471
468 472
468 473
473 474
473 475
475 476
476 477
477 478
476 479
473 480
465 481
481 482
482 483
483 484
484 485
483 486
483 487
487 488
488 489
487 490
465 491
491 492
492 493
493 494
493 495
493 496
465 497
497 498
498 499
499 500
500 501
499 502
497 503
503 504
497 505
505 506
506 507
507 508
508 509
509 510
508 511
511 512
512 513
507 514
514 515
515 516
514 517
465 518
518 519
519 520
520 521
521 522
520 523
520 524
524 525
524 526
526 527
527 528
528 529
527 530
465 531
531 532
532 533
533 534
532 535
532 536
536 537
532 538
538 539
465 540
540 541
541 542
541 543
543 544
541 545
545 546
465 547
