0 1
1 2
1 3
3 4
4 5
5 6
5 7
7 8
5 9
9 10
4 11
1 12
12 13
12 14
12 15
15 16
16 17
15 18
12 19
19 20
20 21
20 22
22 23
19 24
12 25
12 26
26 27
27 28
28 29
29 30
28 31
31 32
32 33
26 34
34 35
35 36
36 37
35 38
35 39
35 40
26 41
41 42
42 43
42 44
44 45
42 46
46 47
1 48
48 49
48 50
48 51
51 52
52 53
51 54
48 55
55 56
56 57
56 58
58 59
55 60
48 61
48 62
62 63
63 64
64 65
65 66
64 67
64 68
68 69
63 70
70 71
71 72
72 73
73 74
72 75
72 76
76 77
62 78
78 79
79 80
80 81
80 82
80 83
62 84
84 85
85 86
86 87
87 88
86 89
84 90
90 91
84 92
92 93
93 94
94 95
95 96
96 97
97 98
96 99
96 100
100 101
95 102
94 103
103 104
103 105
105 106
106 107
105 108
105 109
109 110
110 111
109 112
103 113
113 114
93 115
115 116
116 117
117 118
118 119
117 120
115 121
62 122
122 123
123 124
124 125
123 126
123 127
127 128
123 129
129 130
62 131
131 132
132 133
