0 1
1 2
1 3
3 4
3 5
3 6
6 7
7 8
6 9
3 10
10 11
11 12
10 13
3 14
3 15
15 16
16 17
17 18
18 19
19 20
20 21
18 22
18 23
23 24
24 25
23 26
23 27
15 28
28 29
29 30
30 31
31 32
30 33
29 34
34 35
35 36
34 37
28 38
38 39
39 40
15 41
41 42
42 43
43 44
43 45
43 46
15 47
47 48
48 49
49 50
50 51
50 52
52 53
50 54
54 55
49 56
49 57
57 58
58 59
15 60
60 61
61 62
62 63
62 64
62 65
60 66
66 67
67 68
66 69
69 70
70 71
69 72
60 73
73 74
74 75
60 76
76 77
77 78
78 79
79 80
80 81
79 82
79 83
83 84
84 85
83 86
83 87
87 88
78 89
89 90
90 91
91 92
92 93
91 94
91 95
95 96
96 97
95 98
95 99
99 100
90 101
90 102
102 103
103 104
102 105
105 106
77 107
107 108
108 109
76 110
110 111
111 112
112 113
113 114
112 115
112 116
116 117
117 118
116 119
116 120
120 121
110 122
122 123
123 124
124 125
125 126
124 127
124 128
128 129
129 130
128 131
131 132
123 133
133 134
134 135
122 136
136 137
137 138
138 139
137 140
137 141
141 142
142 143
141 144
141 145
145 146
137 147
147 148
148 149
147 150
150 151
15 152
152 153
