0 1
1 2
1 3
3 4
3 5
3 6
6 7
6 8
3 9
9 10
10 11
9 12
3 13
3 14
14 15
15 16
16 17
17 18
17 19
17 20
20 21
21 22
20 23
14 24
24 25
25 26
26 27
26 28
26 29
25 30
30 31
30 32
30 33
25 34
34 35
34 36
34 37
24 38
38 39
39 40
38 41
41 42
42 43
41 44
24 45
45 46
46 47
24 48
48 49
49 50
50 51
51 52
50 53
53 54
54 55
53 56
56 57
48 58
58 59
59 60
60 61
61 62
60 63
63 64
59 65
65 66
66 67
67 68
68 69
67 70
70 71
65 72
72 73
58 74
74 75
75 76
76 77
75 78
78 79
79 80
78 81
81 82
48 83
83 84
84 85
85 86
84 87
87 88
83 89
89 90
90 91
91 92
92 93
91 94
94 95
95 96
94 97
97 98
98 99
89 100
100 101
101 102
102 103
103 104
102 105
105 106
101 107
107 108
108 109
109 110
110 111
109 112
112 113
107 114
114 115
100 116
116 117
117 118
118 119
117 120
120 121
121 122
120 123
123 124
14 125
125 126
126 127
127 128
126 129
129 130
130 131
129 132
125 133
133 134
14 135
135 136
136 137
137 138
136 139
