0 1
1 2
1 3
3 4
3 5
3 6
6 7
6 8
3 9
9 10
10 11
9 12
3 13
3 14
14 15
15 16
16 17
17 18
17 19
17 20
20 21
21 22
20 23
16 24
24 25
24 26
24 27
14 28
28 29
29 30
30 31
30 32
30 33
14 34
34 35
35 36
36 37
36 38
36 39
14 40
40 41
41 42
42 43
42 44
42 45
14 46
46 47
47 48
48 49
48 50
48 51
46 52
52 53
53 54
52 55
55 56
56 57
55 58
46 59
59 60
60 61
46 62
62 63
63 64
64 65
65 66
64 67
67 68
63 69
69 70
63 71
71 72
72 73
73 74
74 75
73 76
76 77
77 78
76 79
79 80
71 81
81 82
82 83
83 84
71 85
85 86
86 87
87 88
86 89
89 90
85 91
91 92
92 93
93 94
94 95
93 96
91 97
97 98
98 99
99 100
98 101
101 102
102 103
101 104
104 105
91 106
106 107
107 108
108 109
91 110
110 111
111 112
112 113
62 114
114 115
115 116
116 117
115 118
114 119
119 120
120 121
121 122
120 123
123 124
124 125
123 126
123 127
127 128
123 129
129 130
130 131
129 132
14 133
133 134
134 135
135 136
134 137
133 138
138 139
14 140
140 141
141 142
