0 1
1 2
1 3
3 4
3 5
3 6
6 7
6 8
3 9
9 10
10 11
9 12
3 13
3 14
14 15
15 16
16 17
17 18
17 19
17 20
14 21
21 22
22 23
23 24
23 25
23 26
26 27
27 28
26 29
14 30
30 31
31 32
32 33
32 34
32 35
14 36
36 37
37 38
38 39
38 40
38 41
36 42
42 43
43 44
42 45
45 46
46 47
45 48
36 49
49 50
50 51
36 52
52 53
53 54
54 55
55 56
54 57
57 58
58 59
57 60
60 61
52 62
62 63
63 64
64 65
63 66
66 67
62 68
68 69
69 70
70 71
71 72
70 73
73 74
74 75
75 76
74 77
77 78
78 79
79 80
78 81
81 82
77 83
73 84
84 85
85 86
86 87
85 88
88 89
84 90
73 91
91 92
68 93
93 94
94 95
95 96
94 97
97 98
98 99
97 100
100 101
68 102
102 103
103 104
104 105
103 106
14 107
107 108
108 109
109 110
108 111
111 112
112 113
111 114
107 115
115 116
116 117
14 118
118 119
119 120
