0 1
1 2
1 3
3 4
3 5
3 6
6 7
6 8
3 9
9 10
10 11
9 12
3 13
3 14
14 15
15 16
16 17
17 18
17 19
17 20
14 21
21 22
22 23
23 24
23 25
23 26
14 27
27 28
28 29
29 30
29 31
29 32
14 33
33 34
34 35
35 36
34 37
37 38
38 39
37 40
40 41
41 42
40 43
43 44
14 45
45 46
46 47
47 48
47 49
47 50
50 51
51 52
50 53
14 54
54 55
55 56
56 57
55 58
58 59
59 60
58 61
54 62
62 63
63 64
64 65
65 66
64 67
67 68
63 69
69 70
70 71
71 72
72 73
69 74
74 75
75 76
76 77
75 78
78 79
79 80
78 81
74 82
82 83
83 84
84 85
83 86
86 87
87 88
86 89
89 90
90 91
89 92
92 93
63 94
94 95
95 96
96 97
97 98
97 99
97 100
100 101
101 102
102 103
103 104
102 105
105 106
101 107
100 108
108 109
109 110
110 111
111 112
110 113
113 114
108 115
100 116
94 117
117 118
118 119
119 120
118 121
121 122
122 123
121 124
121 125
125 126
121 127
127 128
94 129
129 130
130 131
131 132
130 133
133 134
134 135
133 136
136 137
137 138
136 139
139 140
94 141
141 142
142 143
143 144
14 145
145 146
146 147
147 148
146 149
149 150
150 151
149 152
145 153
153 154
154 155
14 156
156 157
157 158
