0 1
1 2
1 3
3 4
3 5
3 6
6 7
6 8
3 9
9 10
10 11
9 12
3 13
3 14
14 15
15 16
16 17
17 18
17 19
17 20
16 21
21 22
21 23
21 24
16 25
25 26
25 27
25 28
28 29
29 30
28 31
16 32
32 33
32 34
32 35
35 36
36 37
35 38
14 39
39 40
40 41
41 42
41 43
41 44
14 45
45 46
46 47
47 48
46 49
49 50
45 51
51 52
52 53
45 54
54 55
55 56
56 57
57 58
56 59
59 60
60 61
59 62
62 63
54 64
64 65
65 66
66 67
67 68
66 69
69 70
65 71
71 72
72 73
71 74
74 75
64 76
76 77
77 78
78 79
79 80
78 81
81 82
82 83
81 84
81 85
85 86
81 87
87 88
88 89
89 90
88 91
91 92
87 93
76 94
94 95
95 96
96 97
95 98
98 99
99 100
98 101
101 102
76 103
103 104
104 105
105 106
14 107
107 108
108 109
109 110
110 111
109 112
112 113
113 114
112 115
108 116
108 117
117 118
