0 1
1 2
1 3
3 4
3 5
3 6
6 7
7 8
6 9
3 10
3 11
11 12
12 13
13 14
14 15
14 16
14 17
17 18
18 19
19 20
18 21
17 22
11 23
23 24
24 25
25 26
25 27
25 28
11 29
29 30
30 31
31 32
30 33
29 34
34 35
35 36
36 37
37 38
38 39
37 40
40 41
36 42
35 43
43 44
44 45
45 46
46 47
45 48
43 49
49 50
50 51
51 52
35 53
53 54
54 55
55 56
56 57
55 58
53 59
59 60
60 61
61 62
61 63
61 64
53 65
65 66
66 67
67 68
66 69
65 70
70 71
71 72
72 73
73 74
74 75
75 76
76 77
77 78
76 79
79 80
75 81
81 82
74 83
83 84
84 85
85 86
84 87
83 88
72 89
89 90
90 91
91 92
90 93
93 94
89 95
95 96
71 97
97 98
98 99
99 100
100 101
99 102
97 103
103 104
104 105
105 106
97 107
71 108
108 109
109 110
110 111
111 112
108 113
113 114
114 115
115 116
11 117
117 118
118 119
119 120
