0 1
1 2
1 3
3 4
3 5
3 6
6 7
7 8
6 9
3 10
10 11
10 12
3 13
3 14
14 15
15 16
16 17
16 18
18 19
16 20
20 21
1 22
22 23
22 24
22 25
25 26
26 27
25 28
22 29
29 30
29 31
22 32
22 33
33 34
34 35
35 36
36 37
35 38
34 39
39 40
33 41
41 42
42 43
43 44
42 45
45 46
46 47
45 48
33 49
49 50
50 51
51 52
52 53
53 54
54 55
53 56
52 57
51 58
58 59
59 60
60 61
59 62
58 63
50 64
64 65
65 66
64 67
49 68
68 69
69 70
33 71
71 72
72 73
73 74
73 75
75 76
76 77
75 78
73 79
79 80
72 81
81 82
81 83
83 84
84 85
83 86
81 87
87 88
