0 1
1 2
1 3
3 4
4 5
4 6
1 7
7 8
7 9
7 10
10 11
11 12
10 13
7 14
14 15
14 16
7 17
7 18
18 19
19 20
20 21
21 22
20 23
18 24
24 25
25 26
25 27
27 28
25 29
25 30
30 31
18 32
32 33
33 34
1 35
35 36
35 37
35 38
38 39
39 40
38 41
35 42
42 43
42 44
35 45
45 46
45 47
35 48
35 49
49 50
50 51
51 52
52 53
51 54
50 55
49 56
56 57
57 58
58 59
57 60
60 61
61 62
60 63
49 64
64 65
65 66
66 67
67 68
68 69
69 70
68 71
67 72
66 73
73 74
74 75
75 76
74 77
73 78
65 79
79 80
80 81
79 82
82 83
64 84
84 85
85 86
86 87
87 88
86 89
84 90
49 91
91 92
92 93
92 94
94 95
95 96
94 97
92 98
98 99
92 100
100 101
49 102
102 103
103 104
103 105
105 106
106 107
105 108
103 109
109 110
103 111
111 112
