0 1
1 2
1 3
3 4
3 5
3 6
6 7
7 8
6 9
3 10
10 11
10 12
3 13
3 14
14 15
15 16
16 17
17 18
18 19
17 20
16 21
21 22
22 23
23 24
22 25
21 26
26 27
15 28
28 29
14 30
30 31
31 32
31 33
33 34
31 35
35 36
31 37
1 38
38 39
38 40
38 41
41 42
42 43
41 44
38 45
45 46
45 47
38 48
48 49
48 50
38 51
38 52
52 53
53 54
54 55
55 56
55 57
55 58
58 59
52 60
60 61
61 62
62 63
61 64
64 65
65 66
64 67
52 68
68 69
69 70
70 71
71 72
72 73
71 74
70 75
69 76
76 77
77 78
78 79
77 80
76 81
68 82
82 83
83 84
84 85
85 86
86 87
85 88
84 89
84 90
90 91
90 92
92 93
82 94
94 95
95 96
96 97
95 98
98 99
94 100
100 101
94 102
102 103
52 104
104 105
105 106
106 107
106 108
106 109
52 110
110 111
111 112
112 113
113 114
112 115
111 116
110 117
117 118
118 119
119 120
118 121
121 122
121 123
123 124
124 125
123 126
121 127
127 128
121 129
129 130
52 131
131 132
132 133
133 134
131 135
135 136
136 137
137 138
138 139
137 140
136 141
135 142
142 143
143 144
144 145
143 146
146 147
146 148
148 149
149 150
148 151
146 152
152 153
146 154
154 155
52 156
156 157
157 158
