0 1
1 2
1 3
3 4
3 5
3 6
6 7
7 8
6 9
3 10
10 11
10 12
3 13
3 14
14 15
15 16
16 17
17 18
18 19
18 20
20 21
17 22
17 23
23 24
24 25
14 26
26 27
27 28
28 29
29 30
29 31
31 32
28 33
28 34
34 35
35 36
14 37
37 38
38 39
39 40
38 41
37 42
42 43
43 44
14 45
45 46
46 47
47 48
46 49
46 50
50 51
14 52
52 53
53 54
54 55
53 56
53 57
57 58
58 59
57 60
14 61
61 62
62 63
63 64
64 65
63 66
61 67
67 68
68 69
69 70
70 71
71 72
70 73
70 74
74 75
75 76
74 77
67 78
78 79
79 80
80 81
80 82
80 83
83 84
84 85
83 86
67 87
87 88
88 89
89 90
90 91
91 92
92 93
91 94
90 95
89 96
96 97
97 98
98 99
97 100
96 101
88 102
102 103
103 104
102 105
105 106
87 107
107 108
108 109
67 110
110 111
111 112
112 113
113 114
112 115
111 116
110 117
117 118
118 119
119 120
120 121
119 122
119 123
123 124
124 125
123 126
117 127
127 128
128 129
129 130
128 131
128 132
132 133
133 134
134 135
135 136
134 137
133 138
132 139
139 140
67 141
141 142
142 143
143 144
144 145
143 146
142 147
141 148
148 149
149 150
150 151
151 152
150 153
150 154
154 155
155 156
154 157
148 158
158 159
159 160
160 161
159 162
159 163
163 164
164 165
165 166
166 167
165 168
164 169
163 170
170 171
14 172
172 173
