0 1
1 2
1 3
3 4
3 5
3 6
6 7
7 8
6 9
3 10
10 11
10 12
3 13
13 14
3 15
15 16
16 17
17 18
18 19
17 20
16 21
21 22
22 23
23 24
15 25
25 26
26 27
27 28
28 29
29 30
27 31
27 32
32 33
33 34
32 35
35 36
36 37
15 38
38 39
39 40
40 41
41 42
40 43
40 44
44 45
45 46
15 47
47 48
48 49
49 50
49 51
49 52
47 53
53 54
54 55
53 56
56 57
47 58
58 59
59 60
47 61
61 62
62 63
63 64
64 65
65 66
64 67
67 68
63 69
69 70
70 71
15 72
72 73
73 74
74 75
74 76
74 77
15 78
78 79
79 80
80 81
80 82
80 83
15 84
84 85
85 86
86 87
86 88
86 89
15 90
90 91
91 92
92 93
91 94
94 95
95 96
94 97
90 98
98 99
99 100
100 101
101 102
102 103
101 104
104 105
100 106
100 107
107 108
108 109
107 110
107 111
111 112
98 113
113 114
114 115
115 116
98 117
117 118
118 119
119 120
118 121
117 122
122 123
123 124
124 125
125 126
117 127
127 128
128 129
129 130
130 131
98 132
132 133
133 134
134 135
133 136
136 137
137 138
136 139
132 140
140 141
141 142
142 143
143 144
142 145
140 146
146 147
147 148
148 149
147 150
150 151
151 152
150 153
98 154
154 155
155 156
156 157
155 158
154 159
159 160
160 161
161 162
162 163
161 164
159 165
165 166
166 167
167 168
166 169
169 170
170 171
169 172
15 173
173 174
174 175
175 176
175 177
175 178
173 179
179 180
180 181
179 182
182 183
173 184
184 185
185 186
173 187
187 188
188 189
189 190
190 191
189 192
189 193
193 194
194 195
193 196
196 197
15 198
198 199
199 200
200 201
199 202
