0 1
1 2
1 3
3 4
3 5
3 6
6 7
7 8
6 9
3 10
10 11
10 12
3 13
13 14
3 15
15 16
16 17
17 18
18 19
19 20
18 21
17 22
22 23
23 24
22 25
25 26
26 27
25 28
16 29
29 30
30 31
15 32
32 33
33 34
34 35
35 36
36 37
34 38
34 39
39 40
40 41
39 42
42 43
43 44
15 45
45 46
46 47
47 48
46 49
46 50
50 51
46 52
15 53
53 54
54 55
55 56
55 57
55 58
15 59
59 60
60 61
61 62
60 63
63 64
64 65
63 66
59 67
67 68
68 69
69 70
70 71
70 72
70 73
68 74
74 75
75 76
76 77
75 78
78 79
74 80
80 81
81 82
80 83
83 84
84 85
83 86
68 87
87 88
88 89
68 90
90 91
91 92
92 93
93 94
94 95
93 96
96 97
92 98
98 99
99 100
98 101
98 102
102 103
103 104
67 105
105 106
106 107
107 108
107 109
107 110
110 111
111 112
110 113
105 114
114 115
115 116
116 117
115 118
114 119
119 120
120 121
119 122
122 123
123 124
122 125
105 126
126 127
127 128
105 129
129 130
130 131
131 132
132 133
133 134
132 135
135 136
131 137
137 138
138 139
137 140
137 141
141 142
142 143
15 144
144 145
145 146
146 147
147 148
146 149
146 150
15 151
151 152
152 153
153 154
154 155
153 156
151 157
157 158
151 159
159 160
160 161
161 162
160 163
163 164
15 165
165 166
166 167
