0 1
1 2
1 3
3 4
3 5
3 6
6 7
7 8
6 9
3 10
10 11
10 12
3 13
13 14
3 15
15 16
16 17
17 18
18 19
17 20
16 21
21 22
22 23
23 24
15 25
25 26
26 27
27 28
27 29
27 30
30 31
31 32
30 33
15 34
34 35
35 36
36 37
36 38
36 39
39 40
40 41
41 42
42 43
41 44
39 45
15 46
46 47
47 48
48 49
49 50
48 51
48 52
52 53
53 54
52 55
15 56
56 57
57 58
58 59
58 60
58 61
56 62
62 63
63 64
62 65
65 66
56 67
67 68
68 69
56 70
70 71
71 72
72 73
73 74
73 75
73 76
76 77
71 78
78 79
79 80
78 81
81 82
71 83
83 84
84 85
83 86
86 87
71 88
88 89
89 90
90 91
91 92
90 93
90 94
94 95
95 96
94 97
94 98
98 99
88 100
100 101
101 102
102 103
103 104
104 105
105 106
104 107
102 108
108 109
109 110
110 111
109 112
112 113
113 114
112 115
101 116
116 117
117 118
118 119
119 120
120 121
119 122
122 123
123 124
124 125
123 126
126 127
126 128
128 129
117 130
130 131
100 132
132 133
133 134
134 135
135 136
134 137
134 138
138 139
139 140
138 141
138 142
142 143
143 144
142 145
145 146
146 147
147 148
146 149
149 150
149 151
151 152
15 153
153 154
154 155
155 156
154 157
