0 1
1 2
1 3
3 4
3 5
3 6
6 7
7 8
6 9
3 10
10 11
10 12
3 13
13 14
3 15
15 16
16 17
17 18
18 19
17 20
16 21
21 22
22 23
23 24
15 25
25 26
26 27
27 28
28 29
27 30
27 31
31 32
32 33
15 34
34 35
35 36
36 37
37 38
37 39
39 40
39 41
41 42
36 43
36 44
44 45
45 46
15 47
47 48
48 49
49 50
49 51
49 52
47 53
53 54
54 55
53 56
56 57
47 58
58 59
59 60
47 61
61 62
62 63
63 64
64 65
63 66
63 67
67 68
68 69
68 70
70 71
15 72
72 73
73 74
74 75
74 76
74 77
15 78
78 79
79 80
80 81
81 82
80 83
80 84
15 85
85 86
86 87
87 88
87 89
87 90
85 91
91 92
92 93
91 94
94 95
95 96
94 97
85 98
98 99
99 100
85 101
101 102
102 103
103 104
104 105
103 106
103 107
102 108
108 109
109 110
110 111
111 112
112 113
111 114
111 115
115 116
110 117
110 118
118 119
119 120
118 121
118 122
122 123
123 124
122 125
122 126
126 127
108 128
128 129
129 130
130 131
108 132
132 133
133 134
134 135
133 136
136 137
132 138
138 139
139 140
140 141
141 142
140 143
138 144
144 145
145 146
146 147
145 148
102 149
149 150
150 151
151 152
152 153
153 154
152 155
152 156
156 157
151 158
151 159
159 160
160 161
159 162
159 163
163 164
164 165
163 166
163 167
167 168
149 169
169 170
170 171
171 172
149 173
173 174
174 175
175 176
174 177
177 178
173 179
179 180
180 181
181 182
182 183
181 184
179 185
185 186
186 187
187 188
186 189
15 190
190 191
191 192
192 193
192 194
192 195
190 196
196 197
197 198
196 199
199 200
190 201
201 202
202 203
190 204
204 205
205 206
206 207
207 208
206 209
206 210
210 211
211 212
210 213
210 214
210 215
215 216
216 217
215 218
215 219
219 220
15 221
221 222
222 223
223 224
222 225
