0 1
1 2
1 3
3 4
3 5
3 6
6 7
7 8
6 9
3 10
10 11
10 12
3 13
13 14
3 15
15 16
16 17
17 18
18 19
17 20
16 21
21 22
22 23
15 24
24 25
25 26
26 27
26 28
26 29
29 30
30 31
29 32
15 33
33 34
34 35
35 36
36 37
35 38
35 39
39 40
40 41
39 42
42 43
15 44
44 45
45 46
46 47
46 48
46 49
15 50
50 51
51 52
52 53
52 54
52 55
15 56
56 57
57 58
58 59
58 60
58 61
61 62
62 63
62 64
64 65
61 66
15 67
67 68
68 69
69 70
68 71
71 72
67 73
73 74
74 75
75 76
76 77
75 78
75 79
79 80
75 81
81 82
82 83
81 84
81 85
85 86
73 87
87 88
88 89
89 90
88 91
91 92
73 93
93 94
94 95
95 96
15 97
97 98
98 99
99 100
99 101
99 102
102 103
103 104
102 105
15 106
106 107
107 108
108 109
108 110
108 111
106 112
112 113
113 114
112 115
115 116
116 117
115 118
106 119
119 120
120 121
106 122
122 123
123 124
124 125
125 126
124 127
127 128
122 129
129 130
130 131
131 132
131 133
131 134
134 135
135 136
134 137
137 138
122 139
139 140
140 141
141 142
140 143
143 144
144 145
143 146
143 147
147 148
143 149
149 150
122 151
151 152
152 153
153 154
152 155
155 156
156 157
155 158
122 159
159 160
160 161
161 162
160 163
163 164
159 165
165 166
166 167
167 168
168 169
167 170
167 171
171 172
167 173
173 174
174 175
173 176
173 177
177 178
165 179
179 180
180 181
181 182
180 183
183 184
165 185
185 186
186 187
187 188
186 189
122 190
190 191
191 192
192 193
191 194
194 195
190 196
196 197
197 198
198 199
199 200
198 201
198 202
202 203
198 204
204 205
205 206
204 207
204 208
208 209
196 210
210 211
211 212
212 213
211 214
214 215
196 216
216 217
217 218
218 219
217 220
15 221
221 222
222 223
223 224
222 225
225 226
226 227
225 228
225 229
229 230
225 231
231 232
15 233
233 234
234 235
235 236
234 237
237 238
238 239
237 240
15 241
241 242
242 243
243 244
242 245
245 246
241 247
247 248
248 249
249 250
250 251
249 252
249 253
253 254
249 255
255 256
256 257
255 258
255 259
259 260
247 261
261 262
262 263
263 264
262 265
265 266
247 267
267 268
268 269
269 270
15 271
271 272
272 273
273 274
272 275
