0 1
1 2
1 3
3 4
3 5
3 6
6 7
7 8
6 9
3 10
10 11
10 12
3 13
13 14
3 15
15 16
16 17
17 18
18 19
17 20
16 21
21 22
22 23
15 24
24 25
25 26
26 27
27 28
27 29
29 30
26 31
26 32
32 33
33 34
15 35
35 36
36 37
37 38
37 39
37 40
35 41
41 42
42 43
41 44
44 45
35 46
46 47
47 48
35 49
49 50
50 51
51 52
50 53
50 54
54 55
55 56
15 57
57 58
58 59
59 60
59 61
59 62
15 63
63 64
64 65
65 66
65 67
65 68
15 69
69 70
70 71
71 72
70 73
73 74
74 75
73 76
69 77
77 78
78 79
79 80
80 81
81 82
80 83
83 84
84 85
83 86
79 87
87 88
88 89
87 90
90 91
78 92
92 93
93 94
94 95
95 96
94 97
94 98
98 99
99 100
93 101
93 102
102 103
103 104
102 105
102 106
106 107
107 108
77 109
109 110
110 111
111 112
110 113
113 114
114 115
113 116
77 117
117 118
118 119
119 120
120 121
119 122
122 123
123 124
122 125
118 126
126 127
127 128
126 129
117 130
130 131
131 132
132 133
133 134
132 135
132 136
136 137
137 138
131 139
131 140
140 141
141 142
140 143
140 144
144 145
145 146
77 147
147 148
148 149
149 150
148 151
151 152
152 153
151 154
15 155
155 156
156 157
157 158
158 159
157 160
157 161
161 162
162 163
15 164
164 165
165 166
166 167
166 168
166 169
164 170
170 171
171 172
170 173
173 174
164 175
175 176
176 177
164 178
178 179
179 180
180 181
181 182
180 183
180 184
184 185
185 186
184 187
184 188
188 189
15 190
190 191
191 192
192 193
191 194
