0 1
1 2
1 3
3 4
3 5
3 6
6 7
7 8
6 9
3 10
10 11
10 12
3 13
13 14
3 15
15 16
16 17
17 18
18 19
18 20
18 21
17 22
22 23
22 24
22 25
15 26
26 27
27 28
28 29
29 30
28 31
28 32
15 33
33 34
34 35
35 36
36 37
35 38
34 39
39 40
40 41
39 42
42 43
43 44
42 45
33 46
46 47
47 48
15 49
49 50
50 51
51 52
52 53
52 54
54 55
51 56
51 57
57 58
58 59
58 60
60 61
57 62
62 63
15 64
64 65
65 66
66 67
66 68
66 69
64 70
70 71
71 72
70 73
73 74
64 75
75 76
76 77
64 78
78 79
79 80
80 81
81 82
80 83
80 84
15 85
85 86
86 87
87 88
88 89
87 90
85 91
91 92
92 93
91 94
91 95
85 96
96 97
97 98
98 99
99 100
100 101
99 102
99 103
103 104
104 105
103 106
103 107
107 108
96 109
109 110
110 111
111 112
110 113
113 114
96 115
115 116
116 117
117 118
116 119
116 120
120 121
116 122
122 123
96 124
124 125
125 126
126 127
125 128
124 129
129 130
130 131
131 132
130 133
124 134
134 135
135 136
136 137
135 138
138 139
139 140
138 141
134 142
142 143
143 144
144 145
143 146
146 147
96 148
148 149
149 150
150 151
149 152
152 153
15 154
154 155
155 156
156 157
157 158
156 159
154 160
160 161
154 162
162 163
163 164
164 165
165 166
164 167
167 168
15 169
169 170
170 171
