0 1
1 2
1 3
3 4
3 5
3 6
6 7
7 8
6 9
3 10
10 11
10 12
3 13
13 14
3 15
15 16
16 17
17 18
18 19
17 20
16 21
21 22
22 23
23 24
15 25
25 26
26 27
27 28
28 29
27 30
27 31
31 32
32 33
15 34
34 35
35 36
36 37
36 38
36 39
39 40
40 41
39 42
15 43
43 44
44 45
45 46
45 47
45 48
48 49
49 50
48 51
51 52
15 53
53 54
54 55
55 56
55 57
55 58
15 59
59 60
60 61
61 62
61 63
61 64
64 65
15 66
66 67
67 68
68 69
68 70
68 71
66 72
72 73
73 74
72 75
75 76
66 77
77 78
78 79
66 80
80 81
81 82
82 83
83 84
83 85
83 86
86 87
80 88
88 89
89 90
90 91
91 92
92 93
91 94
94 95
90 96
89 97
97 98
98 99
99 100
100 101
101 102
100 103
98 104
104 105
97 106
88 107
107 108
108 109
109 110
110 111
109 112
112 113
107 114
114 115
115 116
116 117
115 118
88 119
119 120
120 121
121 122
122 123
121 124
124 125
125 126
124 127
127 128
128 129
127 130
124 131
131 132
132 133
131 134
119 135
135 136
136 137
137 138
136 139
119 140
119 141
80 142
142 143
143 144
144 145
143 146
146 147
147 148
146 149
142 150
150 151
151 152
152 153
153 154
152 155
152 156
156 157
157 158
156 159
156 160
160 161
150 162
162 163
163 164
164 165
163 166
166 167
167 168
168 169
169 170
168 171
171 172
166 173
173 174
174 175
173 176
162 177
177 178
178 179
179 180
180 181
179 182
179 183
183 184
184 185
183 186
183 187
187 188
188 189
187 190
190 191
150 192
192 193
193 194
194 195
193 196
196 197
15 198
198 199
199 200
200 201
199 202
