0 1
1 2
1 3
3 4
3 5
3 6
6 7
7 8
6 9
3 10
3 11
11 12
12 13
13 14
14 15
14 16
14 17
17 18
18 19
17 20
11 21
21 22
22 23
23 24
23 25
23 26
26 27
27 28
26 29
29 30
30 31
29 32
11 33
33 34
34 35
35 36
35 37
35 38
11 39
39 40
40 41
41 42
41 43
41 44
44 45
45 46
44 47
39 48
48 49
49 50
48 51
39 52
52 53
53 54
39 55
55 56
56 57
57 58
58 59
57 60
60 61
61 62
60 63
60 64
64 65
65 66
64 67
67 68
60 69
69 70
55 71
71 72
72 73
73 74
72 75
75 76
76 77
75 78
75 79
79 80
75 81
81 82
82 83
81 84
84 85
85 86
84 87
87 88
11 89
89 90
90 91
