0 1
1 2
1 3
3 4
3 5
3 6
6 7
7 8
6 9
3 10
3 11
11 12
12 13
13 14
14 15
15 16
14 17
13 18
12 19
19 20
20 21
21 22
22 23
23 24
22 25
21 26
20 27
27 28
19 29
29 30
30 31
31 32
32 33
31 34
30 35
29 36
36 37
19 38
38 39
39 40
40 41
41 42
42 43
41 44
40 45
39 46
46 47
47 48
48 49
47 50
46 51
38 52
52 53
19 54
54 55
55 56
56 57
57 58
58 59
57 60
56 61
55 62
62 63
63 64
64 65
63 66
62 67
54 68
68 69
19 70
70 71
71 72
72 73
73 74
72 75
71 76
70 77
77 78
11 79
79 80
80 81
81 82
81 83
81 84
11 85
85 86
86 87
87 88
87 89
87 90
85 91
91 92
92 93
91 94
94 95
95 96
94 97
85 98
98 99
99 100
85 101
101 102
102 103
103 104
104 105
104 106
104 107
107 108
102 109
109 110
110 111
109 112
112 113
113 114
112 115
102 116
116 117
117 118
102 119
119 120
120 121
121 122
122 123
123 124
124 125
123 126
126 127
122 128
128 129
129 130
128 131
131 132
121 133
133 134
120 135
135 136
136 137
137 138
136 139
139 140
140 141
141 142
140 143
143 144
139 145
145 146
146 147
145 148
148 149
11 150
150 151
151 152
152 153
151 154
151 155
155 156
