0 1
1 2
1 3
3 4
3 5
3 6
6 7
7 8
6 9
3 10
3 11
11 12
12 13
13 14
14 15
14 16
14 17
17 18
18 19
17 20
11 21
21 22
22 23
23 24
23 25
23 26
11 27
27 28
28 29
29 30
29 31
29 32
27 33
33 34
34 35
33 36
36 37
37 38
36 39
27 40
40 41
41 42
27 43
43 44
44 45
45 46
46 47
45 48
48 49
49 50
48 51
51 52
44 53
53 54
54 55
55 56
56 57
56 58
56 59
59 60
60 61
61 62
60 63
63 64
59 65
65 66
53 67
67 68
68 69
69 70
68 71
71 72
72 73
71 74
71 75
75 76
71 77
77 78
44 79
79 80
80 81
81 82
82 83
81 84
84 85
85 86
84 87
87 88
11 89
89 90
90 91
