0 1
1 2
1 3
3 4
3 5
3 6
6 7
7 8
8 9
6 10
3 11
3 12
12 13
13 14
14 15
15 16
16 17
15 18
14 19
13 20
20 21
12 22
22 23
23 24
24 25
23 26
23 27
27 28
23 29
29 30
30 31
29 32
29 33
33 34
34 35
34 36
33 37
37 38
38 39
39 40
38 41
12 42
42 43
43 44
44 45
44 46
44 47
12 48
48 49
49 50
50 51
50 52
50 53
53 54
54 55
55 56
54 57
53 58
12 59
59 60
60 61
61 62
61 63
61 64
59 65
65 66
66 67
65 68
68 69
69 70
68 71
59 72
72 73
73 74
59 75
75 76
76 77
77 78
78 79
79 80
80 81
79 82
82 83
78 84
77 85
85 86
76 87
87 88
88 89
89 90
90 91
87 92
92 93
93 94
94 95
93 96
96 97
97 98
98 99
97 100
100 101
96 102
12 103
103 104
104 105
105 106
106 107
105 108
104 109
109 110
