0 1
1 2
1 3
3 4
3 5
3 6
6 7
7 8
8 9
6 10
3 11
3 12
12 13
13 14
14 15
15 16
14 17
13 18
18 19
19 20
12 21
21 22
22 23
23 24
22 25
22 26
26 27
22 28
28 29
29 30
28 31
28 32
32 33
33 34
33 35
32 36
36 37
37 38
38 39
37 40
12 41
41 42
42 43
43 44
43 45
43 46
12 47
47 48
48 49
49 50
49 51
49 52
52 53
53 54
54 55
53 56
52 57
12 58
58 59
59 60
60 61
60 62
60 63
58 64
64 65
65 66
64 67
67 68
68 69
67 70
58 71
71 72
72 73
58 74
74 75
75 76
76 77
77 78
78 79
79 80
78 81
81 82
77 83
76 84
84 85
75 86
86 87
87 88
88 89
89 90
88 91
75 92
92 93
93 94
94 95
95 96
94 97
97 98
98 99
99 100
98 101
101 102
97 103
12 104
104 105
105 106
