0 1
1 2
1 3
3 4
3 5
3 6
6 7
7 8
8 9
6 10
3 11
3 12
12 13
13 14
14 15
15 16
14 17
14 18
18 19
14 20
20 21
21 22
20 23
20 24
24 25
25 26
25 27
24 28
28 29
29 30
30 31
29 32
12 33
33 34
34 35
35 36
35 37
35 38
12 39
39 40
40 41
41 42
41 43
41 44
44 45
45 46
46 47
45 48
44 49
12 50
50 51
51 52
52 53
52 54
52 55
50 56
56 57
57 58
56 59
59 60
60 61
59 62
50 63
63 64
64 65
50 66
66 67
67 68
68 69
69 70
68 71
71 72
72 73
73 74
72 75
75 76
71 77
67 78
78 79
79 80
80 81
81 82
67 83
83 84
84 85
85 86
86 87
85 88
88 89
89 90
90 91
89 92
92 93
88 94
12 95
95 96
96 97
12 98
12 99
12 100
12 101
12 102
12 103
12 104
12 105
12 106
12 107
12 108
