0 1
1 2
1 3
3 4
3 5
3 6
6 7
7 8
8 9
6 10
3 11
3 12
12 13
13 14
14 15
15 16
14 17
14 18
18 19
14 20
20 21
21 22
22 23
21 24
20 25
25 26
26 27
25 28
20 29
29 30
30 31
31 32
32 33
31 34
30 35
35 36
36 37
35 38
12 39
39 40
40 41
41 42
41 43
41 44
12 45
45 46
46 47
47 48
47 49
47 50
50 51
51 52
52 53
51 54
50 55
12 56
56 57
57 58
58 59
58 60
58 61
56 62
62 63
63 64
62 65
65 66
66 67
65 68
56 69
69 70
70 71
56 72
72 73
73 74
74 75
75 76
76 77
77 78
76 79
79 80
75 81
74 82
82 83
73 84
84 85
85 86
86 87
87 88
86 89
89 90
90 91
91 92
90 93
93 94
89 95
73 96
96 97
97 98
98 99
99 100
96 101
101 102
102 103
103 104
102 105
105 106
106 107
105 108
105 109
109 110
105 111
111 112
112 113
113 114
112 115
115 116
111 117
12 118
118 119
119 120
12 121
12 122
12 123
1 124
1 125
