0 1
1 2
1 3
3 4
3 5
3 6
6 7
7 8
8 9
6 10
3 11
3 12
12 13
13 14
14 15
15 16
14 17
14 18
18 19
14 20
20 21
21 22
21 23
20 24
24 25
24 26
20 27
27 28
28 29
29 30
28 31
28 32
32 33
33 34
32 35
28 36
36 37
37 38
36 39
12 40
40 41
41 42
42 43
43 44
42 45
42 46
46 47
47 48
46 49
12 50
50 51
51 52
52 53
52 54
52 55
12 56
56 57
57 58
58 59
58 60
58 61
56 62
62 63
63 64
62 65
65 66
66 67
65 68
56 69
69 70
70 71
56 72
72 73
73 74
74 75
75 76
76 77
77 78
76 79
79 80
75 81
74 82
82 83
83 84
82 85
73 86
86 87
87 88
88 89
73 90
90 91
91 92
92 93
91 94
94 95
95 96
94 97
97 98
12 99
99 100
100 101
