0 1
1 2
1 3
3 4
3 5
3 6
6 7
7 8
8 9
6 10
3 11
3 12
12 13
13 14
14 15
15 16
15 17
15 18
18 19
19 20
18 21
14 22
22 23
22 24
22 25
25 26
26 27
25 28
14 29
29 30
29 31
29 32
32 33
33 34
32 35
12 36
36 37
37 38
38 39
38 40
38 41
36 42
42 43
43 44
42 45
45 46
36 47
47 48
48 49
36 50
50 51
51 52
52 53
53 54
52 55
55 56
56 57
55 58
55 59
59 60
55 61
61 62
62 63
63 64
62 65
65 66
61 67
50 68
68 69
69 70
70 71
69 72
72 73
73 74
72 75
72 76
76 77
72 78
78 79
79 80
80 81
79 82
82 83
78 84
12 85
85 86
86 87
87 88
87 89
87 90
90 91
91 92
92 93
91 94
94 95
90 96
12 97
97 98
98 99
99 100
100 101
99 102
99 103
103 104
103 105
105 106
106 107
12 108
108 109
109 110
110 111
111 112
110 113
108 114
114 115
108 116
116 117
117 118
118 119
119 120
119 121
119 122
122 123
123 124
124 125
125 126
124 127
123 128
128 129
122 130
116 131
131 132
132 133
133 134
133 135
133 136
136 137
137 138
138 139
139 140
138 141
137 142
142 143
136 144
116 145
145 146
146 147
147 148
146 149
149 150
150 151
149 152
152 153
145 154
154 155
155 156
156 157
157 158
158 159
157 160
160 161
156 162
162 163
12 164
164 165
165 166
166 167
166 168
166 169
165 170
170 171
170 172
170 173
173 174
174 175
175 176
174 177
173 178
12 179
179 180
180 181
181 182
181 183
181 184
179 185
185 186
186 187
185 188
188 189
179 190
190 191
191 192
179 193
193 194
194 195
195 196
196 197
195 198
198 199
199 200
198 201
201 202
194 203
203 204
204 205
205 206
206 207
203 208
208 209
209 210
210 211
209 212
212 213
12 214
214 215
215 216
