0 1
1 2
1 3
3 4
3 5
3 6
6 7
7 8
6 9
3 10
10 11
10 12
12 13
12 14
14 15
3 16
16 17
17 18
18 19
19 20
18 21
18 22
22 23
16 24
24 25
25 26
26 27
27 28
27 29
29 30
29 31
31 32
26 33
26 34
34 35
35 36
16 37
37 38
38 39
39 40
39 41
39 42
42 43
43 44
42 45
16 46
46 47
47 48
48 49
48 50
48 51
46 52
52 53
53 54
52 55
55 56
46 57
57 58
58 59
46 60
60 61
61 62
62 63
63 64
64 65
63 66
62 67
67 68
68 69
69 70
68 71
71 72
67 73
73 74
74 75
73 76
76 77
77 78
76 79
61 80
60 81
81 82
82 83
83 84
83 85
83 86
86 87
87 88
86 89
60 90
90 91
91 92
92 93
92 94
92 95
95 96
96 97
95 98
60 99
99 100
100 101
101 102
100 103
103 104
99 105
105 106
106 107
107 108
108 109
108 110
108 111
111 112
112 113
113 114
114 115
113 116
116 117
112 118
118 119
119 120
118 121
121 122
111 123
123 124
124 125
123 126
126 127
105 128
128 129
129 130
130 131
129 132
128 133
133 134
134 135
135 136
136 137
128 138
138 139
139 140
140 141
139 142
138 143
143 144
144 145
145 146
146 147
138 148
148 149
149 150
150 151
151 152
150 153
150 154
154 155
155 156
154 157
154 158
158 159
159 160
158 161
161 162
154 163
163 164
164 165
163 166
166 167
154 168
168 169
169 170
168 171
171 172
148 173
173 174
174 175
175 176
148 177
177 178
178 179
179 180
148 181
181 182
182 183
183 184
184 185
183 186
186 187
182 188
188 189
189 190
190 191
189 192
192 193
188 194
194 195
195 196
194 197
197 198
198 199
197 200
181 201
201 202
202 203
203 204
148 205
205 206
206 207
207 208
208 209
207 210
210 211
206 212
212 213
213 214
214 215
213 216
216 217
212 218
218 219
219 220
218 221
221 222
222 223
221 224
205 225
225 226
226 227
227 228
16 229
229 230
230 231
16 232
16 233
16 234
16 235
16 236
16 237
16 238
16 239
16 240
16 241
16 242
16 243
16 244
16 245
16 246
16 247
16 248
16 249
16 250
