0 1
1 2
1 3
3 4
3 5
3 6
6 7
7 8
6 9
3 10
10 11
10 12
12 13
12 14
14 15
3 16
16 17
17 18
18 19
19 20
18 21
18 22
22 23
16 24
24 25
25 26
26 27
27 28
27 29
29 30
29 31
31 32
26 33
26 34
34 35
35 36
16 37
37 38
38 39
39 40
40 41
40 42
42 43
42 44
44 45
39 46
39 47
47 48
48 49
16 50
50 51
51 52
52 53
52 54
52 55
50 56
56 57
57 58
56 59
59 60
60 61
59 62
50 63
63 64
64 65
50 66
66 67
67 68
68 69
69 70
69 71
69 72
72 73
73 74
72 75
66 76
76 77
77 78
78 79
78 80
78 81
81 82
82 83
83 84
82 85
81 86
66 87
87 88
88 89
89 90
88 91
91 92
87 93
93 94
94 95
95 96
96 97
96 98
96 99
99 100
100 101
99 102
102 103
95 104
104 105
104 106
104 107
107 108
108 109
107 110
110 111
95 112
112 113
112 114
112 115
115 116
116 117
115 118
118 119
95 120
120 121
120 122
120 123
123 124
124 125
125 126
124 127
127 128
123 129
129 130
93 131
131 132
132 133
133 134
132 135
131 136
136 137
137 138
138 139
139 140
140 141
140 142
142 143
139 144
139 145
145 146
146 147
145 148
145 149
149 150
145 151
151 152
145 153
153 154
136 155
155 156
156 157
157 158
158 159
158 160
160 161
157 162
157 163
163 164
164 165
165 166
166 167
165 168
164 169
163 170
163 171
171 172
172 173
171 174
136 175
175 176
176 177
177 178
176 179
176 180
180 181
136 182
182 183
183 184
184 185
136 186
186 187
187 188
188 189
136 190
131 191
191 192
192 193
193 194
192 195
191 196
196 197
197 198
198 199
199 200
191 201
201 202
202 203
203 204
204 205
16 206
206 207
207 208
208 209
207 210
210 211
211 212
212 213
211 214
210 215
210 216
216 217
217 218
216 219
16 220
220 221
221 222
