0 1
1 2
1 3
3 4
3 5
3 6
6 7
7 8
6 9
3 10
10 11
10 12
12 13
12 14
14 15
3 16
16 17
17 18
18 19
19 20
20 21
20 22
22 23
22 24
24 25
19 26
19 27
27 28
28 29
16 30
30 31
31 32
32 33
31 34
31 35
35 36
16 37
37 38
38 39
39 40
39 41
39 42
37 43
43 44
44 45
43 46
46 47
47 48
46 49
37 50
50 51
51 52
37 53
53 54
54 55
55 56
56 57
56 58
56 59
59 60
60 61
59 62
53 63
63 64
64 65
65 66
65 67
65 68
68 69
69 70
70 71
69 72
68 73
53 74
74 75
75 76
76 77
75 78
78 79
74 80
80 81
81 82
82 83
83 84
84 85
85 86
86 87
85 88
88 89
84 90
90 91
91 92
90 93
93 94
83 95
95 96
96 97
95 98
98 99
82 100
81 101
101 102
102 103
103 104
104 105
105 106
105 107
107 108
104 109
104 110
110 111
111 112
111 113
113 114
110 115
115 116
116 117
115 118
115 119
119 120
120 121
119 122
122 123
115 124
124 125
125 126
124 127
127 128
115 129
129 130
130 131
129 132
132 133
101 134
134 135
135 136
136 137
137 138
136 139
136 140
140 141
135 142
134 143
143 144
144 145
145 146
144 147
144 148
148 149
101 150
150 151
151 152
152 153
101 154
154 155
155 156
156 157
81 158
158 159
159 160
160 161
161 162
162 163
163 164
162 165
165 166
161 167
167 168
168 169
167 170
170 171
160 172
172 173
173 174
172 175
175 176
159 177
158 178
178 179
179 180
180 181
158 182
182 183
183 184
184 185
16 186
186 187
187 188
188 189
187 190
190 191
