0 1
1 2
1 3
3 4
3 5
3 6
6 7
7 8
6 9
3 10
10 11
10 12
12 13
12 14
14 15
3 16
16 17
17 18
18 19
19 20
20 21
20 22
22 23
22 24
24 25
19 26
19 27
27 28
28 29
16 30
30 31
31 32
32 33
33 34
32 35
31 36
36 37
37 38
38 39
37 40
36 41
30 42
42 43
43 44
16 45
45 46
46 47
47 48
46 49
46 50
50 51
16 52
52 53
53 54
54 55
54 56
54 57
57 58
58 59
57 60
16 61
61 62
62 63
63 64
63 65
63 66
61 67
67 68
68 69
67 70
70 71
71 72
70 73
61 74
74 75
75 76
61 77
77 78
78 79
79 80
80 81
81 82
80 83
79 84
84 85
85 86
86 87
85 88
88 89
84 90
90 91
91 92
90 93
93 94
94 95
93 96
78 97
77 98
98 99
99 100
100 101
100 102
100 103
103 104
104 105
103 106
77 107
107 108
108 109
109 110
109 111
109 112
112 113
113 114
112 115
77 116
116 117
117 118
118 119
117 120
120 121
116 122
122 123
123 124
124 125
125 126
125 127
125 128
128 129
129 130
130 131
131 132
130 133
133 134
129 135
135 136
136 137
135 138
138 139
128 140
140 141
141 142
140 143
143 144
122 145
145 146
146 147
147 148
146 149
145 150
150 151
151 152
152 153
153 154
145 155
155 156
156 157
157 158
156 159
155 160
160 161
161 162
162 163
163 164
155 165
165 166
166 167
167 168
168 169
167 170
167 171
171 172
172 173
171 174
171 175
175 176
176 177
175 178
178 179
171 180
180 181
181 182
180 183
183 184
171 185
185 186
186 187
185 188
188 189
165 190
190 191
191 192
192 193
165 194
194 195
195 196
196 197
165 198
198 199
199 200
200 201
201 202
200 203
203 204
199 205
205 206
206 207
207 208
206 209
209 210
205 211
211 212
212 213
211 214
214 215
215 216
214 217
198 218
218 219
219 220
220 221
165 222
222 223
223 224
224 225
225 226
224 227
227 228
223 229
229 230
230 231
231 232
230 233
233 234
229 235
235 236
236 237
235 238
238 239
239 240
238 241
222 242
242 243
243 244
244 245
16 246
246 247
247 248
