0 1
1 2
1 3
3 4
3 5
3 6
6 7
7 8
6 9
3 10
10 11
10 12
12 13
12 14
14 15
3 16
16 17
17 18
18 19
19 20
18 21
18 22
22 23
16 24
24 25
25 26
26 27
27 28
27 29
29 30
29 31
31 32
26 33
26 34
34 35
35 36
16 37
37 38
38 39
39 40
39 41
39 42
37 43
43 44
44 45
43 46
46 47
47 48
48 49
47 50
46 51
37 52
52 53
53 54
37 55
55 56
56 57
57 58
58 59
59 60
58 61
57 62
62 63
63 64
64 65
63 66
66 67
62 68
68 69
69 70
68 71
71 72
72 73
71 74
56 75
55 76
76 77
77 78
77 79
79 80
77 81
81 82
77 83
83 84
16 85
85 86
86 87
1 88
88 89
88 90
88 91
91 92
91 93
88 94
94 95
95 96
94 97
88 98
98 99
99 100
99 101
101 102
101 103
103 104
98 105
88 106
88 107
107 108
108 109
109 110
110 111
110 112
110 113
113 114
113 115
115 116
116 117
115 118
118 119
109 120
120 121
120 122
120 123
123 124
124 125
123 126
107 127
127 128
128 129
129 130
129 131
129 132
132 133
133 134
134 135
133 136
132 137
107 138
138 139
139 140
140 141
139 142
142 143
138 144
144 145
145 146
146 147
147 148
148 149
149 150
148 151
151 152
147 153
153 154
154 155
153 156
156 157
146 158
158 159
145 160
160 161
161 162
162 163
145 164
164 165
165 166
166 167
167 168
168 169
167 170
170 171
166 172
172 173
173 174
172 175
175 176
165 177
177 178
164 179
179 180
180 181
181 182
164 183
183 184
184 185
185 186
186 187
185 188
185 189
189 190
190 191
189 192
192 193
193 194
192 195
192 196
196 197
197 198
196 199
199 200
192 201
201 202
202 203
201 204
204 205
192 206
206 207
207 208
206 209
209 210
183 211
211 212
212 213
213 214
183 215
215 216
216 217
217 218
183 219
219 220
220 221
221 222
222 223
221 224
224 225
220 226
226 227
227 228
228 229
227 230
230 231
226 232
232 233
233 234
232 235
235 236
236 237
235 238
219 239
239 240
240 241
241 242
183 243
243 244
244 245
245 246
246 247
245 248
248 249
244 250
250 251
251 252
252 253
251 254
254 255
250 256
256 257
257 258
256 259
259 260
260 261
259 262
243 263
263 264
264 265
265 266
