0 1
1 2
1 3
3 4
3 5
3 6
6 7
7 8
6 9
3 10
10 11
3 12
12 13
13 14
14 15
15 16
16 17
15 18
15 19
19 20
19 21
21 22
12 23
23 24
24 25
25 26
26 27
25 28
25 29
29 30
29 31
31 32
12 33
33 34
34 35
35 36
36 37
37 38
36 39
35 40
40 41
41 42
40 43
34 44
44 45
34 46
46 47
1 48
48 49
48 50
48 51
51 52
52 53
51 54
48 55
55 56
48 57
57 58
58 59
59 60
60 61
60 62
60 63
63 64
64 65
63 66
57 67
67 68
68 69
69 70
70 71
69 72
69 73
57 74
74 75
75 76
76 77
76 78
76 79
74 80
80 81
81 82
80 83
83 84
74 85
85 86
86 87
74 88
88 89
89 90
90 91
91 92
91 93
91 94
94 95
95 96
94 97
88 98
98 99
99 100
100 101
100 102
100 103
103 104
104 105
103 106
88 107
107 108
108 109
109 110
110 111
109 112
109 113
113 114
114 115
88 116
116 117
117 118
118 119
117 120
117 121
121 122
122 123
121 124
121 125
125 126
88 127
127 128
128 129
129 130
130 131
129 132
128 133
133 134
134 135
133 136
136 137
127 138
138 139
139 140
140 141
141 142
142 143
141 144
141 145
145 146
140 147
147 148
148 149
147 150
147 151
151 152
139 153
153 154
154 155
155 156
156 157
155 158
155 159
155 160
160 161
161 162
160 163
160 164
164 165
153 166
166 167
167 168
168 169
167 170
167 171
171 172
172 173
171 174
171 175
175 176
139 177
177 178
138 179
179 180
180 181
181 182
138 183
183 184
184 185
185 186
88 187
187 188
188 189
189 190
190 191
189 192
188 193
193 194
194 195
193 196
187 197
197 198
198 199
199 200
200 201
199 202
202 203
203 204
202 205
57 206
206 207
207 208
1 209
209 210
209 211
209 212
212 213
213 214
212 215
209 216
216 217
209 218
218 219
219 220
220 221
221 222
221 223
221 224
224 225
225 226
224 227
218 228
228 229
229 230
230 231
231 232
230 233
230 234
218 235
235 236
236 237
237 238
237 239
237 240
235 241
241 242
242 243
241 244
244 245
235 246
246 247
247 248
235 249
249 250
250 251
251 252
252 253
252 254
252 255
255 256
256 257
255 258
249 259
259 260
260 261
261 262
261 263
261 264
264 265
249 266
266 267
267 268
268 269
269 270
268 271
268 272
272 273
273 274
249 275
275 276
276 277
277 278
278 279
277 280
276 281
281 282
282 283
281 284
284 285
275 286
286 287
287 288
288 289
289 290
290 291
289 292
289 293
293 294
288 295
295 296
296 297
295 298
295 299
299 300
287 301
301 302
302 303
303 304
304 305
303 306
303 307
303 308
308 309
309 310
308 311
308 312
312 313
301 314
314 315
315 316
316 317
315 318
315 319
319 320
320 321
319 322
319 323
323 324
287 325
325 326
286 327
327 328
328 329
329 330
286 331
331 332
332 333
333 334
249 335
335 336
336 337
337 338
338 339
337 340
336 341
341 342
342 343
341 344
335 345
345 346
346 347
347 348
348 349
347 350
350 351
351 352
350 353
218 354
354 355
355 356
