0 1
1 2
1 3
3 4
3 5
3 6
6 7
7 8
6 9
3 10
10 11
3 12
12 13
13 14
14 15
15 16
15 17
15 18
18 19
19 20
18 21
12 22
22 23
23 24
24 25
25 26
26 27
24 28
24 29
29 30
29 31
31 32
32 33
29 34
34 35
35 36
12 37
37 38
38 39
39 40
40 41
39 42
39 43
43 44
44 45
43 46
12 47
47 48
48 49
49 50
49 51
49 52
47 53
53 54
54 55
53 56
56 57
47 58
58 59
59 60
47 61
61 62
62 63
63 64
64 65
65 66
64 67
67 68
63 69
69 70
62 71
12 72
72 73
73 74
74 75
75 76
74 77
74 78
78 79
79 80
78 81
78 82
82 83
83 84
82 85
12 86
86 87
87 88
88 89
88 90
88 91
12 92
92 93
93 94
94 95
94 96
94 97
97 98
98 99
97 100
92 101
101 102
102 103
101 104
92 105
105 106
106 107
92 108
108 109
109 110
110 111
111 112
111 113
111 114
114 115
115 116
114 117
109 118
118 119
119 120
118 121
121 122
109 123
123 124
124 125
109 126
126 127
127 128
128 129
129 130
130 131
129 132
132 133
128 134
134 135
135 136
134 137
137 138
127 139
139 140
140 141
141 142
142 143
143 144
144 145
143 146
146 147
142 148
141 149
149 150
150 151
151 152
150 153
153 154
154 155
153 156
149 157
157 158
158 159
157 160
140 161
161 162
162 163
163 164
164 165
165 166
166 167
165 168
168 169
164 170
170 171
163 172
161 173
173 174
174 175
175 176
176 177
177 178
176 179
179 180
175 181
174 182
182 183
173 184
184 185
185 186
186 187
187 188
186 189
189 190
190 191
189 192
189 193
193 194
189 195
195 196
196 197
195 198
184 199
199 200
200 201
201 202
200 203
203 204
204 205
205 206
204 207
207 208
203 209
12 210
210 211
211 212
