0 1
1 2
1 3
3 4
3 5
3 6
6 7
7 8
6 9
3 10
10 11
3 12
12 13
13 14
14 15
15 16
16 17
15 18
15 19
19 20
20 21
19 22
22 23
12 24
24 25
25 26
26 27
26 28
26 29
25 30
30 31
30 32
30 33
33 34
34 35
33 36
12 37
37 38
38 39
39 40
39 41
39 42
12 43
43 44
44 45
45 46
45 47
45 48
44 49
49 50
49 51
49 52
12 53
53 54
54 55
55 56
54 57
57 58
53 59
59 60
60 61
61 62
62 63
62 64
62 65
59 66
66 67
67 68
68 69
68 70
68 71
71 72
67 73
73 74
73 75
73 76
76 77
59 78
78 79
79 80
80 81
79 82
82 83
78 84
84 85
85 86
86 87
87 88
88 89
89 90
88 91
87 92
92 93
93 94
92 95
95 96
86 97
97 98
98 99
99 100
98 101
98 102
102 103
97 104
104 105
105 106
104 107
104 108
108 109
85 110
110 111
111 112
112 113
113 114
114 115
113 116
116 117
112 118
118 119
119 120
118 121
121 122
111 123
123 124
124 125
125 126
126 127
125 128
128 129
123 130
130 131
131 132
132 133
131 134
134 135
85 136
136 137
84 138
138 139
139 140
140 141
84 142
142 143
143 144
144 145
84 146
146 147
147 148
148 149
59 150
150 151
151 152
152 153
151 154
154 155
155 156
154 157
150 158
158 159
159 160
160 161
150 162
162 163
163 164
164 165
59 166
166 167
167 168
168 169
12 170
170 171
171 172
172 173
172 174
172 175
12 176
176 177
177 178
178 179
178 180
178 181
177 182
182 183
182 184
182 185
12 186
186 187
187 188
188 189
187 190
190 191
191 192
190 193
186 194
194 195
195 196
196 197
197 198
197 199
197 200
194 201
201 202
202 203
203 204
203 205
203 206
206 207
202 208
208 209
208 210
208 211
211 212
212 213
211 214
194 215
215 216
216 217
217 218
216 219
219 220
215 221
221 222
222 223
223 224
224 225
225 226
226 227
225 228
224 229
229 230
230 231
229 232
232 233
223 234
234 235
235 236
236 237
235 238
235 239
239 240
234 241
241 242
242 243
241 244
241 245
245 246
222 247
247 248
248 249
249 250
250 251
251 252
250 253
253 254
249 255
255 256
256 257
255 258
258 259
248 260
260 261
261 262
262 263
263 264
262 265
265 266
260 267
267 268
268 269
269 270
268 271
271 272
222 273
221 274
274 275
275 276
276 277
221 278
278 279
279 280
280 281
221 282
282 283
283 284
284 285
194 286
286 287
287 288
288 289
287 290
290 291
291 292
290 293
286 294
294 295
295 296
296 297
286 298
298 299
299 300
300 301
194 302
302 303
303 304
304 305
12 306
306 307
307 308
308 309
309 310
308 311
311 312
307 313
313 314
314 315
313 316
316 317
306 318
318 319
306 320
320 321
321 322
322 323
323 324
322 325
325 326
320 327
327 328
328 329
329 330
328 331
331 332
12 333
333 334
334 335
335 336
334 337
334 338
338 339
334 340
340 341
341 342
340 343
