0 1
1 2
1 3
3 4
3 5
3 6
6 7
7 8
6 9
3 10
10 11
3 12
12 13
13 14
14 15
15 16
16 17
15 18
15 19
19 20
20 21
12 22
22 23
23 24
24 25
24 26
24 27
22 28
28 29
29 30
28 31
31 32
32 33
31 34
22 35
35 36
36 37
22 38
38 39
39 40
40 41
41 42
40 43
43 44
44 45
45 46
44 47
44 48
48 49
43 50
50 51
12 52
52 53
53 54
54 55
55 56
56 57
54 58
54 59
59 60
59 61
61 62
62 63
63 64
64 65
63 66
62 67
59 68
68 69
69 70
70 71
71 72
70 73
69 74
12 75
75 76
76 77
77 78
77 79
77 80
80 81
81 82
80 83
76 84
84 85
84 86
84 87
87 88
76 89
89 90
89 91
89 92
92 93
93 94
92 95
12 96
96 97
97 98
98 99
98 100
98 101
96 102
102 103
103 104
102 105
105 106
106 107
105 108
96 109
109 110
110 111
96 112
112 113
113 114
114 115
115 116
115 117
115 118
113 119
119 120
120 121
119 122
122 123
123 124
124 125
123 126
122 127
113 128
128 129
129 130
113 131
131 132
132 133
133 134
134 135
135 136
134 137
134 138
138 139
139 140
138 141
133 142
142 143
143 144
142 145
142 146
146 147
147 148
146 149
132 150
150 151
151 152
152 153
153 154
154 155
155 156
154 157
157 158
153 159
159 160
152 161
161 162
162 163
163 164
164 165
163 166
166 167
167 168
166 169
162 170
170 171
171 172
170 173
161 174
131 175
175 176
176 177
177 178
178 179
179 180
180 181
179 182
182 183
178 184
184 185
177 186
186 187
176 188
188 189
189 190
190 191
189 192
192 193
193 194
194 195
193 196
196 197
192 198
198 199
188 200
200 201
201 202
200 203
203 204
175 205
205 206
206 207
207 208
208 209
207 210
210 211
211 212
212 213
211 214
214 215
210 216
216 217
205 218
218 219
219 220
220 221
219 222
222 223
12 224
224 225
225 226
226 227
225 228
228 229
224 230
230 231
231 232
12 233
233 234
234 235
235 236
234 237
234 238
238 239
239 240
238 241
241 242
234 243
243 244
