0 1
1 2
1 3
3 4
3 5
3 6
6 7
7 8
6 9
3 10
10 11
3 12
12 13
13 14
14 15
15 16
16 17
15 18
15 19
12 20
20 21
21 22
22 23
23 24
22 25
21 26
20 27
27 28
28 29
12 30
30 31
31 32
32 33
32 34
32 35
30 36
36 37
37 38
36 39
39 40
40 41
39 42
30 43
43 44
44 45
30 46
46 47
47 48
48 49
49 50
49 51
49 52
52 53
46 54
54 55
55 56
56 57
56 58
56 59
59 60
46 61
61 62
62 63
63 64
64 65
63 66
63 67
67 68
62 69
69 70
70 71
69 72
69 73
73 74
61 75
75 76
76 77
77 78
78 79
75 80
80 81
81 82
82 83
75 84
84 85
85 86
86 87
87 88
86 89
89 90
85 91
91 92
92 93
91 94
94 95
95 96
94 97
84 98
46 99
99 100
100 101
101 102
102 103
101 104
101 105
105 106
106 107
105 108
105 109
109 110
110 111
109 112
105 113
113 114
46 115
115 116
116 117
117 118
118 119
117 120
116 121
121 122
122 123
121 124
115 125
125 126
126 127
127 128
126 129
129 130
46 131
131 132
132 133
133 134
132 135
135 136
136 137
135 138
46 139
139 140
140 141
141 142
140 143
143 144
46 145
145 146
146 147
147 148
148 149
147 150
147 151
151 152
146 153
153 154
154 155
153 156
153 157
157 158
145 159
159 160
160 161
161 162
162 163
159 164
164 165
165 166
166 167
159 168
168 169
169 170
170 171
171 172
170 173
173 174
169 175
175 176
176 177
175 178
178 179
179 180
178 181
168 182
46 183
183 184
184 185
185 186
184 187
187 188
188 189
187 190
187 191
191 192
192 193
191 194
187 195
195 196
46 197
197 198
198 199
199 200
200 201
199 202
198 203
203 204
204 205
203 206
197 207
207 208
208 209
209 210
208 211
211 212
12 213
213 214
214 215
