0 1
1 2
1 3
3 4
3 5
3 6
6 7
7 8
6 9
3 10
10 11
3 12
12 13
13 14
14 15
15 16
15 17
15 18
12 19
19 20
20 21
21 22
21 23
21 24
12 25
25 26
26 27
27 28
27 29
27 30
25 31
31 32
32 33
31 34
34 35
35 36
34 37
25 38
38 39
39 40
25 41
41 42
42 43
43 44
44 45
44 46
44 47
47 48
48 49
47 50
47 51
51 52
51 53
53 54
51 55
55 56
51 57
57 58
47 59
59 60
59 61
61 62
59 63
63 64
59 65
65 66
66 67
65 68
41 69
69 70
70 71
71 72
70 73
73 74
69 75
75 76
76 77
77 78
78 79
77 80
80 81
75 82
82 83
83 84
84 85
83 86
86 87
87 88
86 89
89 90
90 91
91 92
92 93
91 94
89 95
12 96
96 97
97 98
98 99
97 100
97 101
101 102
97 103
103 104
104 105
103 106
106 107
1 108
108 109
108 110
108 111
108 112
112 113
113 114
112 115
108 116
116 117
116 118
108 119
119 120
119 121
108 122
108 123
123 124
124 125
125 126
126 127
127 128
128 129
127 130
126 131
131 132
132 133
131 134
134 135
135 136
134 137
125 138
138 139
139 140
140 141
139 142
139 143
143 144
138 145
145 146
146 147
145 148
145 149
149 150
124 151
151 152
152 153
153 154
154 155
151 156
156 157
157 158
158 159
123 160
160 161
161 162
162 163
163 164
162 165
165 166
161 167
