0 1
1 2
1 3
3 4
3 5
3 6
6 7
7 8
6 9
3 10
10 11
11 12
10 13
3 14
3 15
15 16
16 17
17 18
18 19
18 20
18 21
21 22
22 23
21 24
15 25
25 26
26 27
27 28
27 29
27 30
30 31
31 32
30 33
15 34
34 35
35 36
36 37
36 38
36 39
15 40
40 41
41 42
42 43
42 44
42 45
40 46
46 47
47 48
46 49
49 50
40 51
51 52
52 53
40 54
54 55
55 56
56 57
57 58
56 59
59 60
55 61
61 62
62 63
63 64
62 65
65 66
54 67
67 68
68 69
69 70
70 71
69 72
69 73
73 74
68 75
75 76
76 77
75 78
75 79
79 80
67 81
81 82
82 83
83 84
84 85
67 86
86 87
87 88
88 89
89 90
88 91
91 92
92 93
91 94
94 95
86 96
96 97
97 98
98 99
97 100
15 101
101 102
102 103
103 104
102 105
105 106
101 107
107 108
108 109
109 110
108 111
111 112
15 113
113 114
114 115
