0 1
1 2
1 3
3 4
3 5
3 6
6 7
7 8
6 9
3 10
10 11
11 12
10 13
3 14
3 15
15 16
16 17
17 18
18 19
19 20
18 21
17 22
22 23
23 24
22 25
16 26
26 27
27 28
15 29
29 30
30 31
31 32
32 33
31 34
31 35
35 36
36 37
15 38
38 39
39 40
40 41
40 42
40 43
38 44
44 45
45 46
44 47
47 48
48 49
47 50
38 51
51 52
52 53
38 54
54 55
55 56
56 57
57 58
58 59
57 60
56 61
61 62
62 63
61 64
55 65
65 66
66 67
67 68
66 69
66 70
54 71
71 72
72 73
73 74
72 75
72 76
76 77
77 78
76 79
76 80
80 81
54 82
82 83
83 84
84 85
85 86
84 87
83 88
83 89
89 90
82 91
91 92
92 93
93 94
94 95
93 96
96 97
97 98
96 99
92 100
15 101
101 102
102 103
103 104
104 105
105 106
104 107
103 108
103 109
109 110
102 111
102 112
112 113
