0 1
1 2
1 3
3 4
3 5
3 6
6 7
7 8
8 9
6 10
3 11
3 12
12 13
13 14
14 15
15 16
14 17
14 18
18 19
14 20
20 21
21 22
21 23
23 24
20 25
25 26
25 27
25 28
28 29
29 30
28 31
25 32
32 33
33 34
32 35
25 36
25 37
37 38
38 39
39 40
40 41
41 42
40 43
39 44
44 45
45 46
44 47
38 48
48 49
37 50
50 51
51 52
52 53
53 54
52 55
51 56
56 57
57 58
56 59
50 60
60 61
61 62
37 63
63 64
12 65
65 66
66 67
67 68
67 69
67 70
12 71
71 72
72 73
73 74
74 75
73 76
73 77
77 78
78 79
77 80
12 81
81 82
82 83
83 84
83 85
83 86
81 87
87 88
88 89
87 90
90 91
91 92
90 93
81 94
94 95
95 96
81 97
97 98
98 99
99 100
100 101
100 102
100 103
103 104
104 105
105 106
104 107
107 108
103 109
97 110
110 111
111 112
112 113
112 114
112 115
115 116
116 117
117 118
116 119
119 120
115 121
97 122
122 123
123 124
124 125
123 126
126 127
127 128
126 129
122 130
130 131
131 132
132 133
133 134
134 135
133 136
132 137
137 138
138 139
137 140
137 141
141 142
142 143
141 144
137 145
145 146
130 147
147 148
148 149
149 150
150 151
149 152
148 153
153 154
154 155
153 156
153 157
157 158
158 159
157 160
153 161
161 162
122 163
163 164
164 165
165 166
166 167
167 168
166 169
165 170
170 171
163 172
172 173
173 174
174 175
175 176
174 177
173 178
178 179
163 180
180 181
181 182
182 183
12 184
184 185
185 186
