0 1
1 2
1 3
3 4
3 5
3 6
6 7
7 8
8 9
6 10
3 11
3 12
12 13
13 14
14 15
15 16
14 17
14 18
18 19
14 20
20 21
21 22
21 23
20 24
24 25
24 26
20 27
27 28
28 29
29 30
30 31
29 32
29 33
33 34
34 35
33 36
29 37
37 38
38 39
37 40
12 41
41 42
42 43
43 44
43 45
43 46
12 47
47 48
48 49
49 50
49 51
49 52
52 53
53 54
54 55
53 56
52 57
12 58
58 59
59 60
60 61
60 62
60 63
58 64
64 65
65 66
64 67
67 68
68 69
67 70
58 71
71 72
72 73
58 74
74 75
75 76
76 77
77 78
77 79
77 80
80 81
81 82
82 83
81 84
84 85
80 86
74 87
87 88
88 89
89 90
89 91
89 92
92 93
93 94
94 95
93 96
96 97
92 98
74 99
99 100
100 101
101 102
100 103
103 104
99 105
105 106
74 107
107 108
108 109
109 110
108 111
111 112
74 113
113 114
114 115
115 116
12 117
117 118
118 119
