0 1
1 2
1 3
3 4
3 5
3 6
6 7
7 8
8 9
6 10
3 11
3 12
12 13
13 14
14 15
15 16
14 17
14 18
18 19
14 20
20 21
21 22
21 23
23 24
20 25
25 26
25 27
25 28
28 29
29 30
28 31
25 32
32 33
33 34
32 35
25 36
25 37
37 38
38 39
39 40
40 41
39 42
39 43
43 44
44 45
43 46
39 47
47 48
48 49
47 50
12 51
51 52
52 53
53 54
53 55
53 56
56 57
57 58
56 59
12 60
60 61
61 62
62 63
62 64
62 65
65 66
66 67
67 68
66 69
65 70
12 71
71 72
72 73
73 74
73 75
73 76
12 77
77 78
78 79
79 80
79 81
79 82
77 83
83 84
84 85
83 86
86 87
77 88
88 89
89 90
77 91
91 92
92 93
93 94
94 95
93 96
96 97
97 98
98 99
97 100
100 101
96 102
92 103
103 104
104 105
105 106
106 107
103 108
108 109
109 110
110 111
109 112
112 113
113 114
114 115
113 116
116 117
112 118
92 119
119 120
120 121
121 122
122 123
121 124
124 125
125 126
124 127
124 128
128 129
124 130
130 131
131 132
132 133
131 134
134 135
130 136
12 137
137 138
138 139
