0 1
1 2
1 3
3 4
3 5
3 6
6 7
7 8
8 9
6 10
3 11
3 12
12 13
13 14
14 15
15 16
14 17
14 18
18 19
14 20
20 21
21 22
21 23
20 24
24 25
24 26
20 27
27 28
28 29
29 30
30 31
31 32
30 33
29 34
34 35
35 36
34 37
28 38
38 39
39 40
27 41
41 42
42 43
43 44
44 45
43 46
42 47
47 48
48 49
47 50
41 51
51 52
27 53
53 54
12 55
55 56
56 57
57 58
57 59
57 60
60 61
61 62
62 63
61 64
60 65
12 66
66 67
67 68
68 69
68 70
68 71
12 72
72 73
73 74
74 75
74 76
74 77
72 78
78 79
79 80
78 81
81 82
82 83
81 84
72 85
85 86
86 87
72 88
88 89
89 90
90 91
91 92
90 93
93 94
94 95
95 96
94 97
97 98
93 99
89 100
88 101
101 102
102 103
103 104
88 105
105 106
106 107
107 108
106 109
109 110
110 111
111 112
110 113
113 114
109 115
12 116
116 117
117 118
