0 1
1 2
1 3
3 4
4 5
5 6
5 7
7 8
4 9
1 10
10 11
10 12
10 13
13 14
14 15
13 16
10 17
10 18
18 19
19 20
20 21
21 22
20 23
19 24
18 25
25 26
26 27
27 28
28 29
27 30
26 31
25 32
32 33
33 34
34 35
35 36
36 37
37 38
38 39
37 40
36 41
35 42
34 43
43 44
44 45
45 46
46 47
45 48
44 49
43 50
33 51
51 52
52 53
53 54
54 55
53 56
53 57
57 58
58 59
59 60
58 61
57 62
33 63
63 64
64 65
65 66
65 67
67 68
68 69
67 70
18 71
71 72
72 73
73 74
74 75
73 76
72 77
71 78
78 79
79 80
80 81
81 82
82 83
83 84
84 85
83 86
82 87
81 88
80 89
89 90
90 91
91 92
92 93
91 94
90 95
89 96
79 97
97 98
98 99
99 100
100 101
99 102
99 103
103 104
104 105
105 106
104 107
103 108
79 109
109 110
110 111
111 112
111 113
113 114
114 115
113 116
18 117
117 118
118 119
119 120
118 121
118 122
122 123
123 124
122 125
1 126
126 127
126 128
126 129
129 130
130 131
129 132
126 133
133 134
133 135
135 136
126 137
137 138
138 139
139 140
140 141
139 142
142 143
143 144
137 145
145 146
146 147
146 148
148 149
137 150
150 151
151 152
