0 1
1 2
1 3
3 4
3 5
3 6
6 7
7 8
6 9
3 10
3 11
11 12
12 13
13 14
14 15
14 16
14 17
17 18
17 19
19 20
11 21
21 22
22 23
23 24
23 25
23 26
26 27
26 28
28 29
11 30
30 31
31 32
32 33
31 34
34 35
30 36
36 37
37 38
38 39
39 40
39 41
41 42
42 43
41 44
41 45
41 46
46 47
38 48
30 49
49 50
50 51
51 52
52 53
52 54
54 55
54 56
56 57
57 58
56 59
51 60
60 61
60 62
62 63
63 64
62 65
1 66
66 67
66 68
66 69
69 70
70 71
69 72
66 73
66 74
74 75
75 76
76 77
77 78
77 79
77 80
74 81
81 82
82 83
83 84
82 85
81 86
86 87
87 88
88 89
89 90
88 91
91 92
92 93
91 94
86 95
95 96
96 97
97 98
74 99
99 100
100 101
1 102
102 103
102 104
102 105
105 106
106 107
105 108
102 109
102 110
110 111
111 112
112 113
113 114
113 115
113 116
110 117
117 118
118 119
119 120
118 121
117 122
122 123
123 124
124 125
125 126
124 127
127 128
128 129
127 130
122 131
131 132
132 133
133 134
110 135
135 136
136 137
