0 1
1 2
1 3
3 4
4 5
4 6
4 7
1 8
8 9
8 10
8 11
11 12
12 13
11 14
8 15
8 16
16 17
17 18
18 19
18 20
20 21
18 22
1 23
23 24
23 25
25 26
26 27
25 28
23 29
23 30
30 31
31 32
32 33
33 34
32 35
31 36
36 37
37 38
30 39
39 40
40 41
41 42
42 43
42 44
44 45
41 46
41 47
47 48
48 49
48 50
50 51
30 52
52 53
53 54
54 55
53 56
53 57
57 58
30 59
59 60
60 61
61 62
61 63
61 64
30 65
65 66
66 67
67 68
68 69
67 70
65 71
71 72
72 73
73 74
74 75
75 76
74 77
74 78
78 79
79 80
78 81
71 82
82 83
83 84
84 85
85 86
84 87
83 88
82 89
89 90
90 91
91 92
92 93
93 94
94 95
95 96
94 97
93 98
92 99
91 100
100 101
101 102
102 103
103 104
102 105
101 106
100 107
90 108
108 109
109 110
110 111
111 112
110 113
113 114
114 115
113 116
116 117
117 118
118 119
117 120
116 121
89 122
122 123
123 124
124 125
123 126
123 127
127 128
128 129
127 130
71 131
131 132
132 133
133 134
134 135
133 136
132 137
131 138
138 139
139 140
140 141
141 142
140 143
140 144
144 145
145 146
144 147
30 148
148 149
149 150
