0 1
1 2
1 3
3 4
3 5
5 6
6 7
7 8
6 9
3 10
10 11
11 12
12 13
11 14
3 15
15 16
15 17
17 18
18 19
17 20
15 21
21 22
22 23
21 24
15 25
25 26
26 27
27 28
28 29
28 30
27 31
31 32
25 33
33 34
34 35
35 36
35 37
34 38
38 39
1 40
40 41
40 42
40 43
43 44
44 45
43 46
40 47
40 48
48 49
49 50
50 51
51 52
52 53
53 54
52 55
51 56
50 57
57 58
58 59
59 60
58 61
57 62
49 63
63 64
48 65
65 66
66 67
67 68
68 69
68 70
70 71
67 72
67 73
73 74
74 75
48 76
76 77
77 78
78 79
78 80
78 81
48 82
82 83
83 84
84 85
83 86
83 87
87 88
88 89
87 90
90 91
87 92
92 93
48 94
94 95
95 96
96 97
97 98
96 99
95 100
94 101
101 102
102 103
103 104
104 105
104 106
104 107
107 108
108 109
107 110
101 111
111 112
112 113
113 114
113 115
113 116
111 117
117 118
118 119
117 120
120 121
111 122
122 123
123 124
111 125
125 126
126 127
127 128
128 129
129 130
128 131
128 132
132 133
133 134
132 135
125 136
136 137
137 138
138 139
139 140
138 141
137 142
137 143
143 144
144 145
145 146
146 147
147 148
146 149
145 150
144 151
143 152
152 153
153 154
154 155
153 156
152 157
125 158
158 159
159 160
160 161
161 162
162 163
163 164
164 165
163 166
162 167
161 168
168 169
169 170
168 171
160 172
172 173
173 174
174 175
175 176
174 177
173 178
172 179
159 180
180 181
181 182
182 183
183 184
182 185
181 186
180 187
158 188
188 189
189 190
190 191
189 192
192 193
193 194
194 195
193 196
192 197
125 198
198 199
199 200
200 201
201 202
202 203
201 204
200 205
199 206
198 207
207 208
208 209
209 210
208 211
208 212
212 213
213 214
212 215
215 216
216 217
217 218
216 219
215 220
212 221
221 222
222 223
221 224
125 225
225 226
226 227
227 228
228 229
229 230
228 231
227 232
226 233
225 234
234 235
235 236
236 237
235 238
235 239
239 240
240 241
239 242
242 243
243 244
244 245
243 246
242 247
239 248
248 249
249 250
248 251
48 252
252 253
253 254
