0 1
1 2
1 3
3 4
4 5
4 6
4 7
1 8
8 9
8 10
8 11
11 12
12 13
11 14
8 15
15 16
15 17
8 18
8 19
19 20
20 21
21 22
22 23
22 24
24 25
22 26
26 27
21 28
1 29
29 30
29 31
29 32
32 33
33 34
32 35
29 36
36 37
36 38
29 39
39 40
29 41
41 42
42 43
43 44
44 45
43 46
42 47
47 48
48 49
41 50
50 51
51 52
52 53
53 54
52 55
52 56
56 57
56 58
58 59
59 60
58 61
56 62
62 63
41 64
64 65
65 66
66 67
65 68
64 69
69 70
70 71
71 72
41 73
73 74
74 75
75 76
41 77
77 78
78 79
79 80
78 81
81 82
77 83
83 84
84 85
85 86
41 87
87 88
88 89
88 90
90 91
91 92
90 93
88 94
94 95
