0 1
1 2
1 3
3 4
3 5
3 6
6 7
7 8
6 9
3 10
3 11
11 12
12 13
13 14
14 15
15 16
16 17
15 18
14 19
13 20
20 21
21 22
22 23
21 24
20 25
12 26
26 27
11 28
28 29
29 30
30 31
30 32
30 33
33 34
34 35
33 36
11 37
37 38
38 39
39 40
39 41
39 42
11 43
43 44
44 45
45 46
45 47
45 48
43 49
49 50
50 51
49 52
52 53
53 54
52 55
43 56
56 57
57 58
43 59
59 60
60 61
61 62
62 63
61 64
64 65
65 66
64 67
64 68
68 69
64 70
70 71
71 72
70 73
73 74
59 75
75 76
76 77
77 78
78 79
77 80
80 81
81 82
82 83
81 84
80 85
76 86
86 87
87 88
88 89
87 90
90 91
86 92
92 93
93 94
92 95
95 96
96 97
95 98
75 99
99 100
100 101
101 102
102 103
101 104
104 105
105 106
106 107
105 108
108 109
104 110
110 111
99 112
112 113
113 114
114 115
113 116
116 117
117 118
116 119
119 120
120 121
119 122
59 123
123 124
124 125
125 126
126 127
125 128
128 129
129 130
130 131
129 132
128 133
124 134
134 135
135 136
136 137
135 138
138 139
134 140
140 141
141 142
140 143
143 144
144 145
143 146
123 147
147 148
148 149
149 150
150 151
149 152
152 153
153 154
154 155
153 156
156 157
152 158
158 159
11 160
160 161
161 162
