0 1
1 2
1 3
3 4
3 5
3 6
6 7
7 8
6 9
3 10
3 11
11 12
12 13
13 14
14 15
14 16
14 17
17 18
18 19
17 20
11 21
21 22
22 23
23 24
24 25
25 26
23 27
23 28
28 29
28 30
30 31
31 32
28 33
33 34
11 35
35 36
36 37
37 38
38 39
37 40
35 41
41 42
35 43
43 44
44 45
45 46
46 47
45 48
45 49
49 50
45 51
51 52
11 53
53 54
54 55
54 56
54 57
54 58
58 59
54 60
60 61
54 62
62 63
1 64
64 65
64 66
64 67
67 68
67 69
64 70
70 71
70 72
64 73
73 74
73 75
64 76
76 77
77 78
76 79
64 80
80 81
81 82
82 83
80 84
64 85
64 86
86 87
87 88
88 89
89 90
88 91
91 92
87 93
93 94
94 95
86 96
96 97
97 98
98 99
99 100
100 101
99 102
102 103
98 104
104 105
97 106
106 107
96 108
108 109
109 110
110 111
111 112
112 113
111 114
114 115
110 116
116 117
86 118
118 119
119 120
120 121
120 122
120 123
86 124
124 125
125 126
126 127
125 128
124 129
129 130
130 131
131 132
132 133
131 134
134 135
135 136
134 137
134 138
138 139
139 140
140 141
141 142
140 143
143 144
138 145
145 146
145 147
147 148
148 149
147 150
145 151
145 152
152 153
145 154
154 155
145 156
156 157
134 158
158 159
158 160
160 161
161 162
160 163
158 164
158 165
165 166
158 167
167 168
158 169
169 170
124 171
171 172
172 173
173 174
174 175
173 176
176 177
177 178
176 179
176 180
180 181
181 182
182 183
181 184
184 185
180 186
186 187
186 188
188 189
189 190
188 191
186 192
186 193
193 194
186 195
195 196
186 197
197 198
176 199
199 200
199 201
201 202
202 203
201 204
199 205
199 206
206 207
199 208
208 209
199 210
210 211
86 212
212 213
213 214
214 215
215 216
216 217
215 218
218 219
214 220
220 221
213 222
222 223
86 224
224 225
225 226
