0 1
1 2
1 3
3 4
3 5
3 6
6 7
7 8
6 9
3 10
10 11
11 12
10 13
3 14
3 15
15 16
16 17
17 18
18 19
18 20
20 21
21 22
20 23
20 24
18 25
15 26
26 27
27 28
28 29
28 30
30 31
31 32
30 33
30 34
28 35
15 36
36 37
37 38
38 39
39 40
38 41
37 42
42 43
43 44
42 45
36 46
46 47
47 48
15 49
49 50
50 51
51 52
52 53
52 54
54 55
52 56
56 57
51 58
51 59
59 60
60 61
60 62
62 63
60 64
64 65
15 66
66 67
67 68
68 69
69 70
69 71
71 72
69 73
73 74
68 75
68 76
76 77
77 78
77 79
79 80
77 81
81 82
15 83
83 84
84 85
85 86
86 87
85 88
83 89
89 90
83 91
91 92
92 93
93 94
94 95
95 96
94 97
94 98
98 99
92 100
100 101
101 102
102 103
103 104
102 105
102 106
106 107
102 108
108 109
109 110
108 111
15 112
112 113
113 114
114 115
115 116
114 117
112 118
118 119
112 120
120 121
121 122
122 123
123 124
124 125
123 126
123 127
127 128
121 129
129 130
130 131
131 132
132 133
131 134
131 135
135 136
131 137
137 138
138 139
137 140
15 141
141 142
142 143
143 144
144 145
143 146
143 147
147 148
147 149
149 150
150 151
151 152
150 153
15 154
154 155
155 156
156 157
156 158
156 159
154 160
160 161
161 162
160 163
163 164
164 165
163 166
154 167
167 168
168 169
154 170
170 171
171 172
172 173
173 174
174 175
173 176
176 177
172 178
178 179
179 180
178 181
178 182
182 183
183 184
182 185
185 186
15 187
187 188
188 189
189 190
190 191
189 192
189 193
193 194
193 195
195 196
196 197
197 198
196 199
15 200
200 201
201 202
202 203
202 204
202 205
200 206
206 207
207 208
206 209
209 210
210 211
209 212
200 213
213 214
214 215
200 216
216 217
217 218
218 219
219 220
220 221
219 222
222 223
218 224
224 225
225 226
224 227
224 228
228 229
229 230
228 231
231 232
15 233
233 234
234 235
235 236
234 237
234 238
238 239
234 240
240 241
