0 1
1 2
1 3
3 4
3 5
3 6
6 7
7 8
6 9
3 10
10 11
11 12
10 13
3 14
3 15
15 16
16 17
17 18
18 19
19 20
19 21
21 22
19 23
23 24
18 25
18 26
26 27
27 28
15 29
29 30
30 31
31 32
32 33
32 34
34 35
32 36
36 37
31 38
31 39
39 40
40 41
15 42
42 43
43 44
44 45
45 46
46 47
44 48
44 49
49 50
50 51
49 52
49 53
15 54
54 55
55 56
56 57
56 58
56 59
59 60
60 61
59 62
15 63
63 64
64 65
65 66
64 67
67 68
68 69
67 70
63 71
71 72
72 73
15 74
74 75
75 76
76 77
76 78
76 79
74 80
80 81
81 82
80 83
83 84
74 85
85 86
86 87
74 88
88 89
89 90
90 91
91 92
91 93
91 94
94 95
95 96
94 97
94 98
98 99
88 100
100 101
101 102
102 103
103 104
102 105
102 106
106 107
107 108
106 109
109 110
88 111
111 112
112 113
113 114
112 115
112 116
116 117
111 118
118 119
119 120
120 121
121 122
122 123
123 124
122 125
122 126
126 127
121 128
121 129
129 130
119 131
131 132
132 133
111 134
134 135
135 136
136 137
137 138
136 139
136 140
140 141
136 142
142 143
88 144
144 145
145 146
146 147
145 148
145 149
149 150
144 151
151 152
152 153
153 154
154 155
155 156
156 157
155 158
155 159
159 160
154 161
154 162
162 163
152 164
164 165
165 166
144 167
167 168
168 169
169 170
170 171
169 172
169 173
173 174
169 175
175 176
15 177
177 178
