0 1
1 2
1 3
3 4
3 5
3 6
6 7
7 8
6 9
3 10
10 11
11 12
10 13
3 14
3 15
15 16
16 17
17 18
18 19
19 20
19 21
21 22
19 23
23 24
18 25
18 26
26 27
27 28
15 29
29 30
30 31
31 32
32 33
32 34
34 35
32 36
36 37
31 38
31 39
39 40
40 41
15 42
42 43
43 44
44 45
45 46
46 47
44 48
44 49
49 50
50 51
49 52
49 53
15 54
54 55
55 56
56 57
57 58
56 59
55 60
60 61
61 62
60 63
54 64
64 65
65 66
15 67
67 68
68 69
69 70
69 71
69 72
67 73
73 74
74 75
73 76
76 77
77 78
76 79
67 80
80 81
81 82
67 83
83 84
84 85
85 86
86 87
86 88
86 89
89 90
90 91
89 92
89 93
93 94
83 95
95 96
96 97
97 98
98 99
99 100
98 101
98 102
102 103
103 104
102 105
105 106
96 107
107 108
108 109
109 110
108 111
108 112
112 113
95 114
114 115
115 116
116 117
117 118
116 119
116 120
120 121
121 122
120 123
123 124
116 125
125 126
114 127
127 128
128 129
129 130
128 131
128 132
132 133
128 134
134 135
135 136
134 137
137 138
95 139
139 140
140 141
141 142
142 143
141 144
141 145
145 146
146 147
145 148
148 149
140 150
150 151
151 152
152 153
153 154
154 155
153 156
153 157
157 158
158 159
157 160
160 161
152 162
162 163
151 164
164 165
165 166
139 167
167 168
168 169
169 170
168 171
168 172
172 173
167 174
174 175
175 176
176 177
177 178
178 179
179 180
178 181
178 182
182 183
177 184
177 185
185 186
186 187
185 188
188 189
175 190
190 191
191 192
15 193
193 194
