0 1
1 2
1 3
3 4
3 5
3 6
6 7
7 8
6 9
3 10
10 11
11 12
10 13
3 14
3 15
15 16
16 17
17 18
18 19
19 20
20 21
18 22
18 23
23 24
24 25
23 26
23 27
15 28
28 29
29 30
30 31
30 32
30 33
33 34
34 35
33 36
15 37
37 38
38 39
39 40
40 41
39 42
38 43
43 44
44 45
43 46
37 47
47 48
15 49
49 50
50 51
51 52
51 53
51 54
49 55
55 56
56 57
55 58
58 59
59 60
58 61
49 62
62 63
63 64
49 65
65 66
66 67
67 68
68 69
68 70
68 71
71 72
72 73
71 74
71 75
75 76
65 77
77 78
78 79
79 80
80 81
79 82
79 83
83 84
84 85
83 86
86 87
65 88
88 89
89 90
90 91
90 92
90 93
93 94
94 95
93 96
88 97
97 98
98 99
97 100
100 101
88 102
102 103
103 104
88 105
105 106
106 107
107 108
108 109
109 110
108 111
108 112
112 113
107 114
114 115
106 116
116 117
117 118
118 119
119 120
120 121
119 122
119 123
123 124
124 125
123 126
126 127
117 128
128 129
105 130
130 131
131 132
132 133
133 134
132 135
135 136
131 137
131 138
138 139
130 140
140 141
141 142
142 143
143 144
144 145
143 146
143 147
147 148
142 149
149 150
141 151
151 152
15 153
153 154
