0 1
1 2
1 3
3 4
3 5
3 6
6 7
7 8
8 9
6 10
3 11
11 12
3 13
13 14
14 15
15 16
16 17
17 18
16 19
16 20
20 21
21 22
13 23
23 24
24 25
25 26
26 27
25 28
25 29
29 30
13 31
31 32
32 33
33 34
33 35
33 36
13 37
37 38
38 39
39 40
40 41
39 42
37 43
43 44
37 45
45 46
46 47
47 48
46 49
45 50
50 51
51 52
52 53
13 54
54 55
55 56
56 57
57 58
58 59
56 60
56 61
61 62
62 63
61 64
64 65
65 66
13 67
67 68
68 69
69 70
69 71
69 72
72 73
73 74
72 75
13 76
76 77
77 78
78 79
79 80
78 81
76 82
82 83
76 84
84 85
85 86
86 87
85 88
84 89
89 90
90 91
91 92
92 93
93 94
92 95
95 96
96 97
91 98
98 99
89 100
100 101
101 102
101 103
103 104
101 105
105 106
101 107
107 108
108 109
107 110
13 111
111 112
112 113
113 114
113 115
113 116
116 117
117 118
116 119
13 120
120 121
121 122
122 123
121 124
120 125
125 126
126 127
127 128
128 129
129 130
128 131
128 132
132 133
133 134
132 135
125 136
136 137
137 138
138 139
139 140
138 141
137 142
142 143
125 144
144 145
145 146
146 147
145 148
148 149
125 150
150 151
151 152
152 153
153 154
154 155
153 156
152 157
151 158
150 159
159 160
160 161
161 162
161 163
163 164
161 165
161 166
166 167
167 168
150 169
169 170
170 171
171 172
172 173
171 174
170 175
175 176
176 177
177 178
176 179
175 180
125 181
181 182
182 183
182 184
184 185
182 186
182 187
187 188
13 189
189 190
190 191
191 192
190 193
1 194
194 195
194 196
194 197
197 198
198 199
199 200
197 201
194 202
202 203
202 204
194 205
205 206
205 207
194 208
194 209
209 210
210 211
211 212
212 213
212 214
212 215
215 216
216 217
216 218
218 219
215 220
209 221
221 222
222 223
223 224
223 225
223 226
226 227
227 228
227 229
229 230
226 231
209 232
232 233
233 234
234 235
234 236
234 237
237 238
209 239
239 240
240 241
241 242
242 243
241 244
244 245
240 246
246 247
247 248
248 249
249 250
248 251
251 252
247 253
246 254
254 255
255 256
256 257
255 258
258 259
254 260
239 261
261 262
262 263
263 264
262 265
265 266
209 267
267 268
268 269
269 270
270 271
269 272
272 273
268 274
274 275
275 276
276 277
277 278
276 279
279 280
275 281
274 282
282 283
283 284
284 285
283 286
286 287
282 288
267 289
289 290
290 291
291 292
290 293
293 294
209 295
295 296
296 297
297 298
296 299
299 300
295 301
301 302
302 303
303 304
303 305
305 306
303 307
307 308
303 309
309 310
301 311
311 312
312 313
312 314
314 315
312 316
316 317
312 318
318 319
1 320
320 321
320 322
320 323
323 324
324 325
325 326
323 327
320 328
328 329
328 330
320 331
331 332
331 333
320 334
320 335
335 336
336 337
337 338
338 339
339 340
338 341
338 342
342 343
343 344
342 345
345 346
335 347
347 348
348 349
349 350
350 351
349 352
352 353
348 354
354 355
355 356
354 357
357 358
335 359
359 360
360 361
361 362
362 363
361 364
364 365
360 366
366 367
