0 1
1 2
1 3
3 4
3 5
3 6
6 7
7 8
8 9
6 10
3 11
11 12
3 13
13 14
14 15
15 16
16 17
17 18
16 19
15 20
20 21
21 22
22 23
21 24
20 25
14 26
26 27
13 28
28 29
29 30
30 31
31 32
31 33
33 34
30 35
30 36
36 37
37 38
36 39
39 40
40 41
40 42
39 43
43 44
43 45
39 46
46 47
47 48
48 49
49 50
50 51
49 52
47 53
53 54
54 55
55 56
54 57
13 58
58 59
59 60
60 61
61 62
60 63
60 64
64 65
65 66
64 67
13 68
68 69
69 70
70 71
71 72
70 73
70 74
74 75
13 76
76 77
77 78
78 79
79 80
78 81
76 82
82 83
76 84
84 85
85 86
86 87
87 88
86 89
85 90
90 91
91 92
92 93
91 94
91 95
95 96
13 97
97 98
98 99
99 100
100 101
99 102
97 103
103 104
104 105
105 106
106 107
107 108
106 109
105 110
110 111
111 112
110 113
103 114
114 115
115 116
116 117
115 118
118 119
119 120
118 121
103 122
122 123
123 124
124 125
125 126
124 127
123 128
122 129
129 130
130 131
131 132
130 133
130 134
134 135
135 136
134 137
13 138
138 139
139 140
140 141
139 142
