0 1
1 2
1 3
3 4
3 5
3 6
6 7
7 8
6 9
3 10
3 11
11 12
12 13
13 14
14 15
14 16
14 17
17 18
18 19
17 20
11 21
21 22
22 23
23 24
23 25
23 26
26 27
22 28
28 29
28 30
28 31
31 32
11 33
33 34
34 35
35 36
35 37
33 38
38 39
33 40
40 41
41 42
42 43
43 44
42 45
45 46
41 47
47 48
48 49
49 50
50 51
49 52
52 53
47 54
54 55
55 56
56 57
55 58
58 59
47 60
60 61
61 62
62 63
61 64
64 65
41 66
66 67
67 68
68 69
69 70
68 71
71 72
67 73
73 74
74 75
73 76
76 77
66 78
78 79
79 80
80 81
81 82
80 83
83 84
78 85
85 86
86 87
87 88
86 89
89 90
66 91
91 92
92 93
93 94
94 95
93 96
96 97
92 98
98 99
99 100
98 101
101 102
91 103
103 104
104 105
105 106
106 107
105 108
108 109
11 110
110 111
111 112
112 113
113 114
114 115
113 116
116 117
117 118
116 119
111 120
120 121
120 122
122 123
111 124
124 125
124 126
126 127
