0 1
1 2
1 3
3 4
3 5
3 6
6 7
7 8
6 9
3 10
3 11
11 12
12 13
13 14
14 15
13 16
13 17
17 18
11 19
19 20
20 21
21 22
22 23
22 24
24 25
21 26
21 27
27 28
28 29
11 30
30 31
31 32
32 33
32 34
32 35
30 36
36 37
37 38
36 39
39 40
40 41
39 42
30 43
43 44
44 45
30 46
46 47
47 48
48 49
49 50
50 51
51 52
50 53
50 54
54 55
55 56
54 57
57 58
47 59
59 60
60 61
61 62
62 63
61 64
61 65
65 66
66 67
65 68
68 69
11 70
70 71
71 72
72 73
73 74
72 75
71 76
70 77
77 78
78 79
79 80
80 81
81 82
80 83
80 84
11 85
85 86
86 87
87 88
88 89
87 90
86 91
85 92
92 93
93 94
94 95
95 96
96 97
95 98
95 99
11 100
100 101
101 102
102 103
103 104
102 105
101 106
100 107
107 108
108 109
109 110
110 111
111 112
110 113
110 114
11 115
115 116
116 117
117 118
116 119
116 120
120 121
121 122
122 123
121 124
120 125
