0 1
1 2
1 3
3 4
3 5
3 6
6 7
7 8
6 9
3 10
10 11
10 12
3 13
13 14
13 15
15 16
15 17
17 18
3 19
19 20
20 21
21 22
22 23
22 24
22 25
25 26
26 27
25 28
19 29
29 30
30 31
31 32
32 33
32 34
34 35
34 36
36 37
31 38
31 39
39 40
40 41
19 42
42 43
43 44
44 45
45 46
45 47
47 48
44 49
44 50
50 51
51 52
19 53
53 54
54 55
55 56
56 57
56 58
58 59
58 60
60 61
55 62
55 63
63 64
64 65
19 66
66 67
67 68
68 69
67 70
67 71
71 72
19 73
73 74
74 75
74 76
74 77
77 78
74 79
79 80
74 81
81 82
74 83
83 84
74 85
85 86
19 87
87 88
88 89
89 90
88 91
91 92
1 93
93 94
93 95
93 96
93 97
97 98
97 99
93 100
100 101
100 102
93 103
103 104
104 105
103 106
93 107
107 108
107 109
93 110
110 111
111 112
111 113
113 114
110 115
93 116
116 117
117 118
117 119
119 120
119 121
121 122
116 123
93 124
93 125
125 126
126 127
127 128
128 129
127 130
130 131
126 132
132 133
133 134
134 135
135 136
134 137
133 138
138 139
139 140
140 141
141 142
140 143
140 144
144 145
145 146
144 147
147 148
132 149
125 150
150 151
151 152
152 153
151 154
151 155
155 156
156 157
155 158
158 159
125 160
160 161
161 162
161 163
163 164
164 165
163 166
161 167
167 168
168 169
167 170
170 171
171 172
170 173
173 174
161 175
175 176
161 177
177 178
161 179
179 180
161 181
181 182
125 183
183 184
184 185
185 186
184 187
184 188
188 189
189 190
190 191
189 192
188 193
125 194
194 195
195 196
195 197
197 198
198 199
197 200
195 201
201 202
195 203
203 204
195 205
205 206
195 207
207 208
195 209
209 210
0 211
211 212
211 213
213 214
213 215
213 216
216 217
217 218
216 219
213 220
220 221
220 222
213 223
223 224
223 225
225 226
225 227
227 228
213 229
229 230
230 231
231 232
232 233
232 234
232 235
235 236
236 237
235 238
229 239
239 240
240 241
241 242
242 243
242 244
244 245
244 246
246 247
241 248
241 249
249 250
250 251
229 252
252 253
253 254
254 255
255 256
255 257
257 258
254 259
254 260
260 261
261 262
229 263
263 264
264 265
265 266
264 267
264 268
268 269
229 270
270 271
271 272
271 273
271 274
274 275
271 276
276 277
271 278
278 279
271 280
280 281
271 282
282 283
229 284
284 285
285 286
211 287
287 288
287 289
287 290
287 291
291 292
291 293
287 294
294 295
294 296
287 297
297 298
298 299
297 300
287 301
301 302
301 303
287 304
304 305
305 306
305 307
307 308
304 309
287 310
310 311
311 312
311 313
313 314
313 315
315 316
310 317
287 318
287 319
319 320
320 321
321 322
322 323
321 324
320 325
325 326
326 327
327 328
328 329
327 330
327 331
331 332
332 333
331 334
334 335
325 336
319 337
337 338
338 339
339 340
339 341
339 342
342 343
337 344
344 345
345 346
344 347
347 348
337 349
349 350
350 351
337 352
352 353
353 354
354 355
355 356
356 357
355 358
358 359
354 360
360 361
361 362
362 363
361 364
364 365
360 366
366 367
367 368
366 369
369 370
370 371
369 372
353 373
373 374
352 375
375 376
376 377
377 378
378 379
377 380
380 381
376 382
382 383
375 384
384 385
352 386
386 387
387 388
388 389
387 390
387 391
391 392
392 393
391 394
394 395
352 396
396 397
397 398
397 399
399 400
400 401
399 402
397 403
403 404
404 405
403 406
406 407
407 408
406 409
409 410
397 411
411 412
397 413
413 414
397 415
415 416
397 417
417 418
352 419
419 420
420 421
421 422
420 423
420 424
424 425
425 426
426 427
425 428
424 429
