0 1
1 2
1 3
3 4
3 5
3 6
3 7
7 8
8 9
7 10
3 11
11 12
11 13
3 14
14 15
14 16
3 17
17 18
18 19
18 20
20 21
17 22
3 23
23 24
24 25
24 26
26 27
26 28
28 29
23 30
3 31
3 32
32 33
33 34
34 35
35 36
36 37
35 38
38 39
39 40
38 41
34 42
42 43
43 44
42 45
33 46
46 47
47 48
48 49
49 50
48 51
47 52
52 53
53 54
54 55
55 56
54 57
54 58
58 59
59 60
58 61
61 62
46 63
32 64
64 65
65 66
66 67
66 68
66 69
69 70
64 71
71 72
72 73
71 74
74 75
75 76
74 77
64 78
78 79
79 80
64 81
81 82
82 83
83 84
84 85
85 86
84 87
87 88
83 89
89 90
90 91
91 92
90 93
93 94
89 95
95 96
96 97
95 98
98 99
99 100
98 101
82 102
81 103
103 104
104 105
105 106
104 107
107 108
108 109
107 110
110 111
103 112
81 113
113 114
114 115
115 116
114 117
114 118
118 119
119 120
118 121
121 122
81 123
123 124
124 125
124 126
126 127
124 128
128 129
129 130
128 131
124 132
132 133
133 134
132 135
135 136
136 137
135 138
138 139
124 140
140 141
124 142
142 143
81 144
144 145
145 146
146 147
145 148
145 149
149 150
150 151
151 152
150 153
149 154
1 155
155 156
155 157
155 158
158 159
159 160
158 161
155 162
162 163
162 164
155 165
165 166
165 167
167 168
167 169
169 170
155 171
171 172
172 173
173 174
174 175
175 176
175 177
177 178
177 179
179 180
174 181
174 182
182 183
183 184
171 185
185 186
186 187
187 188
188 189
188 190
190 191
187 192
187 193
193 194
194 195
171 196
196 197
197 198
198 199
197 200
197 201
201 202
171 203
203 204
204 205
204 206
206 207
204 208
204 209
209 210
204 211
211 212
204 213
213 214
171 215
215 216
216 217
