0 1
1 2
1 3
3 4
3 5
3 6
6 7
6 8
3 9
9 10
9 11
3 12
12 13
12 14
14 15
14 16
16 17
3 18
18 19
19 20
20 21
21 22
22 23
22 24
24 25
24 26
26 27
21 28
21 29
29 30
30 31
18 32
32 33
33 34
33 35
35 36
33 37
37 38
38 39
38 40
40 41
33 42
42 43
33 44
33 45
45 46
18 47
47 48
48 49
1 50
50 51
50 52
50 53
53 54
54 55
54 56
56 57
56 58
58 59
53 60
50 61
61 62
62 63
62 64
64 65
61 66
50 67
67 68
67 69
50 70
70 71
70 72
50 73
73 74
73 75
50 76
50 77
77 78
78 79
79 80
80 81
81 82
82 83
81 84
80 85
85 86
79 87
87 88
88 89
87 90
78 91
91 92
92 93
93 94
94 95
93 96
93 97
97 98
98 99
98 100
100 101
97 102
102 103
91 104
77 105
105 106
106 107
107 108
107 109
107 110
110 111
105 112
112 113
113 114
112 115
105 116
116 117
117 118
105 119
119 120
120 121
121 122
122 123
121 124
121 125
125 126
119 127
127 128
128 129
128 130
130 131
128 132
132 133
128 134
134 135
128 136
136 137
137 138
136 139
128 140
140 141
141 142
140 143
143 144
119 145
145 146
146 147
147 148
146 149
146 150
150 151
151 152
152 153
151 154
150 155
