0 1
1 2
1 3
3 4
3 5
3 6
6 7
7 8
6 9
3 10
10 11
10 12
3 13
13 14
14 15
14 16
16 17
16 18
18 19
13 20
3 21
21 22
22 23
22 24
24 25
21 26
3 27
27 28
27 29
3 30
30 31
30 32
3 33
3 34
34 35
35 36
36 37
37 38
36 39
39 40
35 41
35 42
42 43
43 44
44 45
43 46
46 47
42 48
48 49
49 50
50 51
51 52
52 53
52 54
54 55
51 56
51 57
57 58
58 59
57 60
60 61
48 62
62 63
63 64
64 65
63 66
63 67
48 68
68 69
69 70
70 71
71 72
70 73
70 74
74 75
68 76
76 77
77 78
78 79
77 80
77 81
81 82
48 83
42 84
84 85
85 86
86 87
87 88
87 89
87 90
90 91
85 92
92 93
93 94
92 95
95 96
96 97
95 98
85 99
99 100
100 101
85 102
102 103
103 104
104 105
105 106
106 107
105 108
108 109
104 110
110 111
111 112
112 113
111 114
114 115
115 116
114 117
110 118
118 119
119 120
118 121
121 122
103 123
102 124
124 125
125 126
126 127
125 128
125 129
129 130
130 131
129 132
132 133
102 134
134 135
135 136
136 137
135 138
138 139
139 140
138 141
141 142
102 143
143 144
144 145
144 146
146 147
144 148
148 149
144 150
150 151
144 152
152 153
144 154
154 155
144 156
156 157
157 158
156 159
102 160
160 161
161 162
162 163
161 164
164 165
165 166
164 167
167 168
102 169
169 170
170 171
171 172
170 173
170 174
174 175
175 176
176 177
175 178
174 179
1 180
180 181
180 182
180 183
183 184
184 185
183 186
180 187
187 188
187 189
180 190
190 191
190 192
192 193
192 194
194 195
180 196
196 197
197 198
198 199
199 200
198 201
198 202
202 203
196 204
204 205
205 206
206 207
207 208
207 209
209 210
209 211
211 212
206 213
206 214
214 215
215 216
196 217
217 218
218 219
219 220
220 221
220 222
222 223
219 224
219 225
225 226
226 227
196 228
228 229
229 230
229 231
231 232
229 233
233 234
229 235
235 236
229 237
237 238
229 239
229 240
196 241
241 242
242 243
