0 1
1 2
1 3
3 4
3 5
3 6
3 7
7 8
7 9
3 10
10 11
10 12
3 13
13 14
14 15
13 16
3 17
17 18
18 19
18 20
20 21
17 22
3 23
23 24
24 25
24 26
26 27
26 28
28 29
23 30
3 31
3 32
32 33
33 34
34 35
35 36
34 37
33 38
38 39
39 40
40 41
41 42
40 43
40 44
44 45
45 46
44 47
47 48
38 49
32 50
50 51
51 52
52 53
52 54
52 55
55 56
50 57
57 58
58 59
57 60
60 61
61 62
60 63
50 64
64 65
65 66
50 67
67 68
68 69
69 70
70 71
71 72
70 73
73 74
69 75
75 76
76 77
77 78
76 79
79 80
75 81
81 82
82 83
81 84
84 85
85 86
84 87
68 88
67 89
89 90
90 91
91 92
92 93
91 94
94 95
90 96
96 97
89 98
67 99
99 100
100 101
101 102
100 103
100 104
104 105
105 106
104 107
107 108
67 109
109 110
110 111
110 112
112 113
113 114
112 115
110 116
116 117
117 118
116 119
119 120
120 121
119 122
122 123
110 124
124 125
110 126
126 127
110 128
128 129
67 130
130 131
131 132
132 133
131 134
131 135
135 136
136 137
137 138
136 139
135 140
1 141
141 142
141 143
141 144
141 145
145 146
146 147
145 148
141 149
149 150
149 151
141 152
152 153
152 154
154 155
154 156
156 157
141 158
158 159
159 160
160 161
161 162
162 163
162 164
164 165
164 166
166 167
161 168
161 169
169 170
170 171
158 172
172 173
173 174
174 175
173 176
173 177
177 178
158 179
179 180
180 181
180 182
180 183
183 184
180 185
185 186
180 187
187 188
188 189
180 190
190 191
158 192
192 193
193 194
