0 1
1 2
1 3
3 4
3 5
3 6
6 7
7 8
6 9
3 10
10 11
10 12
3 13
13 14
13 15
15 16
15 17
17 18
3 19
19 20
20 21
21 22
22 23
22 24
24 25
24 26
26 27
21 28
28 29
29 30
30 31
30 32
32 33
32 34
34 35
29 36
29 37
21 38
38 39
38 40
38 41
41 42
41 43
38 44
44 45
44 46
46 47
38 48
48 49
49 50
50 51
48 52
52 53
53 54
54 55
53 56
53 57
57 58
21 59
59 60
59 61
59 62
59 63
63 64
64 65
65 66
63 67
67 68
68 69
69 70
68 71
21 72
72 73
72 74
72 75
72 76
76 77
77 78
78 79
79 80
78 81
77 82
76 83
83 84
84 85
85 86
84 87
84 88
88 89
76 90
90 91
91 92
92 93
93 94
93 95
95 96
93 97
97 98
92 99
92 100
100 101
101 102
76 103
103 104
104 105
105 106
105 107
103 108
108 109
103 110
110 111
111 112
112 113
113 114
112 115
112 116
116 117
112 118
118 119
119 120
120 121
119 122
119 123
123 124
119 125
118 126
76 127
127 128
128 129
129 130
130 131
130 132
132 133
129 134
129 135
135 136
136 137
76 138
138 139
139 140
140 141
139 142
139 143
143 144
144 145
144 146
143 147
147 148
147 149
143 150
150 151
151 152
152 153
151 154
151 155
155 156
155 157
155 158
158 159
159 160
158 161
161 162
76 163
163 164
164 165
165 166
166 167
166 168
168 169
168 170
170 171
165 172
165 173
173 174
174 175
76 176
176 177
177 178
177 179
179 180
177 181
177 182
182 183
177 184
184 185
185 186
177 187
177 188
188 189
76 190
190 191
191 192
192 193
191 194
194 195
195 196
194 197
197 198
1 199
199 200
199 201
199 202
202 203
203 204
203 205
205 206
202 207
199 208
208 209
208 210
199 211
211 212
211 213
199 214
214 215
215 216
215 217
217 218
214 219
199 220
220 221
220 222
199 223
223 224
224 225
224 226
226 227
226 228
228 229
223 230
199 231
199 232
232 233
233 234
234 235
235 236
234 237
237 238
233 239
239 240
240 241
241 242
242 243
241 244
241 245
245 246
246 247
245 248
248 249
239 250
232 251
251 252
252 253
253 254
253 255
253 256
256 257
251 258
258 259
259 260
258 261
261 262
262 263
261 264
251 265
265 266
266 267
251 268
268 269
269 270
270 271
271 272
272 273
271 274
271 275
275 276
276 277
275 278
275 279
279 280
268 281
281 282
282 283
283 284
284 285
283 286
282 287
281 288
268 289
289 290
290 291
291 292
292 293
291 294
294 295
295 296
294 297
290 298
298 299
289 300
268 301
301 302
302 303
303 304
302 305
302 306
306 307
307 308
306 309
268 310
310 311
311 312
312 313
313 314
312 315
268 316
316 317
317 318
317 319
319 320
317 321
321 322
317 323
323 324
317 325
325 326
317 327
327 328
328 329
327 330
330 331
331 332
330 333
317 334
334 335
268 336
336 337
337 338
338 339
337 340
337 341
341 342
342 343
343 344
342 345
341 346
268 347
347 348
348 349
349 350
350 351
349 352
