0 1
1 2
1 3
3 4
3 5
3 6
6 7
7 8
6 9
3 10
10 11
10 12
3 13
13 14
13 15
15 16
15 17
17 18
3 19
19 20
20 21
21 22
22 23
21 24
21 25
25 26
19 27
27 28
28 29
29 30
30 31
30 32
32 33
32 34
34 35
29 36
29 37
37 38
38 39
19 40
40 41
41 42
41 43
41 44
44 45
41 46
46 47
41 48
48 49
41 50
50 51
51 52
19 53
53 54
54 55
1 56
56 57
56 58
56 59
59 60
59 61
56 62
62 63
63 64
62 65
56 66
66 67
66 68
56 69
69 70
70 71
70 72
72 73
72 74
74 75
69 76
56 77
77 78
78 79
78 80
80 81
77 82
56 83
56 84
84 85
85 86
86 87
87 88
86 89
85 90
90 91
91 92
92 93
93 94
92 95
92 96
96 97
97 98
96 99
99 100
90 101
84 102
102 103
103 104
104 105
104 106
104 107
107 108
102 109
109 110
110 111
109 112
112 113
113 114
112 115
102 116
116 117
117 118
102 119
119 120
120 121
121 122
122 123
123 124
122 125
125 126
121 127
127 128
128 129
129 130
128 131
131 132
127 133
133 134
134 135
133 136
136 137
137 138
136 139
120 140
140 141
119 142
142 143
143 144
144 145
145 146
144 147
147 148
143 149
149 150
142 151
151 152
119 153
153 154
154 155
155 156
154 157
154 158
158 159
159 160
158 161
161 162
119 163
163 164
164 165
164 166
166 167
167 168
166 169
164 170
170 171
164 172
172 173
173 174
172 175
175 176
176 177
175 178
178 179
164 180
180 181
164 182
182 183
119 184
184 185
185 186
186 187
185 188
185 189
189 190
190 191
191 192
190 193
189 194
