0 1
1 2
1 3
3 4
3 5
3 6
3 7
7 8
8 9
7 10
3 11
11 12
11 13
3 14
14 15
15 16
15 17
17 18
14 19
3 20
20 21
21 22
21 23
23 24
23 25
25 26
20 27
3 28
28 29
28 30
3 31
3 32
32 33
33 34
34 35
35 36
34 37
33 38
38 39
39 40
40 41
41 42
40 43
40 44
44 45
45 46
44 47
47 48
38 49
32 50
50 51
51 52
52 53
51 54
50 55
32 56
56 57
57 58
58 59
58 60
58 61
61 62
56 63
63 64
64 65
63 66
66 67
67 68
66 69
56 70
70 71
71 72
56 73
73 74
74 75
75 76
76 77
77 78
76 79
79 80
75 81
81 82
82 83
83 84
82 85
85 86
81 87
87 88
88 89
87 90
90 91
91 92
90 93
74 94
73 95
95 96
96 97
97 98
96 99
96 100
100 101
101 102
100 103
103 104
73 105
105 106
106 107
106 108
108 109
106 110
110 111
111 112
110 113
113 114
114 115
113 116
116 117
106 118
118 119
106 120
120 121
106 122
122 123
123 124
122 125
73 126
126 127
127 128
128 129
127 130
127 131
131 132
132 133
133 134
132 135
131 136
1 137
137 138
137 139
137 140
140 141
141 142
140 143
137 144
144 145
144 146
137 147
147 148
147 149
149 150
149 151
151 152
137 153
153 154
154 155
155 156
156 157
155 158
155 159
159 160
153 161
161 162
162 163
163 164
164 165
164 166
166 167
163 168
163 169
169 170
170 171
153 172
172 173
173 174
174 175
175 176
175 177
177 178
177 179
179 180
174 181
174 182
182 183
183 184
153 185
185 186
186 187
186 188
188 189
186 190
190 191
186 192
192 193
186 194
194 195
186 196
153 197
197 198
198 199
