0 1
1 2
1 3
3 4
3 5
3 6
6 7
7 8
6 9
3 10
10 11
10 12
12 13
12 14
14 15
3 16
16 17
17 18
18 19
19 20
20 21
20 22
22 23
22 24
24 25
19 26
19 27
27 28
28 29
16 30
30 31
31 32
32 33
33 34
33 35
35 36
32 37
16 38
38 39
39 40
40 41
41 42
41 43
43 44
40 45
40 46
46 47
47 48
16 49
49 50
50 51
51 52
51 53
51 54
16 55
55 56
56 57
57 58
57 59
57 60
16 61
61 62
62 63
63 64
62 65
61 66
66 67
67 68
16 69
69 70
70 71
71 72
70 73
70 74
74 75
16 76
76 77
77 78
78 79
79 80
78 81
76 82
82 83
83 84
84 85
85 86
84 87
87 88
88 89
87 90
82 91
91 92
92 93
93 94
92 95
95 96
96 97
82 98
98 99
99 100
100 101
101 102
99 103
98 104
104 105
105 106
106 107
107 108
106 109
109 110
110 111
109 112
104 113
113 114
114 115
115 116
116 117
115 118
114 119
113 120
120 121
121 122
122 123
121 124
121 125
125 126
126 127
125 128
104 129
129 130
130 131
131 132
132 133
131 134
130 135
129 136
136 137
137 138
138 139
137 140
137 141
141 142
142 143
141 144
104 145
145 146
146 147
147 148
146 149
146 150
150 151
151 152
150 153
82 154
154 155
155 156
156 157
155 158
154 159
159 160
160 161
161 162
160 163
160 164
164 165
82 166
166 167
167 168
168 169
167 170
170 171
171 172
82 173
173 174
174 175
175 176
174 177
174 178
178 179
16 180
180 181
181 182
