0 1
1 2
1 3
3 4
3 5
3 6
6 7
7 8
6 9
3 10
10 11
10 12
12 13
12 14
14 15
3 16
16 17
17 18
18 19
19 20
20 21
20 22
22 23
22 24
24 25
19 26
19 27
27 28
28 29
16 30
30 31
31 32
32 33
31 34
30 35
35 36
36 37
37 38
16 39
39 40
40 41
41 42
41 43
41 44
16 45
45 46
46 47
47 48
48 49
48 50
50 51
47 52
47 53
53 54
54 55
54 56
56 57
16 58
58 59
59 60
60 61
59 62
59 63
63 64
16 65
65 66
66 67
67 68
68 69
67 70
65 71
71 72
72 73
73 74
74 75
74 76
74 77
77 78
78 79
77 80
71 81
81 82
82 83
83 84
84 85
84 86
86 87
83 88
83 89
89 90
90 91
71 92
92 93
93 94
94 95
94 96
94 97
92 98
98 99
99 100
98 101
101 102
92 103
103 104
104 105
92 106
106 107
107 108
108 109
109 110
110 111
109 112
109 113
113 114
114 115
113 116
106 117
117 118
118 119
119 120
120 121
119 122
118 123
117 124
124 125
125 126
126 127
127 128
126 129
126 130
130 131
131 132
130 133
106 134
134 135
135 136
136 137
137 138
136 139
135 140
134 141
141 142
142 143
143 144
144 145
143 146
143 147
147 148
148 149
147 150
106 151
151 152
152 153
151 154
154 155
155 156
156 157
157 158
156 159
156 160
160 161
161 162
160 163
151 164
164 165
165 166
166 167
167 168
166 169
166 170
166 171
171 172
172 173
171 174
71 175
175 176
176 177
177 178
176 179
179 180
180 181
71 182
182 183
183 184
184 185
183 186
183 187
187 188
16 189
189 190
190 191
