0 1
1 2
1 3
3 4
3 5
3 6
6 7
7 8
6 9
3 10
10 11
10 12
12 13
12 14
14 15
3 16
16 17
17 18
18 19
19 20
20 21
20 22
22 23
22 24
24 25
19 26
19 27
27 28
28 29
16 30
30 31
31 32
32 33
31 34
30 35
35 36
36 37
16 38
38 39
39 40
40 41
41 42
41 43
43 44
40 45
40 46
46 47
47 48
16 49
49 50
50 51
51 52
50 53
50 54
54 55
16 56
56 57
57 58
58 59
59 60
58 61
16 62
62 63
63 64
64 65
64 66
64 67
16 68
68 69
69 70
70 71
70 72
70 73
16 74
74 75
75 76
76 77
76 78
16 79
79 80
80 81
81 82
82 83
81 84
79 85
85 86
86 87
87 88
88 89
87 90
85 91
91 92
92 93
93 94
93 95
95 96
96 97
96 98
98 99
95 100
100 101
93 102
85 103
103 104
104 105
105 106
105 107
105 108
103 109
109 110
110 111
109 112
112 113
103 114
114 115
115 116
103 117
117 118
118 119
119 120
120 121
119 122
122 123
123 124
122 125
117 126
126 127
127 128
128 129
127 130
127 131
131 132
132 133
131 134
117 135
135 136
136 137
137 138
138 139
137 140
136 141
135 142
142 143
143 144
144 145
145 146
142 147
147 148
148 149
149 150
148 151
148 152
152 153
153 154
152 155
117 156
156 157
157 158
158 159
159 160
158 161
157 162
156 163
163 164
164 165
165 166
166 167
163 168
168 169
169 170
170 171
169 172
169 173
173 174
174 175
173 176
85 177
177 178
178 179
179 180
178 181
177 182
182 183
183 184
184 185
185 186
184 187
182 188
188 189
189 190
190 191
189 192
189 193
193 194
177 195
195 196
196 197
197 198
198 199
197 200
85 201
201 202
202 203
203 204
202 205
202 206
206 207
85 208
208 209
209 210
210 211
209 212
212 213
16 214
214 215
215 216
