0 1
1 2
1 3
3 4
3 5
3 6
6 7
7 8
6 9
3 10
10 11
10 12
12 13
12 14
14 15
3 16
16 17
17 18
18 19
19 20
20 21
20 22
22 23
19 24
19 25
25 26
26 27
16 28
28 29
29 30
30 31
29 32
28 33
33 34
34 35
35 36
36 37
16 38
38 39
39 40
40 41
39 42
39 43
43 44
16 45
45 46
46 47
47 48
47 49
47 50
16 51
51 52
52 53
53 54
54 55
54 56
56 57
56 58
58 59
53 60
53 61
61 62
62 63
16 64
64 65
65 66
66 67
67 68
66 69
65 70
64 71
71 72
72 73
73 74
74 75
74 76
74 77
77 78
78 79
77 80
71 81
81 82
82 83
83 84
84 85
84 86
86 87
83 88
83 89
89 90
90 91
71 92
92 93
93 94
94 95
94 96
94 97
92 98
98 99
99 100
98 101
101 102
92 103
103 104
104 105
92 106
106 107
107 108
108 109
109 110
110 111
109 112
109 113
113 114
114 115
113 116
106 117
117 118
118 119
119 120
118 121
118 122
122 123
123 124
122 125
106 126
126 127
127 128
128 129
129 130
128 131
127 132
126 133
133 134
134 135
135 136
136 137
135 138
135 139
139 140
140 141
139 142
106 143
143 144
144 145
145 146
146 147
145 148
144 149
143 150
150 151
151 152
152 153
153 154
152 155
152 156
156 157
157 158
156 159
71 160
160 161
161 162
162 163
161 164
160 165
165 166
166 167
167 168
168 169
167 170
167 171
171 172
165 173
173 174
174 175
175 176
174 177
160 178
178 179
179 180
180 181
181 182
180 183
180 184
184 185
178 186
186 187
187 188
188 189
187 190
187 191
191 192
178 193
193 194
194 195
195 196
194 197
16 198
198 199
199 200
