0 1
1 2
1 3
3 4
3 5
3 6
6 7
7 8
6 9
3 10
10 11
10 12
3 13
13 14
3 15
15 16
16 17
17 18
18 19
19 20
18 21
17 22
22 23
23 24
22 25
25 26
26 27
25 28
16 29
29 30
30 31
31 32
15 33
33 34
34 35
35 36
36 37
37 38
35 39
35 40
40 41
41 42
40 43
43 44
44 45
15 46
46 47
47 48
48 49
48 50
48 51
15 52
52 53
53 54
54 55
54 56
54 57
15 58
58 59
59 60
60 61
60 62
60 63
58 64
64 65
65 66
64 67
67 68
58 69
69 70
70 71
58 72
72 73
73 74
74 75
75 76
76 77
75 78
78 79
74 80
80 81
81 82
15 83
83 84
84 85
85 86
85 87
83 88
88 89
89 90
88 91
83 92
92 93
93 94
94 95
95 96
96 97
95 98
98 99
94 100
94 101
101 102
92 103
103 104
104 105
105 106
106 107
105 108
104 109
109 110
110 111
109 112
112 113
113 114
112 115
103 116
116 117
117 118
118 119
119 120
118 121
121 122
122 123
92 124
124 125
125 126
126 127
125 128
128 129
129 130
128 131
128 132
132 133
15 134
134 135
135 136
136 137
137 138
136 139
136 140
140 141
141 142
15 143
143 144
144 145
145 146
146 147
145 148
143 149
149 150
143 151
151 152
152 153
153 154
154 155
153 156
153 157
157 158
158 159
157 160
15 161
161 162
162 163
163 164
162 165
