0 1
1 2
1 3
3 4
3 5
3 6
6 7
7 8
6 9
3 10
10 11
10 12
3 13
13 14
3 15
15 16
16 17
17 18
18 19
19 20
18 21
18 22
22 23
23 24
22 25
15 26
26 27
27 28
28 29
29 30
29 31
31 32
29 33
33 34
28 35
28 36
36 37
37 38
15 39
39 40
40 41
41 42
41 43
41 44
15 45
45 46
46 47
47 48
47 49
47 50
15 51
51 52
52 53
53 54
53 55
51 56
56 57
51 58
58 59
59 60
60 61
61 62
60 63
59 64
64 65
65 66
66 67
67 68
66 69
59 70
70 71
71 72
72 73
71 74
74 75
75 76
74 77
70 78
78 79
79 80
80 81
81 82
80 83
58 84
84 85
85 86
86 87
87 88
86 89
86 90
90 91
91 92
90 93
90 94
94 95
90 96
58 97
97 98
98 99
99 100
98 101
98 102
102 103
98 104
104 105
105 106
104 107
107 108
58 109
109 110
110 111
109 112
112 113
113 114
114 115
115 116
109 117
117 118
118 119
119 120
120 121
15 122
122 123
123 124
124 125
125 126
124 127
124 128
128 129
129 130
15 131
131 132
132 133
133 134
133 135
133 136
131 137
137 138
138 139
137 140
140 141
141 142
140 143
131 144
144 145
145 146
131 147
147 148
148 149
149 150
150 151
149 152
149 153
153 154
154 155
153 156
153 157
157 158
15 159
159 160
160 161
161 162
162 163
161 164
161 165
165 166
166 167
165 168
15 169
169 170
170 171
171 172
170 173
