0 1
1 2
1 3
3 4
3 5
3 6
6 7
7 8
6 9
3 10
10 11
10 12
3 13
13 14
3 15
15 16
16 17
17 18
18 19
17 20
16 21
21 22
22 23
23 24
15 25
25 26
26 27
27 28
28 29
27 30
27 31
31 32
32 33
15 34
34 35
35 36
36 37
36 38
36 39
39 40
40 41
39 42
15 43
43 44
44 45
45 46
45 47
45 48
48 49
48 50
50 51
51 52
52 53
51 54
15 55
55 56
56 57
57 58
57 59
57 60
55 61
61 62
62 63
61 64
64 65
55 66
66 67
67 68
55 69
69 70
70 71
71 72
72 73
72 74
72 75
75 76
76 77
75 78
78 79
78 80
80 81
69 82
82 83
83 84
84 85
84 86
84 87
87 88
82 89
89 90
90 91
89 92
92 93
82 94
94 95
95 96
94 97
97 98
82 99
99 100
100 101
101 102
102 103
101 104
101 105
105 106
106 107
105 108
105 109
109 110
99 111
111 112
112 113
113 114
114 115
115 116
114 117
113 118
118 119
119 120
118 121
121 122
122 123
121 124
112 125
125 126
126 127
125 128
128 129
111 130
130 131
131 132
132 133
133 134
133 135
133 136
136 137
137 138
136 139
139 140
130 141
141 142
142 143
143 144
142 145
145 146
141 147
147 148
148 149
149 150
150 151
149 152
149 153
153 154
154 155
153 156
153 157
157 158
15 159
159 160
160 161
161 162
160 163
