0 1
1 2
1 3
3 4
3 5
3 6
3 7
7 8
8 9
7 10
3 11
11 12
11 13
3 14
14 15
3 16
16 17
17 18
18 19
19 20
19 21
19 22
22 23
23 24
22 25
16 26
26 27
27 28
28 29
29 30
28 31
31 32
27 33
33 34
34 35
33 36
26 37
37 38
38 39
39 40
16 41
41 42
42 43
43 44
44 45
43 46
43 47
47 48
48 49
16 50
50 51
51 52
52 53
53 54
53 55
55 56
53 57
57 58
52 59
52 60
60 61
61 62
16 63
63 64
64 65
65 66
65 67
65 68
16 69
69 70
70 71
71 72
71 73
71 74
16 75
75 76
76 77
77 78
77 79
77 80
75 81
81 82
82 83
81 84
84 85
75 86
86 87
87 88
75 89
89 90
90 91
91 92
92 93
91 94
94 95
95 96
94 97
90 98
98 99
99 100
100 101
101 102
100 103
100 104
104 105
100 106
90 107
107 108
108 109
107 110
110 111
111 112
112 113
113 114
112 115
115 116
116 117
115 118
110 119
119 120
120 121
121 122
120 123
120 124
124 125
125 126
124 127
127 128
128 129
129 130
130 131
131 132
130 133
128 134
120 135
120 136
136 137
137 138
138 139
110 140
140 141
141 142
142 143
141 144
144 145
145 146
146 147
147 148
146 149
149 150
145 151
151 152
152 153
151 154
107 155
155 156
156 157
157 158
158 159
157 160
155 161
161 162
162 163
163 164
162 165
162 166
166 167
167 168
168 169
167 170
170 171
171 172
172 173
171 174
174 175
175 176
176 177
175 178
166 179
162 180
162 181
181 182
182 183
183 184
155 185
185 186
186 187
187 188
186 189
189 190
190 191
191 192
192 193
191 194
194 195
195 196
196 197
195 198
198 199
199 200
200 201
199 202
190 203
189 204
16 205
205 206
206 207
207 208
207 209
207 210
205 211
211 212
212 213
211 214
214 215
205 216
216 217
217 218
205 219
219 220
220 221
221 222
222 223
222 224
222 225
220 226
226 227
227 228
226 229
229 230
230 231
229 232
229 233
233 234
220 235
235 236
236 237
220 238
238 239
239 240
240 241
241 242
241 243
241 244
238 245
245 246
246 247
247 248
246 249
245 250
250 251
251 252
252 253
253 254
252 255
255 256
245 257
257 258
258 259
259 260
260 261
259 262
258 263
263 264
264 265
263 266
266 267
267 268
266 269
257 270
270 271
271 272
272 273
273 274
272 275
275 276
276 277
277 278
276 279
279 280
280 281
281 282
282 283
283 284
282 285
280 286
275 287
287 288
257 289
289 290
290 291
291 292
292 293
291 294
294 295
295 296
296 297
297 298
296 299
295 300
294 301
301 302
302 303
303 304
304 305
305 306
306 307
305 308
305 309
309 310
310 311
309 312
303 313
313 314
314 315
315 316
316 317
317 318
316 319
314 320
301 321
321 322
294 323
323 324
324 325
325 326
326 327
327 328
326 329
326 330
330 331
331 332
330 333
324 334
334 335
335 336
336 337
337 338
338 339
337 340
335 341
323 342
342 343
238 344
344 345
345 346
346 347
346 348
346 349
349 350
350 351
350 352
352 353
238 354
354 355
355 356
356 357
355 358
355 359
359 360
360 361
361 362
360 363
363 364
364 365
365 366
364 367
359 368
368 369
369 370
368 371
368 372
372 373
368 374
374 375
375 376
376 377
374 378
359 379
379 380
380 381
379 382
379 383
383 384
16 385
385 386
386 387
387 388
386 389
