0 1
1 2
1 3
3 4
3 5
3 6
6 7
7 8
6 9
3 10
10 11
10 12
3 13
13 14
3 15
15 16
16 17
17 18
18 19
19 20
20 21
18 22
18 23
23 24
24 25
23 26
26 27
27 28
15 29
29 30
30 31
31 32
31 33
31 34
30 35
35 36
35 37
30 38
38 39
38 40
38 41
41 42
42 43
41 44
15 45
45 46
46 47
47 48
46 49
45 50
50 51
51 52
52 53
51 54
54 55
50 56
56 57
57 58
56 59
59 60
45 61
61 62
62 63
45 64
64 65
65 66
66 67
67 68
68 69
67 70
70 71
66 72
15 73
73 74
74 75
75 76
74 77
77 78
73 79
79 80
80 81
81 82
82 83
81 84
80 85
85 86
86 87
87 88
86 89
89 90
85 91
91 92
92 93
91 94
94 95
80 96
96 97
97 98
80 99
99 100
100 101
101 102
102 103
103 104
102 105
105 106
101 107
107 108
108 109
107 110
107 111
111 112
112 113
79 114
114 115
115 116
116 117
115 118
118 119
119 120
118 121
114 122
122 123
123 124
124 125
123 126
122 127
127 128
128 129
127 130
130 131
114 132
132 133
133 134
114 135
135 136
136 137
137 138
138 139
139 140
138 141
141 142
137 143
143 144
144 145
143 146
143 147
147 148
148 149
15 150
150 151
151 152
152 153
151 154
15 155
155 156
156 157
157 158
156 159
155 160
160 161
161 162
160 163
163 164
155 165
165 166
166 167
155 168
168 169
169 170
170 171
171 172
170 173
173 174
174 175
173 176
176 177
15 178
178 179
179 180
