0 1
1 2
1 3
3 4
3 5
3 6
6 7
6 8
3 9
9 10
10 11
9 12
3 13
3 14
14 15
15 16
16 17
17 18
17 19
17 20
14 21
21 22
22 23
23 24
23 25
23 26
14 27
27 28
28 29
29 30
29 31
29 32
14 33
33 34
34 35
35 36
35 37
35 38
14 39
39 40
40 41
41 42
41 43
41 44
44 45
45 46
44 47
14 48
48 49
49 50
50 51
49 52
52 53
53 54
52 55
48 56
56 57
57 58
58 59
59 60
58 61
61 62
62 63
61 64
64 65
65 66
64 67
67 68
56 69
69 70
70 71
71 72
56 73
73 74
74 75
75 76
74 77
77 78
73 79
79 80
80 81
81 82
82 83
81 84
84 85
85 86
84 87
87 88
79 89
89 90
90 91
91 92
90 93
93 94
94 95
93 96
93 97
97 98
93 99
99 100
79 101
101 102
102 103
103 104
102 105
105 106
106 107
105 108
108 109
109 110
108 111
111 112
79 113
113 114
114 115
115 116
14 117
117 118
118 119
119 120
118 121
121 122
117 123
123 124
124 125
117 126
126 127
127 128
128 129
