0 1
1 2
1 3
3 4
3 5
3 6
6 7
6 8
3 9
9 10
10 11
9 12
3 13
3 14
14 15
15 16
16 17
17 18
17 19
17 20
20 21
21 22
20 23
14 24
24 25
25 26
26 27
26 28
26 29
14 30
30 31
31 32
32 33
32 34
32 35
14 36
36 37
37 38
38 39
38 40
38 41
14 42
42 43
43 44
44 45
43 46
46 47
47 48
46 49
42 50
50 51
51 52
52 53
53 54
52 55
55 56
56 57
55 58
58 59
50 60
60 61
61 62
62 63
61 64
64 65
60 66
66 67
67 68
68 69
69 70
68 71
71 72
72 73
71 74
71 75
75 76
71 77
77 78
78 79
79 80
78 81
81 82
77 83
66 84
84 85
85 86
86 87
85 88
88 89
89 90
88 91
91 92
92 93
50 94
94 95
95 96
96 97
14 98
98 99
99 100
100 101
99 102
102 103
103 104
102 105
98 106
106 107
107 108
98 109
109 110
110 111
111 112
