0 1
1 2
1 3
3 4
3 5
3 6
6 7
6 8
3 9
9 10
10 11
9 12
3 13
3 14
14 15
15 16
16 17
17 18
17 19
17 20
20 21
21 22
20 23
14 24
24 25
25 26
26 27
26 28
26 29
14 30
30 31
31 32
32 33
32 34
32 35
14 36
36 37
37 38
38 39
38 40
38 41
14 42
42 43
43 44
44 45
43 46
42 47
47 48
48 49
47 50
50 51
51 52
50 53
42 54
54 55
55 56
42 57
57 58
58 59
59 60
60 61
59 62
62 63
63 64
62 65
65 66
57 67
67 68
68 69
69 70
68 71
71 72
67 73
73 74
74 75
75 76
76 77
75 78
78 79
79 80
78 81
78 82
82 83
78 84
84 85
85 86
86 87
85 88
88 89
84 90
73 91
91 92
92 93
93 94
92 95
95 96
96 97
95 98
98 99
73 100
100 101
101 102
102 103
14 104
104 105
105 106
106 107
105 108
108 109
109 110
108 111
104 112
112 113
113 114
14 115
115 116
116 117
