0 1
1 2
1 3
3 4
3 5
3 6
6 7
7 8
8 9
6 10
3 11
11 12
3 13
13 14
14 15
15 16
16 17
17 18
16 19
16 20
13 21
21 22
22 23
23 24
23 25
23 26
21 27
27 28
28 29
27 30
30 31
31 32
32 33
31 34
30 35
21 36
36 37
37 38
21 39
39 40
40 41
41 42
42 43
42 44
42 45
40 46
46 47
47 48
46 49
49 50
50 51
49 52
40 53
53 54
54 55
40 56
56 57
57 58
58 59
59 60
60 61
59 62
62 63
63 64
64 65
63 66
66 67
62 68
58 69
69 70
70 71
71 72
72 73
71 74
74 75
70 76
70 77
77 78
69 79
79 80
80 81
81 82
80 83
79 84
79 85
85 86
57 87
87 88
88 89
89 90
39 91
91 92
92 93
93 94
92 95
95 96
96 97
95 98
98 99
99 100
100 101
99 102
98 103
98 104
104 105
13 106
106 107
107 108
