0 1
1 2
1 3
3 4
3 5
3 6
6 7
7 8
8 9
6 10
3 11
11 12
3 13
13 14
14 15
15 16
16 17
17 18
16 19
15 20
14 21
21 22
13 23
23 24
24 25
25 26
24 27
24 28
28 29
13 30
30 31
31 32
32 33
33 34
32 35
32 36
36 37
37 38
13 39
39 40
40 41
41 42
41 43
41 44
44 45
45 46
44 47
13 48
48 49
49 50
50 51
51 52
50 53
50 54
54 55
55 56
54 57
13 58
58 59
59 60
60 61
61 62
60 63
60 64
64 65
65 66
64 67
67 68
68 69
67 70
13 71
71 72
72 73
73 74
73 75
73 76
76 77
77 78
76 79
76 80
80 81
81 82
80 83
76 84
84 85
85 86
84 87
13 88
88 89
89 90
90 91
90 92
90 93
13 94
94 95
95 96
96 97
97 98
96 99
99 100
95 101
101 102
102 103
103 104
102 105
102 106
106 107
101 108
108 109
109 110
108 111
108 112
112 113
94 114
114 115
115 116
116 117
13 118
118 119
119 120
120 121
119 122
119 123
119 124
124 125
