0 1
1 2
1 3
3 4
3 5
3 6
6 7
7 8
8 9
6 10
3 11
11 12
3 13
13 14
14 15
15 16
16 17
15 18
15 19
19 20
13 21
21 22
22 23
23 24
24 25
23 26
23 27
27 28
28 29
27 30
13 31
31 32
32 33
33 34
34 35
33 36
33 37
37 38
38 39
37 40
40 41
41 42
42 43
41 44
40 45
13 46
46 47
47 48
48 49
48 50
48 51
51 52
52 53
51 54
51 55
55 56
56 57
55 58
51 59
59 60
60 61
59 62
13 63
63 64
64 65
65 66
65 67
65 68
13 69
69 70
70 71
71 72
71 73
71 74
69 75
75 76
76 77
75 78
78 79
69 80
80 81
81 82
69 83
83 84
84 85
85 86
86 87
87 88
86 89
86 90
90 91
85 92
92 93
93 94
92 95
92 96
96 97
84 98
98 99
99 100
100 101
84 102
13 103
103 104
104 105
105 106
104 107
104 108
104 109
109 110
