0 1
1 2
1 3
3 4
3 5
3 6
6 7
7 8
8 9
6 10
3 11
11 12
3 13
13 14
14 15
15 16
16 17
17 18
16 19
16 20
20 21
21 22
22 23
23 24
24 25
23 26
23 27
27 28
22 29
21 30
21 31
31 32
32 33
31 34
31 35
35 36
36 37
37 38
20 39
13 40
40 41
41 42
42 43
42 44
42 45
13 46
46 47
47 48
48 49
49 50
48 51
48 52
52 53
52 54
54 55
55 56
56 57
55 58
13 59
59 60
59 61
61 62
62 63
63 64
64 65
63 66
66 67
67 68
66 69
62 70
70 71
71 72
72 73
73 74
73 75
73 76
70 77
77 78
78 79
79 80
79 81
79 82
77 83
83 84
84 85
83 86
86 87
87 88
86 89
77 90
90 91
91 92
77 93
93 94
94 95
95 96
96 97
96 98
96 99
99 100
100 101
101 102
100 103
103 104
99 105
99 106
106 107
93 108
108 109
109 110
110 111
111 112
112 113
111 114
114 115
115 116
114 117
117 118
118 119
117 120
120 121
108 122
122 123
123 124
124 125
125 126
124 127
127 128
128 129
127 130
127 131
131 132
127 133
127 134
134 135
135 136
122 137
137 138
93 139
139 140
140 141
141 142
140 143
93 144
144 145
145 146
146 147
147 148
146 149
149 150
145 151
151 152
70 153
153 154
154 155
155 156
13 157
157 158
158 159
159 160
158 161
158 162
162 163
