0 1
1 2
1 3
3 4
3 5
3 6
6 7
7 8
8 9
6 10
3 11
11 12
3 13
13 14
14 15
15 16
16 17
17 18
16 19
15 20
14 21
21 22
13 23
23 24
24 25
25 26
26 27
25 28
24 29
23 30
30 31
31 32
32 33
31 34
13 35
35 36
36 37
37 38
37 39
37 40
40 41
41 42
40 43
13 44
44 45
45 46
46 47
47 48
46 49
44 50
50 51
44 52
52 53
53 54
54 55
55 56
55 57
55 58
58 59
59 60
58 61
52 62
62 63
63 64
64 65
63 66
62 67
67 68
52 69
69 70
70 71
71 72
70 73
73 74
69 75
75 76
76 77
77 78
76 79
79 80
13 81
81 82
82 83
83 84
84 85
83 86
13 87
87 88
88 89
89 90
89 91
13 92
92 93
93 94
94 95
95 96
96 97
95 98
93 99
99 100
100 101
101 102
100 103
103 104
104 105
105 106
104 107
103 108
103 109
103 110
110 111
93 112
112 113
113 114
114 115
114 116
114 117
112 118
118 119
119 120
120 121
119 122
122 123
123 124
122 125
118 126
126 127
112 128
128 129
129 130
112 131
131 132
132 133
133 134
134 135
133 136
136 137
137 138
136 139
136 140
140 141
141 142
142 143
141 144
144 145
140 146
140 147
140 148
148 149
92 150
150 151
151 152
152 153
153 154
151 155
150 156
156 157
157 158
13 159
159 160
160 161
