0 1
1 2
1 3
3 4
3 5
3 6
6 7
7 8
8 9
6 10
3 11
11 12
3 13
13 14
14 15
15 16
16 17
16 18
16 19
19 20
20 21
21 22
20 23
19 24
15 25
25 26
25 27
25 28
13 29
29 30
30 31
31 32
31 33
31 34
29 35
35 36
36 37
35 38
38 39
39 40
38 41
29 42
42 43
43 44
29 45
45 46
46 47
47 48
48 49
48 50
48 51
45 52
52 53
53 54
54 55
54 56
54 57
52 58
58 59
59 60
58 61
61 62
62 63
61 64
64 65
52 66
66 67
67 68
52 69
69 70
70 71
71 72
72 73
73 74
72 75
75 76
76 77
77 78
76 79
79 80
75 81
71 82
82 83
83 84
84 85
85 86
84 87
83 88
83 89
89 90
82 91
91 92
92 93
93 94
92 95
95 96
91 97
91 98
98 99
70 100
100 101
101 102
102 103
70 104
45 105
105 106
106 107
107 108
106 109
109 110
110 111
109 112
112 113
13 114
114 115
115 116
116 117
117 118
116 119
115 120
115 121
115 122
122 123
123 124
122 125
125 126
