0 1
1 2
1 3
3 4
3 5
3 6
6 7
7 8
6 9
3 10
10 11
10 12
3 13
3 14
14 15
15 16
16 17
17 18
16 19
16 20
20 21
14 22
22 23
23 24
24 25
24 26
24 27
14 28
28 29
29 30
30 31
30 32
30 33
33 34
34 35
33 36
36 37
37 38
38 39
37 40
36 41
14 42
42 43
43 44
44 45
44 46
44 47
47 48
14 49
49 50
50 51
51 52
50 53
53 54
49 55
55 56
56 57
57 58
58 59
58 60
58 61
61 62
62 63
61 64
64 65
65 66
66 67
67 68
66 69
69 70
64 71
55 72
72 73
73 74
74 75
74 76
74 77
55 78
78 79
79 80
80 81
80 82
80 83
78 84
84 85
85 86
84 87
87 88
88 89
87 90
78 91
91 92
92 93
78 94
94 95
95 96
96 97
97 98
96 99
99 100
100 101
101 102
100 103
103 104
99 105
105 106
94 107
107 108
108 109
109 110
110 111
111 112
110 113
113 114
109 115
115 116
108 117
107 118
118 119
119 120
120 121
121 122
120 123
55 124
124 125
125 126
126 127
125 128
128 129
124 130
130 131
131 132
132 133
133 134
132 135
135 136
136 137
135 138
124 139
139 140
140 141
141 142
142 143
141 144
144 145
139 146
146 147
147 148
148 149
147 150
150 151
151 152
150 153
14 154
154 155
155 156
