0 1
1 2
1 3
3 4
3 5
3 6
6 7
7 8
6 9
3 10
10 11
10 12
3 13
3 14
14 15
15 16
16 17
17 18
17 19
17 20
20 21
21 22
20 23
14 24
24 25
25 26
26 27
26 28
26 29
14 30
30 31
31 32
32 33
32 34
32 35
14 36
36 37
37 38
38 39
38 40
36 41
41 42
36 43
43 44
44 45
45 46
46 47
45 48
48 49
43 50
50 51
51 52
52 53
51 54
54 55
55 56
54 57
54 58
58 59
54 60
60 61
14 62
62 63
63 64
64 65
64 66
64 67
67 68
68 69
69 70
70 71
71 72
72 73
71 74
74 75
75 76
76 77
75 78
78 79
69 80
67 81
67 82
14 83
83 84
84 85
85 86
85 87
85 88
88 89
89 90
90 91
91 92
90 93
93 94
94 95
95 96
94 97
97 98
88 99
99 100
14 101
101 102
102 103
103 104
103 105
103 106
106 107
107 108
108 109
107 110
110 111
14 112
112 113
113 114
114 115
114 116
114 117
117 118
117 119
119 120
14 121
121 122
122 123
123 124
123 125
14 126
126 127
127 128
128 129
128 130
14 131
131 132
132 133
133 134
132 135
135 136
131 137
137 138
138 139
139 140
140 141
139 142
142 143
143 144
142 145
145 146
146 147
147 148
148 149
147 150
150 151
145 152
137 153
153 154
154 155
155 156
154 157
157 158
157 159
159 160
157 161
161 162
157 163
163 164
137 165
165 166
166 167
165 168
168 169
169 170
170 171
169 172
172 173
137 174
174 175
175 176
176 177
174 178
178 179
179 180
180 181
179 182
182 183
183 184
182 185
14 186
186 187
187 188
1 189
189 190
189 191
189 192
192 193
193 194
192 195
189 196
196 197
196 198
189 199
199 200
199 201
189 202
189 203
203 204
204 205
205 206
206 207
205 208
204 209
209 210
203 211
211 212
212 213
213 214
213 215
213 216
203 217
217 218
218 219
219 220
219 221
217 222
222 223
217 224
224 225
225 226
226 227
227 228
227 229
227 230
230 231
231 232
232 233
233 234
234 235
233 236
236 237
232 238
230 239
230 240
224 241
241 242
242 243
243 244
242 245
245 246
246 247
247 248
246 249
249 250
245 251
251 252
203 253
253 254
254 255
255 256
254 257
257 258
253 259
259 260
203 261
261 262
