0 1
1 2
1 3
3 4
3 5
3 6
6 7
7 8
6 9
3 10
10 11
10 12
3 13
13 14
13 15
3 16
3 17
17 18
18 19
19 20
20 21
20 22
18 23
23 24
18 25
25 26
26 27
27 28
28 29
27 30
30 31
31 32
30 33
30 34
34 35
35 36
35 37
37 38
34 39
39 40
39 41
41 42
25 43
43 44
44 45
45 46
44 47
43 48
48 49
17 50
50 51
1 52
52 53
52 54
52 55
55 56
56 57
55 58
52 59
59 60
59 61
52 62
62 63
62 64
52 65
65 66
65 67
52 68
52 69
69 70
70 71
71 72
72 73
71 74
74 75
70 76
76 77
77 78
69 79
79 80
80 81
81 82
81 83
81 84
84 85
85 86
84 87
87 88
88 89
89 90
90 91
89 92
92 93
87 94
69 95
95 96
96 97
97 98
97 99
97 100
100 101
100 102
102 103
100 104
104 105
100 106
106 107
69 108
108 109
109 110
108 111
111 112
112 113
113 114
113 115
115 116
113 117
117 118
118 119
117 120
113 121
121 122
113 123
123 124
69 125
125 126
126 127
126 128
128 129
126 130
130 131
126 132
132 133
126 134
134 135
1 136
136 137
136 138
136 139
139 140
140 141
139 142
136 143
136 144
144 145
145 146
146 147
147 148
147 149
147 150
144 151
151 152
152 153
153 154
153 155
151 156
156 157
151 158
158 159
159 160
160 161
161 162
160 163
163 164
164 165
163 166
163 167
167 168
163 169
169 170
144 171
171 172
172 173
1 174
174 175
174 176
174 177
177 178
178 179
177 180
174 181
181 182
181 183
174 184
174 185
185 186
186 187
187 188
187 189
189 190
187 191
187 192
192 193
192 194
194 195
187 196
196 197
