0 1
1 2
1 3
3 4
3 5
3 6
6 7
7 8
6 9
3 10
10 11
10 12
3 13
3 14
14 15
15 16
16 17
17 18
17 19
17 20
20 21
21 22
20 23
14 24
24 25
25 26
26 27
25 28
25 29
29 30
14 31
31 32
32 33
33 34
32 35
35 36
31 37
37 38
38 39
39 40
38 41
41 42
42 43
41 44
14 45
45 46
46 47
47 48
47 49
47 50
14 51
51 52
52 53
53 54
53 55
51 56
56 57
51 58
58 59
59 60
60 61
59 62
62 63
14 64
64 65
65 66
66 67
66 68
66 69
69 70
69 71
71 72
72 73
71 74
71 75
75 76
76 77
76 78
78 79
75 80
80 81
14 82
82 83
83 84
84 85
85 86
84 87
83 88
83 89
89 90
14 91
91 92
92 93
93 94
93 95
93 96
96 97
97 98
96 99
99 100
100 101
99 102
14 103
103 104
104 105
105 106
105 107
105 108
108 109
14 110
110 111
111 112
112 113
112 114
112 115
14 116
116 117
117 118
118 119
117 120
120 121
116 122
122 123
123 124
124 125
125 126
124 127
127 128
128 129
127 130
130 131
131 132
132 133
133 134
132 135
135 136
130 137
122 138
138 139
139 140
139 141
141 142
139 143
143 144
139 145
145 146
138 147
147 148
148 149
149 150
150 151
149 152
152 153
147 154
154 155
155 156
156 157
155 158
158 159
159 160
158 161
138 162
162 163
163 164
164 165
165 166
164 167
167 168
168 169
167 170
14 171
171 172
172 173
1 174
174 175
174 176
174 177
177 178
178 179
177 180
174 181
181 182
181 183
174 184
184 185
184 186
174 187
174 188
188 189
189 190
190 191
191 192
191 193
191 194
188 195
195 196
196 197
197 198
197 199
195 200
200 201
195 202
202 203
203 204
204 205
205 206
204 207
207 208
207 209
209 210
210 211
209 212
209 213
213 214
214 215
214 216
216 217
213 218
218 219
202 220
220 221
221 222
222 223
221 224
224 225
220 226
226 227
227 228
188 229
229 230
