0 1
1 2
1 3
3 4
3 5
3 6
6 7
7 8
6 9
3 10
10 11
10 12
3 13
3 14
14 15
15 16
16 17
17 18
17 19
17 20
16 21
21 22
21 23
21 24
24 25
24 26
26 27
14 28
28 29
29 30
30 31
29 32
32 33
28 34
34 35
35 36
36 37
37 38
37 39
37 40
40 41
41 42
42 43
43 44
42 45
45 46
40 47
34 48
48 49
49 50
50 51
50 52
52 53
50 54
54 55
50 56
56 57
56 58
58 59
49 60
48 61
61 62
62 63
63 64
64 65
63 66
66 67
48 68
68 69
69 70
70 71
71 72
70 73
73 74
74 75
73 76
14 77
77 78
78 79
78 80
80 81
14 82
14 83
14 84
14 85
14 86
14 87
14 88
1 89
89 90
89 91
89 92
92 93
93 94
92 95
89 96
96 97
96 98
89 99
99 100
99 101
89 102
89 103
103 104
104 105
105 106
106 107
106 108
106 109
103 110
110 111
111 112
112 113
112 114
112 115
110 116
116 117
117 118
116 119
119 120
120 121
119 122
110 123
123 124
124 125
110 126
126 127
127 128
128 129
129 130
129 131
129 132
132 133
133 134
133 135
135 136
136 137
135 138
138 139
132 140
140 141
126 142
142 143
143 144
144 145
145 146
145 147
147 148
148 149
147 150
150 151
144 152
152 153
143 154
142 155
155 156
156 157
157 158
126 159
159 160
160 161
161 162
160 163
163 164
103 165
165 166
166 167
167 168
166 169
169 170
