0 1
1 2
1 3
1 4
4 5
4 6
4 7
7 8
8 9
7 10
4 11
11 12
4 13
13 14
14 15
15 16
16 17
15 18
14 19
19 20
20 21
21 22
13 23
23 24
24 25
25 26
26 27
25 28
25 29
29 30
13 31
31 32
32 33
33 34
34 35
34 36
36 37
34 38
38 39
33 40
33 41
41 42
42 43
13 44
44 45
45 46
46 47
46 48
46 49
13 50
50 51
51 52
52 53
53 54
52 55
51 56
50 57
57 58
58 59
59 60
60 61
59 62
59 63
63 64
58 65
65 66
66 67
67 68
58 69
69 70
70 71
71 72
72 73
71 74
71 75
75 76
71 77
77 78
69 79
79 80
80 81
81 82
69 83
83 84
84 85
85 86
84 87
87 88
88 89
87 90
13 91
91 92
