0 1
1 2
1 3
1 4
4 5
4 6
4 7
7 8
8 9
7 10
4 11
11 12
4 13
13 14
14 15
15 16
16 17
17 18
16 19
15 20
20 21
21 22
22 23
21 24
20 25
14 26
26 27
13 28
28 29
29 30
30 31
31 32
30 33
30 34
34 35
13 36
36 37
37 38
38 39
39 40
38 41
38 42
42 43
13 44
44 45
45 46
46 47
47 48
46 49
46 50
50 51
13 52
52 53
53 54
54 55
55 56
54 57
53 58
58 59
59 60
60 61
59 62
58 63
52 64
64 65
65 66
66 67
67 68
66 69
69 70
70 71
69 72
64 73
73 74
74 75
75 76
74 77
77 78
78 79
79 80
78 81
77 82
64 83
83 84
84 85
85 86
84 87
87 88
83 89
89 90
90 91
91 92
92 93
91 94
94 95
90 96
96 97
97 98
98 99
99 100
98 101
101 102
102 103
101 104
96 105
105 106
106 107
107 108
106 109
109 110
110 111
109 112
89 113
113 114
114 115
13 116
116 117
