0 1
1 2
1 3
3 4
3 5
3 6
6 7
7 8
6 9
3 10
10 11
10 12
12 13
3 14
14 15
15 16
16 17
17 18
18 19
18 20
20 21
17 22
17 23
23 24
24 25
14 26
26 27
27 28
28 29
27 30
27 31
31 32
14 33
33 34
34 35
35 36
34 37
34 38
14 39
39 40
40 41
41 42
42 43
42 44
44 45
41 46
41 47
47 48
48 49
14 50
50 51
51 52
52 53
53 54
52 55
51 56
50 57
57 58
58 59
59 60
60 61
60 62
60 63
57 64
64 65
65 66
66 67
66 68
66 69
57 70
70 71
71 72
72 73
73 74
72 75
71 76
70 77
77 78
78 79
79 80
80 81
81 82
80 83
80 84
84 85
85 86
84 87
77 88
88 89
89 90
90 91
89 92
92 93
93 94
92 95
77 96
77 97
97 98
98 99
99 100
77 101
101 102
102 103
103 104
104 105
103 106
102 107
101 108
108 109
109 110
110 111
109 112
109 113
113 114
114 115
113 116
77 117
117 118
118 119
119 120
120 121
119 122
118 123
117 124
124 125
125 126
126 127
125 128
125 129
129 130
130 131
129 132
57 133
133 134
134 135
135 136
134 137
134 138
138 139
139 140
138 141
57 142
142 143
143 144
144 145
143 146
143 147
147 148
148 149
147 150
150 151
14 152
152 153
153 154
