0 1
1 2
1 3
3 4
3 5
3 6
6 7
7 8
6 9
3 10
10 11
10 12
12 13
3 14
14 15
15 16
16 17
17 18
18 19
18 20
20 21
17 22
17 23
23 24
24 25
14 26
26 27
27 28
27 29
29 30
27 31
31 32
14 33
33 34
34 35
1 36
36 37
36 38
38 39
39 40
38 41
36 42
42 43
43 44
43 45
45 46
42 47
36 48
36 49
49 50
50 51
51 52
52 53
53 54
53 55
55 56
52 57
52 58
58 59
59 60
49 61
61 62
62 63
63 64
62 65
61 66
66 67
49 68
68 69
69 70
70 71
69 72
69 73
73 74
49 75
75 76
76 77
77 78
78 79
77 80
75 81
81 82
82 83
83 84
84 85
84 86
84 87
87 88
88 89
87 90
81 91
91 92
92 93
93 94
93 95
93 96
81 97
97 98
98 99
99 100
99 101
99 102
97 103
103 104
104 105
103 106
106 107
97 108
108 109
109 110
97 111
111 112
112 113
113 114
114 115
115 116
114 117
114 118
118 119
119 120
118 121
111 122
122 123
123 124
124 125
125 126
124 127
123 128
122 129
129 130
130 131
131 132
132 133
131 134
131 135
135 136
136 137
135 138
111 139
139 140
140 141
141 142
142 143
141 144
140 145
139 146
146 147
147 148
148 149
149 150
148 151
148 152
152 153
153 154
152 155
111 156
156 157
157 158
158 159
157 160
160 161
161 162
160 163
81 164
164 165
165 166
166 167
166 168
166 169
169 170
170 171
170 172
172 173
169 174
174 175
81 176
176 177
177 178
178 179
177 180
177 181
181 182
81 183
1 184
1 185
1 186
1 187
1 188
1 189
1 190
