0 1
1 2
1 3
3 4
3 5
3 6
3 7
7 8
8 9
7 10
3 11
3 12
12 13
13 14
14 15
15 16
14 17
13 18
18 19
13 20
20 21
21 22
22 23
23 24
23 25
23 26
26 27
26 28
28 29
29 30
28 31
20 32
32 33
33 34
34 35
34 36
34 37
37 38
37 39
39 40
40 41
39 42
20 43
43 44
44 45
44 46
46 47
47 48
48 49
49 50
50 51
49 52
52 53
47 54
54 55
47 56
56 57
1 58
58 59
58 60
58 61
58 62
62 63
63 64
62 65
58 66
66 67
67 68
68 69
66 70
58 71
71 72
71 73
58 74
74 75
75 76
58 77
77 78
78 79
79 80
80 81
79 82
78 83
83 84
84 85
85 86
86 87
87 88
88 89
87 90
90 91
86 92
85 93
93 94
93 95
95 96
96 97
95 98
83 99
99 100
100 101
101 102
102 103
103 104
102 105
105 106
101 107
83 108
108 109
109 110
110 111
109 112
112 113
112 114
114 115
115 116
114 117
112 118
118 119
112 120
120 121
121 122
120 123
83 124
124 125
125 126
126 127
125 128
128 129
128 130
130 131
131 132
130 133
128 134
134 135
128 136
136 137
137 138
136 139
77 140
140 141
141 142
1 143
143 144
143 145
143 146
146 147
147 148
146 149
143 150
150 151
150 152
152 153
143 154
154 155
155 156
156 157
157 158
157 159
157 160
160 161
160 162
162 163
154 164
164 165
165 166
166 167
167 168
168 169
166 170
166 171
171 172
171 173
173 174
174 175
171 176
176 177
154 178
178 179
179 180
180 181
179 182
182 183
182 184
184 185
182 186
186 187
182 188
154 189
189 190
190 191
191 192
192 193
192 194
194 195
191 196
191 197
197 198
198 199
198 200
200 201
154 202
202 203
203 204
204 205
204 206
204 207
202 208
208 209
209 210
208 211
211 212
202 213
213 214
214 215
202 216
216 217
217 218
218 219
219 220
219 221
219 222
222 223
223 224
224 225
225 226
224 227
227 228
223 229
222 230
230 231
231 232
232 233
231 234
234 235
230 236
216 237
237 238
238 239
239 240
238 241
238 242
242 243
154 244
244 245
245 246
