0 1
1 2
1 3
3 4
3 5
3 6
6 7
7 8
6 9
3 10
10 11
10 12
12 13
3 14
14 15
15 16
16 17
17 18
18 19
18 20
20 21
17 22
17 23
23 24
24 25
14 26
26 27
27 28
28 29
29 30
29 31
31 32
28 33
28 34
34 35
35 36
14 37
37 38
38 39
39 40
38 41
37 42
42 43
43 44
14 45
45 46
46 47
47 48
46 49
46 50
50 51
14 52
52 53
53 54
54 55
55 56
54 57
52 58
58 59
59 60
60 61
61 62
61 63
61 64
58 65
65 66
66 67
67 68
67 69
67 70
58 71
71 72
72 73
73 74
73 75
73 76
76 77
77 78
76 79
58 80
80 81
81 82
82 83
82 84
82 85
80 86
86 87
87 88
86 89
89 90
80 91
91 92
92 93
80 94
94 95
95 96
96 97
97 98
98 99
99 100
98 101
97 102
96 103
95 104
104 105
105 106
106 107
105 108
105 109
109 110
110 111
111 112
110 113
109 114
94 115
115 116
116 117
117 118
118 119
119 120
118 121
117 122
116 123
115 124
124 125
125 126
126 127
125 128
125 129
129 130
130 131
131 132
130 133
129 134
94 135
135 136
136 137
137 138
136 139
139 140
140 141
139 142
142 143
143 144
144 145
143 146
142 147
94 148
148 149
149 150
150 151
58 152
152 153
153 154
154 155
153 156
153 157
157 158
158 159
157 160
160 161
14 162
162 163
163 164
