0 1
1 2
1 3
3 4
3 5
3 6
6 7
7 8
8 9
6 10
3 11
3 12
12 13
13 14
14 15
15 16
16 17
17 18
16 19
15 20
14 21
21 22
22 23
23 24
22 25
21 26
26 27
27 28
28 29
27 30
26 31
13 32
32 33
33 34
34 35
35 36
36 37
35 38
34 39
34 40
12 41
41 42
42 43
43 44
43 45
43 46
46 47
47 48
46 49
12 50
50 51
51 52
52 53
52 54
52 55
50 56
56 57
57 58
56 59
59 60
60 61
59 62
50 63
63 64
64 65
50 66
66 67
67 68
68 69
69 70
69 71
69 72
72 73
66 74
74 75
75 76
76 77
76 78
76 79
79 80
80 81
81 82
80 83
79 84
84 85
66 86
86 87
87 88
88 89
88 90
88 91
91 92
86 93
93 94
94 95
93 96
96 97
86 98
98 99
99 100
86 101
101 102
102 103
103 104
104 105
104 106
104 107
107 108
108 109
107 110
110 111
101 112
112 113
113 114
114 115
114 116
114 117
117 118
118 119
119 120
118 121
121 122
117 123
123 124
101 125
125 126
126 127
127 128
128 129
129 130
128 131
131 132
127 133
133 134
126 135
135 136
136 137
137 138
136 139
139 140
140 141
139 142
142 143
135 144
144 145
101 146
146 147
147 148
148 149
149 150
150 151
149 152
152 153
153 154
152 155
155 156
148 157
157 158
147 159
159 160
160 161
161 162
160 163
163 164
159 165
165 166
166 167
165 168
168 169
101 170
170 171
171 172
172 173
173 174
174 175
173 176
176 177
172 178
178 179
179 180
178 181
181 182
171 183
183 184
184 185
185 186
184 187
187 188
183 189
189 190
101 191
191 192
192 193
193 194
194 195
195 196
194 197
197 198
193 199
199 200
192 201
201 202
1 203
203 204
203 205
203 206
203 207
207 208
208 209
209 210
207 211
203 212
203 213
213 214
214 215
215 216
216 217
217 218
216 219
216 220
220 221
221 222
213 223
223 224
224 225
225 226
226 227
227 228
225 229
225 230
230 231
231 232
231 233
231 234
230 235
235 236
235 237
235 238
230 239
239 240
239 241
239 242
213 243
243 244
244 245
245 246
244 247
244 248
248 249
213 250
250 251
251 252
252 253
253 254
252 255
251 256
251 257
257 258
258 259
257 260
257 261
261 262
