0 1
1 2
1 3
3 4
3 5
3 6
6 7
7 8
8 9
6 10
3 11
3 12
12 13
13 14
14 15
15 16
15 17
15 18
18 19
19 20
18 21
12 22
22 23
23 24
24 25
24 26
24 27
22 28
28 29
29 30
28 31
31 32
22 33
33 34
34 35
22 36
36 37
37 38
38 39
39 40
39 41
39 42
42 43
37 44
44 45
45 46
44 47
47 48
37 49
49 50
50 51
37 52
52 53
53 54
54 55
55 56
55 57
55 58
58 59
59 60
60 61
59 62
62 63
58 64
64 65
52 66
66 67
67 68
68 69
69 70
70 71
69 72
72 73
68 74
74 75
67 76
76 77
77 78
78 79
77 80
80 81
76 82
82 83
52 84
84 85
85 86
86 87
87 88
88 89
87 90
90 91
86 92
92 93
85 94
94 95
12 96
96 97
97 98
98 99
98 100
98 101
96 102
102 103
103 104
102 105
105 106
96 107
107 108
108 109
96 110
110 111
111 112
112 113
113 114
113 115
113 116
112 117
117 118
117 119
117 120
120 121
121 122
120 123
111 124
124 125
125 126
124 127
127 128
111 129
129 130
130 131
111 132
132 133
133 134
111 135
135 136
136 137
137 138
138 139
138 140
138 141
141 142
142 143
143 144
142 145
145 146
141 147
147 148
135 149
149 150
150 151
151 152
152 153
153 154
152 155
155 156
151 157
157 158
150 159
159 160
160 161
161 162
160 163
163 164
159 165
165 166
135 167
167 168
168 169
169 170
170 171
171 172
170 173
173 174
169 175
175 176
168 177
177 178
0 179
