0 1
1 2
1 3
3 4
3 5
3 6
6 7
7 8
8 9
6 10
3 11
3 12
12 13
13 14
14 15
15 16
15 17
15 18
14 19
19 20
19 21
19 22
22 23
23 24
24 25
23 26
22 27
13 28
28 29
29 30
28 31
31 32
13 33
33 34
34 35
13 36
36 37
37 38
13 39
39 40
40 41
41 42
42 43
42 44
42 45
45 46
41 47
47 48
47 49
47 50
50 51
40 52
52 53
53 54
52 55
55 56
40 57
57 58
58 59
40 60
60 61
61 62
40 63
63 64
64 65
65 66
66 67
66 68
66 69
69 70
70 71
71 72
70 73
73 74
69 75
75 76
63 77
77 78
78 79
79 80
80 81
81 82
80 83
83 84
79 85
85 86
78 87
87 88
88 89
89 90
88 91
91 92
87 93
93 94
63 95
95 96
96 97
97 98
98 99
99 100
98 101
101 102
97 103
103 104
96 105
105 106
106 107
107 108
106 109
109 110
105 111
111 112
63 113
113 114
114 115
115 116
116 117
117 118
116 119
119 120
115 121
121 122
114 123
123 124
124 125
125 126
124 127
127 128
123 129
129 130
63 131
131 132
132 133
133 134
134 135
135 136
134 137
137 138
133 139
139 140
132 141
141 142
