0 1
1 2
1 3
3 4
3 5
3 6
6 7
7 8
8 9
6 10
3 11
3 12
12 13
13 14
14 15
15 16
15 17
15 18
18 19
19 20
18 21
12 22
22 23
23 24
24 25
24 26
24 27
27 28
28 29
29 30
28 31
27 32
12 33
33 34
34 35
35 36
36 37
37 38
35 39
35 40
40 41
40 42
42 43
43 44
40 45
45 46
46 47
12 48
48 49
49 50
50 51
50 52
50 53
12 54
54 55
55 56
56 57
56 58
56 59
54 60
60 61
61 62
60 63
63 64
54 65
65 66
66 67
54 68
68 69
69 70
70 71
71 72
71 73
71 74
74 75
68 76
76 77
77 78
78 79
78 80
78 81
76 82
82 83
83 84
82 85
85 86
76 87
87 88
88 89
76 90
90 91
91 92
92 93
93 94
90 95
95 96
96 97
97 98
98 99
99 100
98 101
101 102
97 103
103 104
96 105
105 106
106 107
107 108
106 109
109 110
105 111
111 112
68 113
113 114
114 115
115 116
12 117
117 118
118 119
119 120
119 121
119 122
117 123
123 124
124 125
123 126
126 127
117 128
128 129
129 130
117 131
131 132
132 133
133 134
134 135
134 136
134 137
132 138
138 139
139 140
138 141
141 142
132 143
143 144
144 145
132 146
146 147
147 148
148 149
149 150
150 151
151 152
150 153
153 154
149 155
155 156
148 157
157 158
158 159
159 160
158 161
161 162
157 163
163 164
