0 1
1 2
1 3
3 4
3 5
3 6
6 7
7 8
8 9
6 10
3 11
3 12
12 13
13 14
14 15
15 16
15 17
15 18
13 19
19 20
20 21
19 22
22 23
23 24
22 25
13 26
26 27
27 28
13 29
29 30
30 31
31 32
32 33
32 34
32 35
29 36
36 37
37 38
38 39
38 40
38 41
41 42
42 43
43 44
42 45
41 46
29 47
47 48
48 49
49 50
48 51
51 52
47 53
53 54
54 55
55 56
55 57
57 58
55 59
59 60
55 61
61 62
55 63
63 64
55 65
65 66
53 67
67 68
68 69
69 70
53 71
71 72
72 73
73 74
12 75
75 76
76 77
77 78
77 79
77 80
75 81
81 82
82 83
81 84
84 85
85 86
84 87
75 88
88 89
89 90
75 91
91 92
92 93
93 94
94 95
94 96
94 97
97 98
98 99
97 100
92 101
101 102
102 103
101 104
104 105
105 106
104 107
92 108
108 109
109 110
92 111
111 112
112 113
113 114
113 115
115 116
113 117
117 118
113 119
119 120
113 121
121 122
113 123
123 124
1 125
125 126
125 127
127 128
128 129
129 130
127 131
125 132
132 133
132 134
125 135
135 136
135 137
125 138
138 139
138 140
125 141
141 142
141 143
125 144
125 145
145 146
146 147
147 148
148 149
148 150
148 151
151 152
152 153
153 154
152 155
155 156
151 157
157 158
145 159
159 160
160 161
161 162
162 163
163 164
162 165
165 166
161 167
167 168
160 169
169 170
170 171
171 172
170 173
173 174
169 175
175 176
145 177
177 178
178 179
179 180
180 181
181 182
180 183
183 184
179 185
185 186
178 187
187 188
