0 1
1 2
1 3
3 4
3 5
3 6
6 7
7 8
8 9
6 10
3 11
3 12
12 13
13 14
14 15
15 16
15 17
15 18
13 19
19 20
20 21
19 22
22 23
23 24
22 25
13 26
26 27
27 28
13 29
29 30
30 31
31 32
32 33
32 34
32 35
35 36
30 37
37 38
38 39
37 40
40 41
41 42
40 43
30 44
44 45
45 46
30 47
47 48
48 49
49 50
50 51
50 52
50 53
53 54
54 55
55 56
54 57
57 58
53 59
59 60
47 61
61 62
62 63
63 64
64 65
65 66
64 67
67 68
63 69
69 70
62 71
71 72
72 73
73 74
72 75
75 76
71 77
77 78
47 79
79 80
80 81
81 82
82 83
83 84
82 85
85 86
81 87
87 88
80 89
89 90
12 91
91 92
92 93
93 94
93 95
93 96
91 97
97 98
98 99
97 100
100 101
101 102
100 103
91 104
104 105
105 106
91 107
107 108
108 109
109 110
110 111
110 112
110 113
108 114
114 115
115 116
114 117
117 118
118 119
119 120
118 121
117 122
108 123
123 124
124 125
108 126
126 127
127 128
128 129
129 130
129 131
129 132
132 133
133 134
134 135
133 136
136 137
132 138
138 139
126 140
140 141
141 142
142 143
143 144
144 145
143 146
146 147
142 148
148 149
141 150
150 151
151 152
152 153
151 154
154 155
150 156
156 157
157 158
158 159
159 160
158 161
157 162
156 163
163 164
126 165
165 166
166 167
167 168
168 169
169 170
168 171
171 172
167 173
173 174
174 175
175 176
176 177
175 178
174 179
173 180
180 181
166 182
182 183
