0 1
1 2
1 3
3 4
3 5
3 6
6 7
7 8
8 9
6 10
3 11
3 12
12 13
13 14
14 15
15 16
16 17
16 18
18 19
18 20
20 21
15 22
15 23
23 24
24 25
12 26
26 27
27 28
28 29
28 30
28 31
26 32
32 33
33 34
32 35
35 36
36 37
35 38
26 39
39 40
40 41
26 42
42 43
43 44
44 45
45 46
46 47
46 48
48 49
45 50
45 51
51 52
52 53
42 54
54 55
55 56
56 57
56 58
56 59
54 60
60 61
61 62
60 63
63 64
64 65
65 66
64 67
63 68
54 69
69 70
70 71
54 72
72 73
73 74
74 75
75 76
74 77
74 78
78 79
79 80
80 81
79 82
82 83
78 84
84 85
42 86
86 87
87 88
88 89
87 90
87 91
91 92
12 93
93 94
94 95
95 96
95 97
95 98
93 99
99 100
100 101
99 102
102 103
103 104
102 105
93 106
106 107
107 108
93 109
109 110
110 111
111 112
112 113
112 114
112 115
110 116
116 117
117 118
116 119
119 120
120 121
121 122
120 123
119 124
110 125
125 126
126 127
110 128
128 129
129 130
130 131
131 132
132 133
133 134
132 135
135 136
131 137
137 138
130 139
139 140
140 141
141 142
140 143
140 144
144 145
145 146
146 147
147 148
146 149
145 150
144 151
151 152
139 153
139 154
154 155
