0 1
1 2
1 3
3 4
3 5
3 6
6 7
7 8
8 9
6 10
3 11
3 12
12 13
13 14
14 15
15 16
15 17
15 18
18 19
19 20
18 21
12 22
22 23
23 24
24 25
24 26
24 27
27 28
28 29
29 30
28 31
27 32
12 33
33 34
34 35
35 36
35 37
35 38
12 39
39 40
40 41
41 42
41 43
41 44
44 45
45 46
46 47
45 48
44 49
12 50
50 51
51 52
52 53
51 54
54 55
50 56
56 57
57 58
58 59
59 60
59 61
59 62
57 63
63 64
64 65
63 66
66 67
57 68
68 69
69 70
57 71
71 72
72 73
73 74
74 75
74 76
74 77
77 78
78 79
79 80
78 81
81 82
77 83
83 84
71 85
85 86
86 87
87 88
88 89
89 90
88 91
91 92
87 93
93 94
86 95
95 96
96 97
97 98
96 99
99 100
95 101
101 102
71 103
103 104
104 105
105 106
106 107
107 108
106 109
109 110
105 111
111 112
104 113
113 114
56 115
115 116
116 117
117 118
56 119
119 120
120 121
121 122
12 123
123 124
124 125
125 126
125 127
125 128
123 129
129 130
130 131
129 132
132 133
123 134
134 135
135 136
123 137
137 138
138 139
139 140
140 141
140 142
140 143
138 144
144 145
145 146
144 147
147 148
138 149
149 150
150 151
138 152
152 153
153 154
154 155
155 156
155 157
155 158
158 159
159 160
160 161
159 162
162 163
158 164
164 165
152 166
166 167
167 168
168 169
169 170
170 171
169 172
172 173
168 174
174 175
167 176
176 177
177 178
178 179
177 180
180 181
176 182
182 183
152 184
184 185
185 186
186 187
187 188
188 189
187 190
190 191
186 192
192 193
185 194
194 195
12 196
12 197
12 198
12 199
12 200
12 201
12 202
12 203
12 204
12 205
