0 1
1 2
1 3
3 4
3 5
3 6
6 7
7 8
8 9
6 10
3 11
3 12
12 13
13 14
14 15
15 16
15 17
15 18
18 19
19 20
20 21
19 22
18 23
12 24
24 25
25 26
26 27
26 28
26 29
24 30
30 31
31 32
30 33
33 34
34 35
33 36
36 37
36 38
24 39
39 40
40 41
24 42
42 43
43 44
44 45
45 46
45 47
45 48
48 49
43 50
50 51
51 52
50 53
53 54
54 55
53 56
56 57
43 58
58 59
59 60
43 61
61 62
62 63
63 64
64 65
64 66
64 67
67 68
68 69
69 70
68 71
71 72
67 73
73 74
74 75
73 76
76 77
61 78
78 79
79 80
80 81
81 82
82 83
81 84
84 85
80 86
86 87
87 88
86 89
89 90
79 91
91 92
92 93
93 94
92 95
95 96
91 97
97 98
61 99
99 100
100 101
101 102
101 103
101 104
104 105
105 106
106 107
105 108
108 109
109 110
108 111
111 112
104 113
113 114
114 115
113 116
116 117
61 118
118 119
119 120
120 121
121 122
122 123
121 124
124 125
125 126
124 127
127 128
120 129
129 130
130 131
129 132
132 133
119 134
134 135
61 136
136 137
137 138
138 139
137 140
140 141
141 142
142 143
141 144
144 145
145 146
144 147
147 148
140 149
149 150
61 151
151 152
152 153
153 154
154 155
155 156
154 157
157 158
158 159
157 160
160 161
153 162
162 163
152 164
164 165
61 166
166 167
167 168
168 169
169 170
170 171
169 172
172 173
168 174
174 175
167 176
176 177
