0 1
1 2
1 3
3 4
3 5
3 6
6 7
7 8
8 9
6 10
3 11
3 12
12 13
13 14
14 15
15 16
15 17
15 18
13 19
19 20
20 21
19 22
22 23
23 24
22 25
13 26
26 27
27 28
13 29
29 30
30 31
31 32
32 33
32 34
32 35
30 36
36 37
37 38
36 39
39 40
40 41
41 42
40 43
39 44
30 45
45 46
46 47
30 48
48 49
49 50
50 51
51 52
50 53
53 54
49 55
55 56
56 57
57 58
58 59
58 60
58 61
61 62
62 63
63 64
62 65
65 66
61 67
67 68
55 69
69 70
70 71
71 72
72 73
73 74
72 75
75 76
71 77
77 78
70 79
79 80
80 81
81 82
80 83
83 84
79 85
85 86
55 87
87 88
88 89
89 90
90 91
91 92
90 93
93 94
89 95
95 96
88 97
97 98
1 99
99 100
99 101
99 102
102 103
103 104
104 105
102 106
99 107
99 108
108 109
109 110
110 111
110 112
112 113
108 114
114 115
115 116
116 117
116 118
116 119
114 120
120 121
121 122
120 123
123 124
124 125
123 126
114 127
127 128
128 129
114 130
130 131
131 132
132 133
133 134
133 135
133 136
131 137
137 138
138 139
137 140
140 141
141 142
142 143
143 144
142 145
141 146
140 147
131 148
148 149
149 150
131 151
151 152
152 153
153 154
154 155
154 156
154 157
157 158
158 159
159 160
158 161
161 162
157 163
163 164
151 165
165 166
166 167
167 168
168 169
169 170
168 171
171 172
167 173
173 174
166 175
175 176
176 177
177 178
176 179
179 180
175 181
181 182
182 183
183 184
184 185
185 186
184 187
183 188
182 189
181 190
190 191
151 192
192 193
193 194
194 195
195 196
196 197
195 198
198 199
194 200
200 201
201 202
202 203
203 204
204 205
203 206
202 207
201 208
200 209
209 210
193 211
211 212
