0 1
1 2
1 3
3 4
3 5
5 6
5 7
5 8
1 9
9 10
9 11
9 12
12 13
13 14
12 15
9 16
9 17
17 18
18 19
19 20
20 21
19 22
18 23
23 24
17 25
25 26
26 27
27 28
27 29
26 30
30 31
31 32
30 33
17 34
34 35
35 36
35 37
37 38
17 39
39 40
40 41
40 42
1 43
43 44
43 45
43 46
46 47
47 48
46 49
43 50
43 51
51 52
52 53
53 54
54 55
53 56
52 57
57 58
51 59
59 60
60 61
61 62
62 63
63 64
62 65
61 66
60 67
67 68
68 69
69 70
68 71
67 72
59 73
73 74
74 75
75 76
76 77
77 78
76 79
75 80
80 81
80 82
74 83
83 84
84 85
85 86
86 87
86 88
85 89
89 90
90 91
89 92
73 93
93 94
94 95
95 96
94 97
51 98
98 99
99 100
100 101
100 102
100 103
103 104
103 105
105 106
106 107
105 108
51 109
109 110
110 111
111 112
111 113
111 114
114 115
114 116
116 117
117 118
116 119
51 120
120 121
121 122
122 123
122 124
122 125
125 126
126 127
125 128
51 129
129 130
130 131
131 132
132 133
131 134
130 135
135 136
136 137
137 138
138 139
137 140
136 141
141 142
142 143
143 144
144 145
143 146
142 147
147 148
142 149
135 150
150 151
151 152
152 153
153 154
152 155
151 156
156 157
151 158
51 159
159 160
160 161
161 162
162 163
161 164
160 165
165 166
165 167
159 168
168 169
169 170
170 171
171 172
171 173
170 174
174 175
175 176
174 177
51 178
178 179
179 180
180 181
180 182
180 183
183 184
184 185
183 186
183 187
187 188
183 189
189 190
51 191
191 192
192 193
193 194
192 195
191 196
196 197
197 198
198 199
199 200
198 201
51 202
202 203
203 204
204 205
203 206
206 207
