0 1
1 2
1 3
3 4
4 5
4 6
4 7
7 8
8 9
7 10
1 11
11 12
11 13
11 14
14 15
15 16
14 17
11 18
11 19
19 20
20 21
21 22
21 23
23 24
19 25
25 26
26 27
1 28
28 29
28 30
28 31
31 32
32 33
31 34
28 35
28 36
36 37
37 38
38 39
39 40
38 41
37 42
42 43
43 44
36 45
45 46
46 47
47 48
47 49
47 50
50 51
50 52
52 53
53 54
52 55
36 56
56 57
57 58
58 59
58 60
58 61
61 62
61 63
63 64
64 65
63 66
36 67
67 68
68 69
69 70
69 71
69 72
72 73
73 74
72 75
72 76
76 77
77 78
76 79
76 80
80 81
81 82
80 83
83 84
84 85
83 86
76 87
87 88
88 89
87 90
90 91
91 92
90 93
72 94
94 95
95 96
94 97
36 98
98 99
99 100
100 101
100 102
100 103
103 104
104 105
103 106
103 107
107 108
108 109
109 110
108 111
111 112
107 113
113 114
114 115
113 116
103 117
117 118
36 119
119 120
120 121
121 122
120 123
123 124
124 125
123 126
123 127
127 128
123 129
129 130
36 131
131 132
132 133
