0 1
1 2
1 3
3 4
3 5
3 6
6 7
7 8
6 9
3 10
3 11
11 12
12 13
13 14
14 15
13 16
12 17
17 18
18 19
11 20
20 21
21 22
22 23
22 24
22 25
25 26
25 27
27 28
28 29
27 30
11 31
31 32
32 33
33 34
33 35
33 36
36 37
36 38
38 39
39 40
38 41
11 42
42 43
43 44
44 45
44 46
44 47
47 48
48 49
47 50
47 51
51 52
47 53
53 54
11 55
55 56
56 57
57 58
58 59
57 60
56 61
61 62
62 63
63 64
62 65
61 66
66 67
56 68
68 69
69 70
68 71
1 72
72 73
72 74
72 75
75 76
76 77
75 78
72 79
72 80
80 81
81 82
82 83
83 84
82 85
81 86
86 87
87 88
88 89
89 90
88 91
80 92
92 93
93 94
94 95
94 96
94 97
97 98
97 99
99 100
100 101
99 102
80 103
103 104
104 105
105 106
105 107
105 108
108 109
108 110
110 111
111 112
110 113
80 114
114 115
115 116
116 117
116 118
116 119
119 120
120 121
119 122
80 123
123 124
124 125
125 126
125 127
125 128
128 129
128 130
130 131
131 132
130 133
80 134
134 135
135 136
136 137
136 138
136 139
139 140
139 141
141 142
142 143
141 144
80 145
145 146
146 147
147 148
146 149
145 150
150 151
151 152
152 153
151 154
154 155
80 156
156 157
157 158
158 159
157 160
156 161
161 162
162 163
163 164
162 165
165 166
80 167
167 168
168 169
169 170
168 171
168 172
172 173
168 174
174 175
175 176
174 177
174 178
178 179
174 180
180 181
