0 1
1 2
1 3
3 4
4 5
4 6
1 7
7 8
7 9
7 10
10 11
11 12
10 13
7 14
7 15
15 16
16 17
17 18
18 19
17 20
20 21
21 22
20 23
15 24
24 25
25 26
25 27
27 28
15 29
29 30
30 31
1 32
32 33
32 34
34 35
35 36
34 37
32 38
32 39
39 40
40 41
41 42
42 43
41 44
40 45
45 46
39 47
47 48
48 49
49 50
49 51
49 52
52 53
52 54
54 55
55 56
54 57
39 58
58 59
59 60
60 61
60 62
60 63
63 64
63 65
65 66
66 67
65 68
39 69
69 70
70 71
71 72
71 73
71 74
74 75
74 76
76 77
77 78
76 79
79 80
80 81
79 82
74 83
83 84
84 85
83 86
86 87
87 88
86 89
74 90
90 91
91 92
90 93
39 94
94 95
95 96
96 97
95 98
98 99
98 100
100 101
98 102
102 103
98 104
104 105
105 106
106 107
105 108
108 109
104 110
110 111
111 112
110 113
39 114
114 115
115 116
1 117
117 118
117 119
119 120
119 121
117 122
122 123
122 124
117 125
125 126
125 127
117 128
117 129
129 130
130 131
131 132
132 133
131 134
131 135
135 136
136 137
135 138
135 139
139 140
135 141
141 142
131 143
143 144
