0 1
1 2
1 3
3 4
4 5
5 6
5 7
7 8
4 9
1 10
10 11
11 12
11 13
11 14
14 15
15 16
14 17
1 18
18 19
18 20
18 21
21 22
22 23
21 24
18 25
25 26
25 27
18 28
18 29
29 30
30 31
31 32
32 33
31 34
34 35
35 36
29 37
37 38
38 39
38 40
40 41
38 42
42 43
38 44
29 45
45 46
46 47
47 48
48 49
47 50
50 51
51 52
50 53
46 54
54 55
46 56
56 57
1 58
58 59
58 60
58 61
61 62
62 63
61 64
58 65
65 66
65 67
58 68
68 69
68 70
58 71
58 72
72 73
73 74
74 75
75 76
74 77
77 78
73 79
79 80
80 81
81 82
82 83
81 84
84 85
85 86
84 87
84 88
88 89
84 90
90 91
91 92
90 93
79 94
73 95
95 96
96 97
97 98
98 99
97 100
96 101
101 102
95 103
103 104
72 105
105 106
106 107
107 108
107 109
107 110
110 111
111 112
112 113
111 114
110 115
105 116
116 117
117 118
116 119
105 120
120 121
121 122
105 123
123 124
124 125
125 126
126 127
127 128
126 129
129 130
130 131
129 132
132 133
125 134
134 135
124 136
136 137
123 138
138 139
139 140
140 141
139 142
139 143
143 144
144 145
143 146
146 147
123 148
148 149
149 150
149 151
151 152
149 153
153 154
149 155
155 156
156 157
155 158
158 159
159 160
158 161
161 162
123 163
163 164
164 165
165 166
164 167
164 168
168 169
169 170
170 171
169 172
168 173
