0 1
1 2
1 3
3 4
3 5
3 6
6 7
7 8
6 9
3 10
10 11
10 12
3 13
3 14
14 15
15 16
16 17
17 18
16 19
15 20
20 21
14 22
22 23
23 24
24 25
25 26
24 27
24 28
28 29
28 30
30 31
31 32
32 33
31 34
14 35
35 36
36 37
37 38
36 39
36 40
40 41
36 42
36 43
43 44
44 45
43 46
36 47
47 48
48 49
47 50
14 51
51 52
52 53
53 54
53 55
51 56
56 57
51 58
58 59
59 60
60 61
60 62
60 63
63 64
58 65
65 66
66 67
65 68
68 69
58 70
70 71
71 72
58 73
73 74
74 75
75 76
76 77
75 78
78 79
74 80
80 81
81 82
80 83
80 84
84 85
85 86
84 87
87 88
80 89
89 90
90 91
91 92
90 93
93 94
94 95
93 96
96 97
89 98
14 99
99 100
100 101
101 102
102 103
103 104
102 105
105 106
101 107
107 108
108 109
107 110
100 111
111 112
100 113
113 114
114 115
113 116
116 117
