0 1
1 2
1 3
3 4
3 5
3 6
6 7
7 8
6 9
3 10
10 11
10 12
3 13
3 14
14 15
15 16
16 17
17 18
17 19
17 20
20 21
21 22
20 23
14 24
24 25
25 26
26 27
27 28
28 29
26 30
26 31
31 32
31 33
33 34
34 35
35 36
34 37
31 38
38 39
39 40
40 41
39 42
14 43
43 44
44 45
45 46
45 47
45 48
43 49
49 50
50 51
49 52
52 53
43 54
54 55
55 56
43 57
57 58
58 59
59 60
60 61
60 62
60 63
58 64
64 65
65 66
64 67
67 68
58 69
69 70
70 71
58 72
72 73
73 74
74 75
75 76
76 77
77 78
76 79
79 80
75 81
81 82
74 83
83 84
14 85
85 86
86 87
87 88
87 89
87 90
90 91
90 92
92 93
90 94
94 95
90 96
96 97
90 98
98 99
14 100
100 101
101 102
102 103
101 104
104 105
105 106
106 107
105 108
104 109
100 110
110 111
111 112
112 113
14 114
114 115
115 116
1 117
117 118
117 119
117 120
120 121
120 122
117 123
123 124
123 125
117 126
126 127
127 128
126 129
117 130
130 131
131 132
132 133
130 134
117 135
117 136
136 137
137 138
138 139
139 140
140 141
141 142
140 143
143 144
139 145
145 146
138 147
147 148
137 149
149 150
150 151
151 152
152 153
153 154
152 155
155 156
151 157
157 158
136 159
159 160
160 161
161 162
160 163
159 164
164 165
165 166
166 167
167 168
168 169
169 170
168 171
171 172
167 173
173 174
166 175
136 176
176 177
177 178
178 179
177 180
176 181
181 182
182 183
183 184
184 185
185 186
186 187
185 188
188 189
184 190
190 191
183 192
192 193
193 194
194 195
193 196
192 197
136 198
198 199
199 200
200 201
201 202
200 203
203 204
204 205
203 206
199 207
207 208
198 209
209 210
210 211
211 212
212 213
213 214
214 215
213 216
216 217
212 218
218 219
211 220
220 221
221 222
220 223
220 224
224 225
224 226
226 227
226 228
228 229
229 230
228 231
231 232
232 233
231 234
234 235
235 236
234 237
226 238
238 239
226 240
240 241
226 242
242 243
220 244
244 245
244 246
246 247
244 248
248 249
249 250
248 251
244 252
252 253
244 254
254 255
198 256
256 257
257 258
258 259
259 260
260 261
261 262
260 263
263 264
259 265
265 266
258 267
267 268
267 269
269 270
267 271
271 272
272 273
271 274
267 275
275 276
267 277
277 278
