0 1
1 2
1 3
3 4
3 5
5 6
6 7
5 8
3 9
9 10
10 11
9 12
1 13
13 14
13 15
13 16
16 17
17 18
16 19
13 20
20 21
20 22
13 23
13 24
24 25
25 26
26 27
27 28
27 29
26 30
30 31
24 32
32 33
33 34
34 35
34 36
33 37
37 38
37 39
39 40
40 41
41 42
40 43
24 44
44 45
45 46
45 47
47 48
1 49
49 50
49 51
49 52
52 53
52 54
49 55
49 56
56 57
57 58
58 59
59 60
58 61
57 62
62 63
56 64
64 65
65 66
66 67
65 68
64 69
69 70
70 71
56 72
72 73
73 74
74 75
75 76
74 77
77 78
73 79
72 80
80 81
81 82
82 83
81 84
84 85
56 86
86 87
87 88
88 89
88 90
88 91
91 92
92 93
91 94
56 95
95 96
96 97
97 98
97 99
95 100
100 101
95 102
102 103
103 104
104 105
105 106
105 107
105 108
108 109
108 110
110 111
111 112
110 113
113 114
102 115
115 116
116 117
117 118
118 119
117 120
116 121
121 122
122 123
121 124
124 125
115 126
126 127
127 128
128 129
129 130
128 131
131 132
131 133
133 134
56 135
135 136
136 137
137 138
136 139
139 140
140 141
139 142
135 143
143 144
144 145
145 146
146 147
147 148
146 149
149 150
145 151
151 152
135 153
153 154
154 155
155 156
156 157
157 158
156 159
159 160
155 161
161 162
56 163
163 164
164 165
165 166
164 167
167 168
