0 1
1 2
1 3
3 4
3 5
3 6
6 7
7 8
6 9
3 10
10 11
10 12
3 13
3 14
14 15
15 16
16 17
17 18
17 19
17 20
20 21
21 22
20 23
14 24
24 25
25 26
26 27
27 28
28 29
26 30
26 31
31 32
31 33
33 34
34 35
35 36
34 37
31 38
38 39
39 40
40 41
39 42
14 43
43 44
44 45
45 46
45 47
45 48
43 49
49 50
50 51
49 52
52 53
43 54
54 55
55 56
43 57
57 58
58 59
59 60
60 61
61 62
62 63
61 64
60 65
65 66
59 67
67 68
68 69
69 70
68 71
67 72
14 73
73 74
74 75
75 76
75 77
75 78
73 79
79 80
80 81
79 82
82 83
73 84
84 85
85 86
73 87
87 88
88 89
89 90
90 91
91 92
90 93
93 94
94 95
93 96
89 97
88 98
98 99
99 100
100 101
101 102
102 103
103 104
102 105
101 106
106 107
100 108
108 109
109 110
108 111
111 112
112 113
111 114
88 115
115 116
116 117
117 118
118 119
119 120
120 121
119 122
118 123
123 124
117 125
125 126
126 127
127 128
126 129
125 130
14 131
131 132
132 133
133 134
133 135
133 136
131 137
137 138
138 139
137 140
140 141
131 142
142 143
143 144
131 145
145 146
146 147
147 148
148 149
148 150
148 151
146 152
152 153
153 154
152 155
155 156
146 157
157 158
158 159
146 160
160 161
161 162
162 163
163 164
164 165
163 166
166 167
167 168
166 169
162 170
170 171
161 172
172 173
173 174
174 175
175 176
176 177
177 178
176 179
179 180
175 181
181 182
174 183
183 184
184 185
183 186
183 187
187 188
188 189
189 190
190 191
189 192
192 193
188 194
194 195
195 196
194 197
197 198
198 199
197 200
200 201
201 202
200 203
187 204
183 205
205 206
206 207
207 208
206 209
209 210
210 211
209 212
205 213
213 214
161 215
215 216
216 217
217 218
218 219
219 220
220 221
219 222
222 223
218 224
224 225
217 226
226 227
227 228
228 229
227 230
230 231
231 232
230 233
226 234
234 235
14 236
236 237
237 238
238 239
239 240
240 241
241 242
240 243
243 244
239 245
245 246
238 247
247 248
248 249
249 250
248 251
247 252
237 253
253 254
254 255
255 256
256 257
255 258
258 259
254 260
260 261
253 262
262 263
263 264
262 265
236 266
266 267
267 268
268 269
14 270
270 271
271 272
272 273
273 274
272 275
275 276
271 277
277 278
