0 1
1 2
1 3
3 4
3 5
3 6
6 7
7 8
6 9
3 10
10 11
10 12
3 13
3 14
14 15
15 16
16 17
17 18
18 19
19 20
17 21
17 22
22 23
22 24
24 25
25 26
26 27
27 28
26 29
25 30
22 31
31 32
32 33
33 34
32 35
14 36
36 37
37 38
38 39
37 40
37 41
41 42
42 43
41 44
37 45
45 46
46 47
45 48
14 49
49 50
50 51
51 52
52 53
53 54
52 55
51 56
50 57
14 58
58 59
59 60
60 61
60 62
60 63
58 64
64 65
65 66
64 67
67 68
68 69
69 70
68 71
67 72
58 73
73 74
74 75
58 76
76 77
77 78
78 79
79 80
79 81
79 82
77 83
83 84
84 85
83 86
86 87
87 88
86 89
77 90
90 91
91 92
77 93
93 94
94 95
95 96
96 97
95 98
98 99
99 100
98 101
101 102
102 103
101 104
94 105
105 106
106 107
107 108
108 109
109 110
110 111
109 112
112 113
108 114
114 115
107 116
116 117
117 118
118 119
117 120
120 121
121 122
120 123
116 124
124 125
94 126
126 127
127 128
128 129
129 130
129 131
129 132
132 133
133 134
134 135
133 136
136 137
137 138
136 139
132 140
140 141
126 142
142 143
143 144
144 145
144 146
144 147
147 148
148 149
149 150
148 151
151 152
147 153
153 154
154 155
153 156
156 157
157 158
156 159
159 160
160 161
159 162
126 163
163 164
164 165
165 166
164 167
167 168
168 169
167 170
163 171
171 172
172 173
173 174
174 175
175 176
176 177
175 178
178 179
174 180
180 181
173 182
182 183
183 184
182 185
182 186
186 187
182 188
188 189
189 190
188 191
163 192
192 193
193 194
194 195
195 196
196 197
197 198
196 199
199 200
195 201
201 202
194 203
203 204
14 205
205 206
206 207
207 208
208 209
209 210
210 211
209 212
212 213
213 214
212 215
208 216
216 217
207 218
218 219
219 220
218 221
206 222
222 223
206 224
224 225
225 226
226 227
225 228
228 229
229 230
228 231
224 232
232 233
