0 1
1 2
1 3
3 4
3 5
3 6
6 7
7 8
6 9
3 10
10 11
10 12
3 13
3 14
14 15
15 16
16 17
17 18
16 19
15 20
20 21
14 22
22 23
23 24
23 25
25 26
23 27
27 28
23 29
29 30
29 31
31 32
32 33
1 34
34 35
34 36
34 37
37 38
38 39
37 40
34 41
41 42
41 43
34 44
44 45
45 46
44 47
34 48
34 49
49 50
50 51
51 52
52 53
51 54
50 55
55 56
56 57
49 58
58 59
59 60
60 61
59 62
58 63
63 64
49 65
65 66
66 67
67 68
68 69
67 70
70 71
71 72
70 73
66 74
65 75
75 76
76 77
77 78
76 79
79 80
80 81
79 82
49 83
83 84
84 85
85 86
85 87
85 88
88 89
89 90
88 91
49 92
92 93
93 94
94 95
94 96
92 97
97 98
92 99
99 100
100 101
101 102
102 103
102 104
102 105
105 106
105 107
107 108
105 109
109 110
110 111
109 112
112 113
105 114
114 115
99 116
116 117
117 118
118 119
119 120
118 121
117 122
122 123
123 124
122 125
125 126
116 127
127 128
128 129
129 130
128 131
131 132
131 133
133 134
49 135
135 136
136 137
137 138
138 139
137 140
140 141
141 142
140 143
136 144
144 145
145 146
146 147
147 148
146 149
149 150
150 151
149 152
144 153
153 154
144 155
155 156
49 157
157 158
158 159
159 160
158 161
161 162
162 163
161 164
