0 1
1 2
1 3
3 4
3 5
3 6
6 7
6 8
3 9
9 10
9 11
3 12
12 13
13 14
14 15
12 16
3 17
17 18
18 19
19 20
17 21
3 22
3 23
23 24
24 25
25 26
26 27
27 28
26 29
25 30
30 31
31 32
30 33
24 34
34 35
23 36
36 37
37 38
38 39
39 40
40 41
39 42
42 43
38 44
44 45
37 46
36 47
47 48
23 49
49 50
50 51
51 52
52 53
53 54
52 55
51 56
56 57
57 58
56 59
50 60
60 61
61 62
62 63
63 64
62 65
65 66
61 67
67 68
60 69
49 70
70 71
23 72
72 73
73 74
74 75
75 76
76 77
75 78
78 79
74 80
80 81
73 82
82 83
72 84
84 85
85 86
86 87
87 88
86 89
89 90
85 91
91 92
23 93
93 94
94 95
95 96
95 97
95 98
98 99
98 100
100 101
98 102
102 103
103 104
102 105
98 106
106 107
98 108
108 109
23 110
110 111
111 112
112 113
112 114
112 115
115 116
115 117
117 118
118 119
117 120
115 121
121 122
115 123
123 124
115 125
125 126
23 127
127 128
128 129
129 130
130 131
131 132
130 133
133 134
129 135
135 136
128 137
137 138
138 139
137 140
140 141
1 142
142 143
142 144
142 145
145 146
146 147
147 148
145 149
142 150
142 151
151 152
152 153
153 154
154 155
155 156
156 157
154 158
154 159
159 160
159 161
161 162
162 163
163 164
162 165
159 166
166 167
167 168
168 169
169 170
168 171
167 172
151 173
173 174
174 175
175 176
176 177
175 178
173 179
179 180
173 181
181 182
182 183
183 184
184 185
183 186
183 187
187 188
183 189
189 190
151 191
191 192
192 193
192 194
194 195
195 196
196 197
195 198
194 199
192 200
200 201
201 202
202 203
203 204
202 205
201 206
200 207
192 208
208 209
192 210
210 211
