0 1
1 2
1 3
3 4
3 5
3 6
6 7
7 8
8 9
6 10
3 11
3 12
12 13
13 14
14 15
15 16
16 17
17 18
15 19
15 20
20 21
20 22
22 23
23 24
24 25
23 26
20 27
27 28
28 29
29 30
30 31
29 32
28 33
12 34
34 35
35 36
36 37
36 38
36 39
34 40
40 41
41 42
40 43
43 44
44 45
45 46
44 47
43 48
34 49
49 50
50 51
34 52
52 53
53 54
54 55
55 56
56 57
57 58
56 59
55 60
60 61
54 62
53 63
63 64
64 65
65 66
66 67
67 68
68 69
67 70
66 71
71 72
65 73
53 74
74 75
75 76
76 77
77 78
76 79
75 80
80 81
81 82
82 83
83 84
84 85
85 86
84 87
83 88
88 89
89 90
88 91
82 92
81 93
93 94
94 95
95 96
96 97
97 98
98 99
97 100
96 101
101 102
95 103
93 104
104 105
105 106
106 107
107 108
108 109
107 110
106 111
111 112
105 113
93 114
74 115
115 116
116 117
117 118
118 119
119 120
118 121
117 122
122 123
116 124
12 125
125 126
126 127
127 128
127 129
127 130
125 131
131 132
132 133
131 134
134 135
135 136
134 137
125 138
138 139
139 140
125 141
141 142
142 143
143 144
144 145
145 146
146 147
145 148
148 149
144 150
143 151
142 152
152 153
153 154
154 155
155 156
156 157
157 158
156 159
159 160
155 161
154 162
142 163
163 164
164 165
165 166
166 167
165 168
164 169
169 170
170 171
171 172
172 173
173 174
174 175
173 176
176 177
177 178
176 179
172 180
171 181
170 182
182 183
183 184
184 185
185 186
186 187
187 188
186 189
189 190
185 191
184 192
182 193
193 194
194 195
195 196
196 197
197 198
196 199
199 200
195 201
194 202
182 203
163 204
204 205
205 206
206 207
207 208
208 209
207 210
210 211
206 212
205 213
12 214
214 215
215 216
216 217
216 218
216 219
214 220
220 221
221 222
220 223
223 224
224 225
223 226
214 227
227 228
228 229
214 230
230 231
231 232
232 233
233 234
233 235
233 236
231 237
237 238
238 239
237 240
240 241
241 242
242 243
241 244
240 245
231 246
246 247
247 248
231 249
249 250
250 251
251 252
252 253
253 254
254 255
253 256
256 257
252 258
258 259
251 260
250 261
261 262
262 263
263 264
264 265
265 266
266 267
265 268
268 269
264 270
270 271
263 272
250 273
273 274
274 275
275 276
276 277
277 278
278 279
277 280
280 281
276 282
282 283
275 284
284 285
285 286
286 287
287 288
286 289
289 290
290 291
289 292
285 293
293 294
284 295
295 296
296 297
297 298
296 299
299 300
295 301
301 302
302 303
301 304
12 305
305 306
306 307
307 308
308 309
307 310
310 311
311 312
312 313
311 314
310 315
306 316
316 317
317 318
318 319
319 320
318 321
317 322
316 323
