0 1
1 2
1 3
3 4
3 5
3 6
6 7
7 8
8 9
6 10
3 11
3 12
12 13
13 14
14 15
15 16
16 17
17 18
16 19
15 20
14 21
13 22
22 23
23 24
12 25
25 26
26 27
27 28
27 29
27 30
30 31
31 32
30 33
12 34
34 35
35 36
36 37
36 38
36 39
39 40
40 41
41 42
40 43
39 44
12 45
45 46
46 47
47 48
48 49
49 50
47 51
47 52
52 53
52 54
54 55
55 56
52 57
57 58
58 59
12 60
60 61
61 62
62 63
63 64
64 65
63 66
62 67
61 68
12 69
69 70
70 71
71 72
71 73
71 74
69 75
75 76
76 77
75 78
78 79
69 80
80 81
81 82
69 83
83 84
84 85
85 86
86 87
86 88
86 89
84 90
90 91
91 92
90 93
93 94
84 95
95 96
96 97
84 98
98 99
99 100
100 101
101 102
101 103
101 104
98 105
105 106
106 107
107 108
107 109
107 110
98 111
111 112
112 113
113 114
114 115
113 116
112 117
117 118
118 119
117 120
111 121
121 122
98 123
123 124
124 125
125 126
126 127
125 128
124 129
129 130
130 131
129 132
132 133
123 134
134 135
135 136
136 137
137 138
136 139
139 140
140 141
141 142
140 143
143 144
144 145
143 146
139 147
147 148
98 149
149 150
150 151
151 152
152 153
151 154
150 155
155 156
156 157
155 158
158 159
149 160
160 161
161 162
162 163
163 164
162 165
165 166
166 167
167 168
166 169
169 170
165 171
171 172
172 173
171 174
98 175
175 176
176 177
177 178
178 179
179 180
178 181
181 182
177 183
183 184
176 185
185 186
186 187
185 188
188 189
98 190
190 191
191 192
192 193
193 194
194 195
193 196
196 197
192 198
198 199
191 200
190 201
201 202
202 203
203 204
204 205
205 206
206 207
205 208
208 209
204 210
210 211
203 212
12 213
213 214
214 215
215 216
216 217
215 218
218 219
219 220
218 221
214 222
222 223
223 224
222 225
