0 1
1 2
1 3
3 4
3 5
3 6
6 7
7 8
8 9
6 10
3 11
3 12
12 13
13 14
14 15
15 16
15 17
15 18
18 19
19 20
18 21
12 22
22 23
23 24
24 25
24 26
24 27
27 28
28 29
29 30
28 31
27 32
12 33
33 34
34 35
35 36
36 37
37 38
38 39
37 40
36 41
35 42
34 43
43 44
44 45
45 46
46 47
45 48
48 49
49 50
48 51
44 52
52 53
53 54
52 55
43 56
33 57
57 58
58 59
12 60
60 61
61 62
62 63
63 64
64 65
62 66
62 67
67 68
67 69
69 70
70 71
67 72
72 73
73 74
12 75
75 76
76 77
77 78
78 79
79 80
78 81
77 82
76 83
12 84
84 85
85 86
86 87
86 88
86 89
84 90
90 91
91 92
90 93
93 94
84 95
95 96
96 97
84 98
98 99
99 100
100 101
101 102
102 103
103 104
102 105
105 106
101 107
100 108
108 109
109 110
110 111
111 112
112 113
113 114
114 115
113 116
116 117
112 118
111 119
110 120
120 121
121 122
122 123
123 124
122 125
125 126
126 127
125 128
121 129
120 130
108 131
108 132
12 133
133 134
134 135
135 136
135 137
135 138
133 139
139 140
140 141
139 142
142 143
133 144
144 145
145 146
133 147
147 148
148 149
149 150
150 151
151 152
152 153
151 154
150 155
155 156
149 157
157 158
158 159
159 160
160 161
161 162
162 163
163 164
162 165
161 166
166 167
160 168
159 169
169 170
170 171
171 172
172 173
171 174
170 175
175 176
176 177
175 178
169 179
157 180
157 181
12 182
182 183
183 184
184 185
184 186
184 187
182 188
188 189
189 190
188 191
191 192
182 193
193 194
194 195
182 196
196 197
197 198
198 199
199 200
199 201
199 202
197 203
203 204
204 205
203 206
206 207
197 208
208 209
209 210
197 211
211 212
212 213
213 214
214 215
215 216
216 217
215 218
218 219
214 220
220 221
213 222
212 223
223 224
224 225
225 226
226 227
227 228
228 229
227 230
230 231
226 232
232 233
225 234
234 235
235 236
236 237
237 238
236 239
239 240
240 241
239 242
235 243
243 244
234 245
245 246
246 247
247 248
246 249
249 250
245 251
251 252
252 253
251 254
12 255
255 256
256 257
257 258
258 259
257 260
260 261
261 262
260 263
256 264
264 265
265 266
264 267
