0 1
1 2
1 3
3 4
3 5
3 6
6 7
7 8
8 9
6 10
3 11
3 12
12 13
13 14
14 15
15 16
16 17
17 18
18 19
17 20
16 21
15 22
14 23
23 24
24 25
25 26
26 27
25 28
28 29
29 30
30 31
29 32
28 33
24 34
34 35
35 36
36 37
37 38
36 39
35 40
34 41
23 42
13 43
43 44
44 45
12 46
46 47
47 48
48 49
48 50
48 51
12 52
52 53
53 54
54 55
55 56
56 57
54 58
54 59
59 60
59 61
61 62
62 63
63 64
62 65
59 66
66 67
67 68
68 69
69 70
68 71
67 72
12 73
73 74
74 75
75 76
75 77
75 78
73 79
79 80
80 81
79 82
82 83
83 84
84 85
83 86
82 87
73 88
88 89
89 90
73 91
91 92
92 93
93 94
94 95
93 96
96 97
97 98
98 99
99 100
98 101
97 102
102 103
96 104
92 105
105 106
106 107
107 108
108 109
109 110
110 111
109 112
108 113
113 114
107 115
105 116
116 117
117 118
118 119
117 120
92 121
121 122
122 123
123 124
124 125
125 126
126 127
125 128
124 129
129 130
123 131
12 132
132 133
133 134
134 135
133 136
12 137
137 138
138 139
139 140
139 141
139 142
137 143
143 144
144 145
143 146
146 147
147 148
146 149
137 150
150 151
151 152
137 153
153 154
154 155
155 156
156 157
155 158
158 159
159 160
160 161
161 162
160 163
163 164
159 165
158 166
154 167
167 168
168 169
169 170
170 171
171 172
172 173
171 174
174 175
170 176
169 177
167 178
178 179
179 180
180 181
179 182
154 183
183 184
184 185
185 186
186 187
187 188
188 189
187 190
190 191
186 192
185 193
12 194
194 195
195 196
196 197
196 198
196 199
194 200
200 201
201 202
200 203
203 204
204 205
203 206
194 207
207 208
208 209
194 210
210 211
211 212
212 213
213 214
213 215
213 216
211 217
217 218
218 219
217 220
220 221
221 222
222 223
221 224
220 225
211 226
226 227
227 228
211 229
229 230
230 231
231 232
232 233
233 234
234 235
233 236
236 237
232 238
238 239
231 240
230 241
241 242
242 243
243 244
244 245
245 246
246 247
245 248
248 249
244 250
250 251
243 252
241 253
230 254
254 255
255 256
256 257
257 258
258 259
259 260
258 261
261 262
257 263
263 264
256 265
265 266
266 267
267 268
268 269
267 270
270 271
266 272
272 273
273 274
272 275
265 276
276 277
277 278
278 279
277 280
280 281
281 282
280 283
276 284
284 285
12 286
286 287
287 288
288 289
289 290
288 291
291 292
292 293
293 294
292 295
291 296
287 297
297 298
298 299
299 300
300 301
299 302
298 303
297 304
