0 1
1 2
1 3
3 4
3 5
3 6
6 7
7 8
6 9
3 10
10 11
3 12
12 13
13 14
14 15
15 16
14 17
13 18
18 19
19 20
12 21
21 22
22 23
23 24
24 25
23 26
23 27
27 28
28 29
27 30
12 31
31 32
32 33
33 34
34 35
33 36
33 37
37 38
38 39
37 40
12 41
41 42
42 43
43 44
44 45
43 46
43 47
47 48
12 49
49 50
50 51
51 52
50 53
49 54
54 55
55 56
56 57
57 58
58 59
57 60
56 61
55 62
62 63
63 64
64 65
65 66
66 67
65 68
64 69
69 70
70 71
71 72
70 73
69 74
62 75
75 76
76 77
77 78
78 79
77 80
76 81
75 82
82 83
83 84
84 85
85 86
86 87
85 88
84 89
89 90
90 91
91 92
90 93
89 94
82 95
95 96
96 97
97 98
96 99
99 100
100 101
99 102
75 103
103 104
104 105
105 106
106 107
107 108
106 109
105 110
110 111
103 112
62 113
113 114
114 115
115 116
114 117
117 118
118 119
117 120
55 121
121 122
122 123
123 124
124 125
125 126
124 127
123 128
128 129
121 130
12 131
131 132
132 133
