0 1
1 2
1 3
3 4
3 5
3 6
6 7
7 8
6 9
3 10
10 11
3 12
12 13
13 14
14 15
15 16
16 17
15 18
15 19
19 20
20 21
19 22
12 23
23 24
24 25
25 26
26 27
25 28
25 29
29 30
30 31
29 32
12 33
33 34
34 35
35 36
36 37
35 38
35 39
39 40
12 41
41 42
42 43
43 44
44 45
43 46
43 47
47 48
12 49
49 50
50 51
51 52
51 53
51 54
12 55
55 56
56 57
57 58
56 59
55 60
60 61
61 62
62 63
63 64
64 65
63 66
62 67
61 68
68 69
69 70
70 71
71 72
72 73
71 74
70 75
75 76
68 77
77 78
78 79
79 80
78 81
81 82
68 83
83 84
84 85
85 86
84 87
87 88
88 89
87 90
68 91
91 92
92 93
93 94
61 95
95 96
96 97
97 98
98 99
99 100
98 101
97 102
102 103
95 104
104 105
105 106
106 107
105 108
108 109
95 110
110 111
111 112
112 113
111 114
114 115
115 116
114 117
95 118
118 119
119 120
120 121
12 122
122 123
123 124
124 125
123 126
126 127
127 128
126 129
12 130
130 131
131 132
132 133
131 134
134 135
135 136
134 137
12 138
138 139
139 140
140 141
141 142
140 143
139 144
12 145
145 146
146 147
147 148
148 149
147 150
146 151
151 152
12 153
153 154
154 155
