0 1
1 2
1 3
3 4
3 5
3 6
6 7
7 8
6 9
3 10
10 11
3 12
12 13
13 14
14 15
15 16
14 17
13 18
18 19
19 20
20 21
12 22
22 23
23 24
24 25
25 26
24 27
24 28
28 29
23 30
30 31
31 32
30 33
30 34
23 35
35 36
36 37
35 38
35 39
12 40
40 41
41 42
42 43
43 44
42 45
42 46
46 47
47 48
12 49
49 50
50 51
51 52
52 53
51 54
51 55
55 56
12 57
57 58
58 59
59 60
60 61
59 62
58 63
63 64
64 65
65 66
64 67
63 68
57 69
69 70
70 71
71 72
72 73
71 74
74 75
69 76
76 77
77 78
78 79
79 80
78 81
77 82
82 83
83 84
82 85
69 86
86 87
87 88
88 89
89 90
88 91
87 92
92 93
93 94
94 95
93 96
92 97
69 98
98 99
99 100
100 101
99 102
102 103
103 104
102 105
69 106
106 107
107 108
108 109
107 110
110 111
111 112
110 113
69 114
114 115
115 116
116 117
117 118
116 119
115 120
120 121
12 122
122 123
123 124
124 125
123 126
122 127
127 128
128 129
129 130
130 131
131 132
130 133
129 134
134 135
135 136
134 137
122 138
138 139
139 140
140 141
141 142
142 143
141 144
140 145
145 146
146 147
145 148
12 149
149 150
150 151
