0 1
1 2
1 3
3 4
4 5
5 6
5 7
7 8
5 9
9 10
4 11
4 12
12 13
13 14
1 15
15 16
16 17
17 18
17 19
19 20
17 21
21 22
21 23
23 24
23 25
25 26
16 27
16 28
28 29
29 30
1 31
31 32
31 33
33 34
34 35
33 36
31 37
31 38
38 39
39 40
40 41
41 42
40 43
40 44
44 45
39 46
46 47
47 48
48 49
47 50
47 51
51 52
38 53
53 54
54 55
55 56
55 57
55 58
53 59
59 60
60 61
59 62
62 63
63 64
64 65
63 66
62 67
53 68
68 69
69 70
53 71
71 72
72 73
73 74
74 75
73 76
73 77
77 78
72 79
79 80
80 81
79 82
79 83
83 84
84 85
85 86
86 87
85 88
84 89
83 90
90 91
71 92
92 93
93 94
94 95
95 96
94 97
94 98
98 99
94 100
92 101
101 102
38 103
103 104
104 105
105 106
104 107
104 108
108 109
104 110
38 111
111 112
1 113
113 114
113 115
115 116
116 117
115 118
113 119
119 120
119 121
121 122
121 123
123 124
113 125
125 126
126 127
127 128
128 129
127 130
127 131
131 132
126 133
133 134
134 135
135 136
134 137
134 138
138 139
125 140
140 141
141 142
142 143
143 144
143 145
145 146
145 147
147 148
142 149
142 150
150 151
151 152
125 153
153 154
154 155
155 156
155 157
155 158
158 159
159 160
158 161
153 162
162 163
163 164
162 165
153 166
166 167
167 168
153 169
169 170
170 171
171 172
172 173
173 174
172 175
172 176
176 177
177 178
176 179
176 180
176 181
181 182
169 183
183 184
184 185
184 186
186 187
183 188
188 189
189 190
190 191
191 192
190 193
193 194
194 195
193 196
189 197
197 198
198 199
199 200
200 201
201 202
201 203
203 204
203 205
205 206
200 207
200 208
208 209
208 210
210 211
211 212
210 213
210 214
214 215
197 216
216 217
217 218
218 219
219 220
219 221
221 222
218 223
216 224
224 225
216 226
226 227
227 228
228 229
229 230
230 231
230 232
232 233
229 234
229 235
235 236
236 237
226 238
238 239
239 240
240 241
239 242
239 243
243 244
226 245
245 246
246 247
247 248
246 249
246 250
250 251
226 252
252 253
253 254
254 255
253 256
253 257
257 258
189 259
259 260
260 261
261 262
262 263
263 264
263 265
265 266
262 267
262 268
268 269
269 270
259 271
271 272
272 273
273 274
272 275
272 276
276 277
259 278
278 279
279 280
280 281
279 282
279 283
283 284
125 285
285 286
286 287
287 288
286 289
286 290
290 291
286 292
292 293
125 294
294 295
295 296
1 297
297 298
297 299
297 300
300 301
301 302
300 303
297 304
304 305
304 306
306 307
306 308
308 309
297 310
310 311
311 312
312 313
313 314
313 315
311 316
316 317
317 318
316 319
311 320
320 321
321 322
322 323
323 324
324 325
323 326
323 327
327 328
328 329
327 330
327 331
331 332
321 333
333 334
334 335
335 336
336 337
337 338
337 339
339 340
336 341
336 342
342 343
343 344
333 345
345 346
346 347
347 348
348 349
348 350
350 351
350 352
352 353
347 354
347 355
355 356
356 357
333 358
358 359
359 360
360 361
359 362
359 363
363 364
364 365
363 366
363 367
367 368
333 369
369 370
370 371
371 372
370 373
370 374
374 375
333 376
376 377
377 378
378 379
377 380
377 381
381 382
382 383
381 384
381 385
385 386
377 387
387 388
333 389
389 390
390 391
391 392
390 393
390 394
394 395
395 396
394 397
394 398
398 399
390 400
310 401
401 402
402 403
402 404
404 405
