0 1
1 2
1 3
3 4
3 5
3 6
6 7
7 8
6 9
3 10
10 11
10 12
12 13
12 14
14 15
3 16
16 17
17 18
18 19
19 20
20 21
20 22
22 23
22 24
24 25
19 26
19 27
27 28
28 29
16 30
30 31
31 32
32 33
33 34
33 35
35 36
32 37
32 38
38 39
39 40
16 41
41 42
42 43
43 44
43 45
43 46
16 47
47 48
48 49
48 50
50 51
48 52
52 53
48 54
54 55
48 56
56 57
1 58
58 59
58 60
58 61
58 62
62 63
63 64
62 65
58 66
66 67
67 68
67 69
69 70
69 71
71 72
66 73
58 74
74 75
75 76
75 77
77 78
74 79
58 80
80 81
80 82
58 83
83 84
83 85
85 86
85 87
87 88
58 89
89 90
90 91
91 92
92 93
91 94
94 95
95 96
94 97
90 98
98 99
99 100
100 101
101 102
100 103
100 104
104 105
105 106
104 107
107 108
98 109
109 110
110 111
89 112
112 113
113 114
114 115
114 116
114 117
117 118
112 119
119 120
120 121
119 122
122 123
123 124
122 125
112 126
126 127
127 128
112 129
129 130
130 131
131 132
131 133
133 134
131 135
135 136
131 137
137 138
130 139
139 140
140 141
141 142
142 143
141 144
141 145
145 146
146 147
145 148
145 149
149 150
145 151
151 152
152 153
151 154
139 155
155 156
156 157
156 158
158 159
156 160
160 161
156 162
162 163
156 164
164 165
165 166
164 167
139 168
168 169
169 170
170 171
169 172
169 173
173 174
174 175
175 176
174 177
173 178
89 179
179 180
180 181
1 182
182 183
182 184
182 185
182 186
186 187
187 188
186 189
182 190
190 191
190 192
182 193
193 194
193 195
182 196
182 197
197 198
198 199
199 200
200 201
199 202
202 203
198 204
204 205
205 206
206 207
207 208
208 209
207 210
207 211
211 212
212 213
206 214
214 215
215 216
214 217
214 218
218 219
219 220
205 221
221 222
222 223
197 224
224 225
