0 1
1 2
1 3
3 4
3 5
5 6
6 7
6 8
8 9
8 10
10 11
5 12
5 13
13 14
14 15
1 16
16 17
16 18
16 19
19 20
19 21
16 22
22 23
22 24
16 25
25 26
26 27
25 28
16 29
16 30
30 31
31 32
32 33
33 34
32 35
35 36
31 37
37 38
38 39
39 40
40 41
41 42
40 43
40 44
44 45
39 46
46 47
47 48
46 49
46 50
50 51
38 52
52 53
53 54
37 55
55 56
56 57
57 58
37 59
59 60
60 61
61 62
30 63
63 64
1 65
65 66
65 67
65 68
68 69
68 70
65 71
71 72
72 73
71 74
65 75
75 76
76 77
76 78
78 79
75 80
65 81
65 82
82 83
83 84
84 85
85 86
84 87
87 88
88 89
87 90
83 91
91 92
92 93
93 94
94 95
95 96
94 97
92 98
98 99
99 100
100 101
101 102
100 103
100 104
104 105
105 106
104 107
107 108
91 109
82 110
110 111
111 112
112 113
112 114
112 115
115 116
110 117
117 118
118 119
117 120
120 121
121 122
120 123
110 124
124 125
125 126
110 127
127 128
128 129
129 130
129 131
131 132
129 133
133 134
129 135
135 136
128 137
137 138
138 139
139 140
140 141
139 142
139 143
143 144
144 145
143 146
143 147
147 148
143 149
149 150
150 151
149 152
137 153
153 154
154 155
154 156
156 157
157 158
156 159
154 160
160 161
154 162
162 163
137 164
164 165
165 166
166 167
165 168
165 169
169 170
170 171
171 172
170 173
169 174
1 175
175 176
175 177
175 178
178 179
179 180
178 181
175 182
182 183
182 184
184 185
184 186
186 187
175 188
188 189
189 190
190 191
191 192
192 193
192 194
194 195
191 196
191 197
197 198
198 199
188 200
200 201
201 202
201 203
201 204
204 205
201 206
206 207
188 208
208 209
209 210
