0 1
1 2
1 3
3 4
3 5
3 6
6 7
7 8
6 9
3 10
3 11
11 12
12 13
13 14
14 15
15 16
14 17
13 18
12 19
19 20
11 21
21 22
22 23
23 24
23 25
23 26
26 27
27 28
26 29
11 30
30 31
31 32
32 33
32 34
32 35
11 36
36 37
37 38
38 39
38 40
38 41
36 42
42 43
43 44
42 45
45 46
46 47
45 48
36 49
49 50
50 51
36 52
52 53
53 54
54 55
55 56
56 57
55 58
58 59
54 60
60 61
53 62
62 63
63 64
64 65
63 66
66 67
67 68
66 69
69 70
53 71
71 72
72 73
73 74
74 75
75 76
74 77
77 78
73 79
79 80
72 81
81 82
71 83
83 84
84 85
85 86
84 87
87 88
88 89
89 90
88 91
91 92
87 93
93 94
11 95
95 96
96 97
