0 1
1 2
1 3
3 4
3 5
3 6
6 7
7 8
6 9
3 10
3 11
11 12
12 13
13 14
14 15
14 16
14 17
17 18
18 19
17 20
11 21
21 22
22 23
23 24
23 25
23 26
11 27
27 28
28 29
29 30
29 31
29 32
27 33
33 34
34 35
33 36
36 37
37 38
36 39
27 40
40 41
41 42
27 43
43 44
44 45
45 46
46 47
46 48
43 49
49 50
50 51
51 52
52 53
51 54
54 55
50 56
56 57
49 58
58 59
59 60
60 61
61 62
60 63
63 64
64 65
63 66
66 67
43 68
68 69
69 70
70 71
69 72
72 73
73 74
74 75
73 76
76 77
72 78
78 79
43 80
80 81
81 82
82 83
81 84
84 85
80 86
86 87
87 88
88 89
87 90
90 91
11 92
92 93
93 94
94 95
93 96
92 97
97 98
98 99
99 100
92 101
101 102
102 103
