0 1
1 2
1 3
3 4
3 5
3 6
6 7
7 8
6 9
3 10
3 11
11 12
12 13
13 14
13 15
15 16
13 17
17 18
18 19
17 20
13 21
21 22
22 23
21 24
11 25
25 26
26 27
1 28
28 29
29 30
29 31
29 32
32 33
33 34
32 35
1 36
36 37
36 38
36 39
39 40
40 41
39 42
36 43
43 44
43 45
36 46
46 47
46 48
36 49
36 50
50 51
51 52
52 53
53 54
52 55
51 56
56 57
50 58
58 59
59 60
60 61
61 62
60 63
63 64
64 65
63 66
59 67
67 68
58 69
69 70
70 71
71 72
72 73
71 74
74 75
75 76
74 77
77 78
78 79
77 80
50 81
81 82
82 83
83 84
83 85
83 86
86 87
87 88
86 89
89 90
90 91
89 92
92 93
93 94
92 95
50 96
96 97
97 98
98 99
97 100
100 101
96 102
102 103
103 104
104 105
105 106
104 107
107 108
50 109
109 110
110 111
110 112
112 113
110 114
114 115
115 116
114 117
110 118
118 119
