0 1
1 2
1 3
3 4
3 5
3 6
6 7
7 8
6 9
3 10
3 11
11 12
12 13
13 14
14 15
14 16
14 17
17 18
18 19
17 20
11 21
21 22
22 23
23 24
23 25
23 26
11 27
27 28
28 29
29 30
29 31
29 32
27 33
33 34
34 35
33 36
36 37
37 38
36 39
27 40
40 41
41 42
27 43
43 44
44 45
45 46
46 47
47 48
46 49
49 50
45 51
51 52
44 53
53 54
54 55
55 56
56 57
56 58
56 59
59 60
60 61
61 62
60 63
63 64
59 65
65 66
53 67
67 68
68 69
69 70
68 71
71 72
72 73
71 74
71 75
75 76
71 77
77 78
44 79
79 80
80 81
81 82
82 83
81 84
84 85
85 86
84 87
87 88
11 89
89 90
90 91
1 92
92 93
92 94
92 95
92 96
96 97
97 98
98 99
96 100
92 101
92 102
102 103
103 104
104 105
105 106
106 107
105 108
105 109
109 110
109 111
109 112
109 113
109 114
109 115
102 116
116 117
117 118
118 119
119 120
118 121
118 122
122 123
123 124
102 125
125 126
126 127
127 128
128 129
127 130
126 131
126 132
132 133
133 134
132 135
132 136
136 137
