0 1
1 2
1 3
3 4
3 5
3 6
6 7
7 8
6 9
3 10
10 11
10 12
3 13
13 14
3 15
15 16
16 17
17 18
18 19
19 20
18 21
18 22
22 23
22 24
24 25
22 26
26 27
15 28
28 29
29 30
1 31
31 32
31 33
33 34
34 35
33 36
31 37
37 38
37 39
31 40
40 41
31 42
42 43
43 44
44 45
45 46
44 47
43 48
48 49
49 50
50 51
51 52
50 53
53 54
42 55
55 56
56 57
57 58
56 59
55 60
60 61
61 62
62 63
42 64
64 65
65 66
65 67
67 68
68 69
67 70
65 71
71 72
72 73
71 74
1 75
75 76
75 77
77 78
78 79
77 80
75 81
81 82
81 83
75 84
84 85
75 86
86 87
87 88
88 89
89 90
88 91
87 92
92 93
93 94
94 95
95 96
96 97
95 98
95 99
99 100
99 101
101 102
102 103
101 104
99 105
105 106
106 107
105 108
92 109
109 110
110 111
111 112
112 113
111 114
110 115
115 116
86 117
117 118
118 119
1 120
120 121
120 122
122 123
123 124
122 125
120 126
126 127
126 128
120 129
129 130
120 131
131 132
132 133
133 134
134 135
135 136
134 137
134 138
138 139
138 140
140 141
138 142
142 143
131 144
144 145
145 146
146 147
147 148
146 149
145 150
150 151
144 152
152 153
153 154
154 155
131 156
156 157
157 158
158 159
159 160
158 161
158 162
162 163
163 164
162 165
131 166
166 167
167 168
168 169
169 170
168 171
168 172
172 173
172 174
174 175
172 176
176 177
131 178
178 179
179 180
180 181
181 182
180 183
180 184
184 185
184 186
186 187
184 188
188 189
131 190
190 191
191 192
192 193
193 194
192 195
191 196
196 197
131 198
198 199
199 200
