0 1
1 2
1 3
3 4
3 5
3 6
6 7
7 8
6 9
3 10
10 11
10 12
3 13
13 14
3 15
15 16
16 17
17 18
18 19
17 20
16 21
21 22
22 23
23 24
16 25
25 26
26 27
27 28
28 29
27 30
26 31
25 32
32 33
33 34
34 35
25 36
36 37
37 38
38 39
39 40
40 41
39 42
39 43
43 44
36 45
45 46
46 47
47 48
48 49
47 50
47 51
51 52
36 53
53 54
54 55
55 56
56 57
55 58
55 59
36 60
60 61
61 62
62 63
62 64
62 65
36 66
66 67
67 68
68 69
68 70
68 71
36 72
72 73
73 74
74 75
75 76
76 77
75 78
78 79
74 80
80 81
81 82
80 83
73 84
84 85
85 86
86 87
85 88
84 89
72 90
90 91
91 92
92 93
93 94
90 95
95 96
96 97
97 98
96 99
99 100
100 101
99 102
90 103
103 104
104 105
105 106
104 107
107 108
103 109
109 110
110 111
111 112
112 113
113 114
112 115
112 116
116 117
117 118
116 119
109 120
120 121
121 122
122 123
123 124
122 125
121 126
109 127
127 128
128 129
129 130
128 131
131 132
109 133
133 134
134 135
135 136
134 137
137 138
137 139
139 140
109 141
141 142
142 143
143 144
142 145
141 146
146 147
147 148
148 149
149 150
150 151
149 152
148 153
153 154
109 155
155 156
156 157
157 158
158 159
157 160
157 161
109 162
162 163
163 164
164 165
163 166
162 167
167 168
168 169
169 170
170 171
169 172
172 173
167 174
174 175
175 176
176 177
174 178
178 179
179 180
180 181
181 182
180 183
183 184
178 185
185 186
186 187
187 188
186 189
167 190
190 191
191 192
192 193
191 194
194 195
195 196
194 197
109 198
198 199
199 200
200 201
199 202
202 203
109 204
204 205
205 206
206 207
207 208
206 209
205 210
210 211
109 212
212 213
213 214
214 215
213 216
216 217
109 218
218 219
219 220
220 221
219 222
15 223
223 224
224 225
1 226
226 227
226 228
226 229
229 230
230 231
229 232
226 233
226 234
234 235
235 236
236 237
237 238
238 239
237 240
237 241
241 242
234 243
243 244
244 245
245 246
244 247
243 248
248 249
249 250
250 251
251 252
252 253
251 254
250 255
250 256
256 257
257 258
258 259
257 260
256 261
248 262
262 263
263 264
264 265
263 266
266 267
267 268
266 269
234 270
270 271
271 272
272 273
273 274
272 275
271 276
271 277
1 278
278 279
278 280
278 281
281 282
282 283
281 284
278 285
285 286
278 287
287 288
288 289
289 290
290 291
291 292
290 293
290 294
287 295
295 296
296 297
297 298
298 299
297 300
297 301
301 302
287 303
303 304
304 305
305 306
304 307
303 308
308 309
309 310
310 311
311 312
312 313
311 314
311 315
315 316
316 317
315 318
308 319
319 320
320 321
321 322
322 323
321 324
320 325
325 326
308 327
327 328
328 329
329 330
328 331
331 332
308 333
333 334
334 335
335 336
334 337
337 338
287 339
339 340
340 341
