0 1
1 2
1 3
3 4
3 5
3 6
6 7
7 8
6 9
3 10
10 11
10 12
3 13
13 14
3 15
15 16
16 17
17 18
18 19
19 20
18 21
18 22
22 23
15 24
24 25
25 26
26 27
27 28
26 29
26 30
30 31
15 32
32 33
33 34
34 35
33 36
32 37
37 38
38 39
39 40
40 41
41 42
41 43
43 44
40 45
40 46
46 47
47 48
37 49
49 50
50 51
51 52
52 53
51 54
51 55
55 56
37 57
57 58
58 59
59 60
60 61
59 62
58 63
63 64
64 65
65 66
64 67
63 68
68 69
57 70
70 71
71 72
72 73
73 74
72 75
72 76
76 77
77 78
76 79
70 80
80 81
81 82
82 83
81 84
84 85
85 86
84 87
37 88
88 89
89 90
90 91
91 92
90 93
89 94
94 95
88 96
96 97
97 98
98 99
99 100
99 101
99 102
102 103
103 104
104 105
103 106
102 107
97 108
108 109
109 110
108 111
97 112
112 113
113 114
97 115
115 116
116 117
117 118
118 119
119 120
118 121
117 122
122 123
123 124
122 125
122 126
126 127
115 128
128 129
129 130
130 131
129 132
132 133
133 134
132 135
15 136
136 137
137 138
