0 1
1 2
1 3
3 4
3 5
3 6
6 7
7 8
6 9
3 10
10 11
10 12
3 13
13 14
3 15
15 16
16 17
17 18
18 19
19 20
18 21
18 22
22 23
15 24
24 25
25 26
26 27
27 28
26 29
26 30
15 31
31 32
32 33
33 34
34 35
33 36
33 37
15 38
38 39
39 40
40 41
39 42
38 43
43 44
44 45
45 46
46 47
47 48
46 49
46 50
50 51
43 52
52 53
53 54
54 55
54 56
54 57
52 58
58 59
59 60
60 61
59 62
62 63
63 64
62 65
58 66
66 67
67 68
66 69
52 70
70 71
71 72
52 73
73 74
74 75
75 76
76 77
75 78
78 79
79 80
78 81
43 82
82 83
83 84
84 85
83 86
82 87
43 88
88 89
89 90
90 91
91 92
90 93
90 94
94 95
95 96
94 97
43 98
98 99
99 100
100 101
101 102
100 103
99 104
43 105
105 106
106 107
107 108
108 109
107 110
107 111
111 112
111 113
113 114
43 115
115 116
116 117
117 118
116 119
115 120
120 121
121 122
122 123
123 124
122 125
125 126
120 127
127 128
128 129
129 130
128 131
131 132
115 133
133 134
134 135
135 136
136 137
137 138
136 139
135 140
140 141
133 142
142 143
143 144
144 145
143 146
146 147
43 148
148 149
149 150
150 151
151 152
150 153
149 154
154 155
43 156
156 157
157 158
158 159
157 160
160 161
161 162
160 163
15 164
164 165
165 166
1 167
167 168
167 169
167 170
170 171
171 172
170 173
167 174
174 175
167 176
176 177
177 178
178 179
179 180
180 181
179 182
179 183
176 184
184 185
185 186
186 187
185 188
184 189
189 190
190 191
191 192
192 193
193 194
192 195
192 196
196 197
197 198
196 199
189 200
200 201
201 202
202 203
203 204
202 205
201 206
206 207
189 208
208 209
209 210
210 211
209 212
212 213
189 214
214 215
215 216
216 217
215 218
218 219
176 220
220 221
221 222
