0 1
1 2
1 3
3 4
3 5
3 6
6 7
7 8
8 9
6 10
3 11
3 12
12 13
13 14
14 15
15 16
16 17
16 18
18 19
15 20
15 21
21 22
22 23
23 24
24 25
23 26
23 27
27 28
22 29
22 30
30 31
31 32
31 33
30 34
34 35
35 36
36 37
35 38
38 39
39 40
38 41
35 42
42 43
43 44
42 45
21 46
21 47
47 48
48 49
47 50
50 51
47 52
12 53
53 54
54 55
55 56
56 57
55 58
55 59
59 60
60 61
59 62
62 63
63 64
62 65
59 66
66 67
67 68
66 69
12 70
70 71
71 72
72 73
71 74
70 75
75 76
76 77
77 78
78 79
77 80
80 81
80 82
82 83
80 84
84 85
75 86
86 87
87 88
88 89
87 90
87 91
91 92
12 93
93 94
94 95
95 96
94 97
1 98
98 99
98 100
98 101
101 102
102 103
101 104
98 105
105 106
106 107
106 108
108 109
105 110
98 111
111 112
98 113
113 114
114 115
115 116
116 117
117 118
118 119
119 120
118 121
117 122
117 123
123 124
124 125
124 126
123 127
127 128
128 129
129 130
130 131
129 132
128 133
133 134
134 135
135 136
136 137
135 138
134 139
139 140
140 141
139 142
128 143
143 144
116 145
116 146
146 147
147 148
146 149
146 150
150 151
151 152
152 153
115 154
115 155
1 156
156 157
156 158
156 159
159 160
159 161
159 162
162 163
163 164
162 165
156 166
166 167
166 168
166 169
169 170
170 171
169 172
156 173
173 174
174 175
173 176
173 177
173 178
178 179
179 180
178 181
173 182
173 183
183 184
184 185
185 186
185 187
187 188
184 189
189 190
183 191
191 192
192 193
193 194
194 195
193 196
192 197
197 198
198 199
197 200
200 201
201 202
200 203
191 204
204 205
183 206
206 207
207 208
208 209
209 210
208 211
208 212
212 213
213 214
212 215
215 216
183 217
217 218
218 219
219 220
220 221
219 222
219 223
223 224
224 225
223 226
218 227
227 228
228 229
227 230
227 231
231 232
232 233
231 234
156 235
235 236
236 237
235 238
235 239
235 240
235 241
241 242
242 243
243 244
244 245
243 246
243 247
247 248
243 249
249 250
156 251
251 252
251 253
251 254
254 255
255 256
254 257
251 258
258 259
259 260
258 261
251 262
262 263
263 264
264 265
265 266
265 267
264 268
268 269
262 270
270 271
271 272
272 273
272 274
271 275
275 276
156 277
277 278
277 279
277 280
280 281
277 282
282 283
283 284
284 285
156 286
286 287
286 288
286 289
289 290
286 291
291 292
292 293
293 294
0 295
