0 1
1 2
1 3
3 4
3 5
3 6
6 7
7 8
8 9
6 10
3 11
3 12
12 13
13 14
14 15
15 16
14 17
14 18
18 19
14 20
20 21
21 22
21 23
20 24
24 25
24 26
20 27
27 28
28 29
29 30
30 31
29 32
28 33
33 34
34 35
33 36
12 37
37 38
38 39
39 40
39 41
39 42
42 43
12 44
44 45
45 46
46 47
47 48
46 49
46 50
50 51
51 52
50 53
12 54
54 55
55 56
56 57
57 58
56 59
54 60
60 61
54 62
62 63
63 64
64 65
65 66
66 67
65 68
64 69
69 70
70 71
69 72
63 73
73 74
74 75
75 76
76 77
63 78
78 79
79 80
80 81
81 82
80 83
83 84
12 85
85 86
86 87
