0 1
1 2
1 3
3 4
3 5
3 6
6 7
7 8
8 9
6 10
3 11
3 12
12 13
13 14
14 15
15 16
14 17
14 18
18 19
14 20
20 21
21 22
22 23
21 24
20 25
25 26
26 27
25 28
20 29
29 30
30 31
31 32
32 33
33 34
32 35
31 36
36 37
37 38
36 39
30 40
40 41
41 42
30 43
43 44
44 45
45 46
46 47
45 48
44 49
49 50
50 51
49 52
43 53
53 54
54 55
55 56
56 57
57 58
56 59
55 60
60 61
61 62
60 63
43 64
64 65
65 66
66 67
12 68
68 69
69 70
70 71
70 72
70 73
12 74
74 75
75 76
76 77
76 78
76 79
79 80
80 81
81 82
80 83
79 84
75 85
85 86
85 87
85 88
88 89
89 90
90 91
89 92
88 93
12 94
94 95
95 96
96 97
96 98
96 99
94 100
100 101
101 102
100 103
103 104
104 105
103 106
94 107
107 108
108 109
94 110
110 111
111 112
112 113
113 114
114 115
115 116
114 117
117 118
113 119
112 120
120 121
111 122
122 123
123 124
124 125
125 126
122 127
127 128
128 129
129 130
128 131
131 132
132 133
131 134
131 135
135 136
136 137
137 138
136 139
139 140
135 141
131 142
142 143
111 144
144 145
145 146
146 147
147 148
146 149
149 150
150 151
151 152
150 153
153 154
149 155
12 156
156 157
157 158
