0 1
1 2
1 3
3 4
3 5
3 6
6 7
7 8
8 9
6 10
3 11
3 12
12 13
13 14
14 15
15 16
15 17
15 18
14 19
19 20
19 21
19 22
22 23
23 24
22 25
12 26
26 27
27 28
28 29
27 30
27 31
31 32
27 33
33 34
34 35
33 36
33 37
37 38
38 39
38 40
37 41
41 42
42 43
43 44
42 45
12 46
46 47
47 48
48 49
48 50
48 51
46 52
52 53
53 54
52 55
55 56
56 57
55 58
46 59
59 60
60 61
46 62
62 63
63 64
64 65
65 66
65 67
65 68
68 69
69 70
70 71
69 72
72 73
68 74
62 75
75 76
76 77
77 78
77 79
77 80
80 81
81 82
82 83
81 84
84 85
80 86
62 87
87 88
88 89
89 90
88 91
91 92
87 93
93 94
94 95
95 96
96 97
95 98
98 99
87 100
100 101
101 102
102 103
103 104
12 105
105 106
106 107
