0 1
1 2
1 3
3 4
3 5
3 6
6 7
7 8
8 9
6 10
3 11
3 12
12 13
13 14
14 15
15 16
14 17
14 18
18 19
14 20
20 21
21 22
20 23
20 24
24 25
25 26
25 27
24 28
28 29
29 30
30 31
29 32
12 33
33 34
34 35
35 36
35 37
35 38
12 39
39 40
40 41
41 42
41 43
41 44
44 45
45 46
44 47
12 48
48 49
49 50
50 51
51 52
50 53
48 54
54 55
48 56
56 57
57 58
58 59
59 60
59 61
59 62
62 63
63 64
62 65
56 66
66 67
67 68
68 69
68 70
68 71
71 72
72 73
71 74
56 75
75 76
76 77
77 78
76 79
79 80
75 81
81 82
82 83
83 84
84 85
83 86
86 87
75 88
88 89
89 90
90 91
91 92
90 93
12 94
94 95
95 96
