0 1
1 2
1 3
3 4
3 5
3 6
6 7
7 8
8 9
6 10
3 11
3 12
12 13
13 14
14 15
15 16
14 17
14 18
18 19
14 20
20 21
21 22
22 23
12 24
24 25
25 26
26 27
26 28
26 29
29 30
30 31
29 32
12 33
33 34
34 35
35 36
35 37
35 38
12 39
39 40
40 41
41 42
42 43
41 44
39 45
45 46
39 47
47 48
48 49
49 50
50 51
51 52
50 53
49 54
54 55
48 56
56 57
57 58
58 59
59 60
48 61
61 62
62 63
63 64
64 65
63 66
66 67
67 68
66 69
12 70
70 71
71 72
1 73
73 74
73 75
73 76
73 77
77 78
78 79
77 80
73 81
81 82
82 83
81 84
73 85
73 86
86 87
87 88
88 89
89 90
90 91
89 92
88 93
93 94
94 95
93 96
