0 1
1 2
1 3
3 4
3 5
3 6
6 7
7 8
8 9
6 10
3 11
3 12
12 13
13 14
14 15
15 16
14 17
14 18
18 19
14 20
20 21
21 22
21 23
20 24
24 25
24 26
20 27
27 28
28 29
29 30
30 31
31 32
30 33
29 34
34 35
35 36
34 37
28 38
38 39
39 40
40 41
41 42
40 43
39 44
44 45
45 46
44 47
28 48
48 49
49 50
50 51
51 52
50 53
49 54
54 55
55 56
54 57
12 58
58 59
59 60
60 61
60 62
60 63
63 64
64 65
63 66
12 67
67 68
68 69
69 70
70 71
69 72
69 73
73 74
73 75
75 76
76 77
12 78
78 79
79 80
80 81
79 82
79 83
83 84
79 85
85 86
12 87
87 88
88 89
89 90
89 91
89 92
92 93
92 94
92 95
95 96
92 97
97 98
92 99
99 100
12 101
101 102
102 103
103 104
102 105
105 106
1 107
107 108
107 109
107 110
110 111
110 112
107 113
113 114
114 115
115 116
113 117
107 118
118 119
118 120
107 121
121 122
122 123
121 124
107 125
107 126
126 127
127 128
128 129
129 130
128 131
131 132
127 133
133 134
126 135
135 136
136 137
137 138
138 139
137 140
140 141
136 142
142 143
135 144
144 145
145 146
146 147
145 148
148 149
126 150
150 151
151 152
152 153
152 154
152 155
155 156
155 157
157 158
155 159
159 160
160 161
159 162
155 163
163 164
155 165
165 166
166 167
167 168
166 169
169 170
165 171
126 172
172 173
173 174
174 175
175 176
174 177
177 178
173 179
179 180
180 181
179 182
179 183
183 184
183 185
185 186
186 187
185 188
183 189
189 190
183 191
191 192
183 193
193 194
179 195
195 196
195 197
197 198
197 199
199 200
197 201
201 202
197 203
203 204
197 205
205 206
1 207
207 208
207 209
207 210
210 211
211 212
212 213
210 214
207 215
215 216
215 217
207 218
218 219
218 220
207 221
221 222
221 223
207 224
207 225
225 226
226 227
227 228
228 229
228 230
228 231
231 232
225 233
233 234
234 235
235 236
225 237
237 238
238 239
239 240
238 241
241 242
237 243
243 244
244 245
245 246
246 247
246 248
246 249
249 250
250 251
249 252
252 253
253 254
254 255
255 256
254 257
257 258
252 259
243 260
260 261
261 262
262 263
263 264
264 265
263 266
266 267
262 268
261 269
269 270
260 271
271 272
272 273
273 274
274 275
273 276
276 277
271 278
278 279
279 280
280 281
279 282
282 283
283 284
282 285
260 286
286 287
287 288
288 289
287 290
290 291
291 292
290 293
225 294
294 295
295 296
