0 1
1 2
1 3
3 4
3 5
3 6
6 7
7 8
6 9
3 10
3 11
11 12
12 13
13 14
14 15
15 16
14 17
13 18
18 19
19 20
20 21
19 22
18 23
12 24
24 25
11 26
26 27
27 28
28 29
28 30
28 31
27 32
32 33
32 34
32 35
35 36
36 37
35 38
11 39
39 40
40 41
41 42
41 43
41 44
39 45
45 46
46 47
45 48
48 49
49 50
48 51
39 52
52 53
53 54
39 55
55 56
56 57
57 58
58 59
58 60
58 61
61 62
62 63
61 64
64 65
55 66
66 67
67 68
68 69
67 70
70 71
66 72
72 73
73 74
74 75
75 76
74 77
77 78
78 79
77 80
80 81
72 82
82 83
83 84
84 85
83 86
86 87
66 88
88 89
89 90
90 91
89 92
92 93
11 94
94 95
95 96
