0 1
1 2
1 3
3 4
3 5
3 6
6 7
7 8
6 9
3 10
3 11
11 12
12 13
13 14
14 15
14 16
14 17
17 18
18 19
17 20
11 21
21 22
22 23
23 24
24 25
23 26
23 27
27 28
27 29
29 30
30 31
11 32
32 33
33 34
34 35
34 36
34 37
11 38
38 39
39 40
40 41
40 42
40 43
38 44
44 45
45 46
44 47
47 48
38 49
49 50
50 51
38 52
52 53
53 54
54 55
55 56
56 57
55 58
58 59
54 60
52 61
61 62
62 63
63 64
63 65
63 66
66 67
67 68
66 69
61 70
70 71
71 72
70 73
61 74
74 75
75 76
61 77
77 78
78 79
79 80
80 81
81 82
80 83
83 84
79 85
85 86
86 87
85 88
88 89
78 90
90 91
91 92
92 93
93 94
94 95
93 96
96 97
92 98
98 99
99 100
98 101
98 102
102 103
103 104
102 105
105 106
98 107
107 108
108 109
109 110
108 111
111 112
107 113
52 114
114 115
115 116
116 117
115 118
118 119
119 120
118 121
118 122
122 123
118 124
124 125
125 126
124 127
127 128
11 129
129 130
130 131
