0 1
1 2
1 3
3 4
3 5
3 6
6 7
7 8
6 9
3 10
3 11
11 12
12 13
13 14
14 15
14 16
14 17
17 18
11 19
19 20
20 21
21 22
21 23
21 24
11 25
25 26
26 27
27 28
27 29
27 30
11 31
31 32
32 33
33 34
34 35
35 36
33 37
33 38
38 39
38 40
40 41
41 42
42 43
41 44
38 45
45 46
46 47
47 48
48 49
47 50
46 51
11 52
52 53
53 54
54 55
55 56
54 57
52 58
58 59
52 60
60 61
61 62
62 63
63 64
62 65
62 66
66 67
62 68
68 69
11 70
70 71
71 72
72 73
71 74
74 75
74 76
76 77
74 78
78 79
74 80
80 81
74 82
82 83
11 84
84 85
85 86
11 87
1 88
88 89
88 90
90 91
90 92
88 93
93 94
93 95
88 96
96 97
97 98
96 99
88 100
100 101
101 102
102 103
100 104
88 105
88 106
106 107
107 108
108 109
109 110
108 111
111 112
112 113
111 114
107 115
115 116
106 117
117 118
118 119
119 120
120 121
121 122
120 123
123 124
119 125
125 126
126 127
125 128
118 129
129 130
117 131
131 132
132 133
133 134
134 135
133 136
136 137
132 138
138 139
139 140
138 141
106 142
142 143
143 144
144 145
144 146
144 147
106 148
148 149
149 150
150 151
150 152
150 153
106 154
154 155
155 156
156 157
157 158
156 159
159 160
155 161
161 162
162 163
163 164
162 165
165 166
161 167
167 168
168 169
167 170
170 171
154 172
172 173
173 174
174 175
175 176
174 177
177 178
178 179
178 180
180 181
178 182
182 183
183 184
182 185
178 186
186 187
178 188
188 189
177 190
106 191
191 192
192 193
193 194
192 195
195 196
195 197
197 198
195 199
199 200
200 201
199 202
195 203
203 204
195 205
205 206
106 207
207 208
208 209
209 210
210 211
211 212
210 213
213 214
209 215
215 216
216 217
215 218
208 219
219 220
220 221
219 222
219 223
223 224
219 225
225 226
106 227
106 228
106 229
