0 1
1 2
1 3
3 4
4 5
4 6
4 7
1 8
8 9
8 10
8 11
11 12
12 13
11 14
8 15
8 16
16 17
17 18
18 19
19 20
20 21
19 22
19 23
23 24
23 25
25 26
26 27
27 28
26 29
16 30
30 31
31 32
32 33
31 34
31 35
35 36
31 37
16 38
38 39
39 40
40 41
40 42
40 43
38 44
44 45
45 46
44 47
47 48
48 49
47 50
38 51
51 52
52 53
38 54
54 55
55 56
56 57
57 58
57 59
57 60
55 61
61 62
62 63
61 64
64 65
55 66
66 67
67 68
55 69
69 70
70 71
71 72
72 73
73 74
72 75
75 76
71 77
77 78
78 79
77 80
80 81
70 82
82 83
83 84
84 85
85 86
86 87
85 88
88 89
84 90
90 91
91 92
90 93
90 94
94 95
95 96
94 97
97 98
90 99
99 100
99 101
101 102
102 103
101 104
104 105
82 106
106 107
107 108
108 109
107 110
110 111
111 112
110 113
110 114
114 115
115 116
114 117
117 118
110 119
119 120
16 121
121 122
122 123
