0 1
1 2
1 3
3 4
3 5
3 6
6 7
7 8
6 9
3 10
3 11
11 12
12 13
13 14
14 15
14 16
14 17
17 18
18 19
17 20
11 21
21 22
22 23
23 24
24 25
23 26
23 27
27 28
27 29
29 30
30 31
11 32
32 33
33 34
34 35
33 36
33 37
37 38
33 39
11 40
40 41
41 42
42 43
42 44
42 45
45 46
46 47
45 48
40 49
49 50
50 51
49 52
40 53
53 54
54 55
40 56
56 57
57 58
58 59
59 60
59 61
59 62
62 63
63 64
62 65
57 66
66 67
67 68
66 69
69 70
57 71
71 72
72 73
57 74
74 75
75 76
76 77
77 78
78 79
77 80
80 81
76 82
82 83
83 84
82 85
85 86
75 87
87 88
88 89
89 90
90 91
89 92
92 93
88 94
94 95
95 96
94 97
94 98
98 99
99 100
98 101
101 102
94 103
103 104
103 105
105 106
106 107
105 108
108 109
11 110
110 111
111 112
112 113
112 114
112 115
115 116
116 117
115 118
11 119
119 120
120 121
121 122
121 123
119 124
124 125
119 126
126 127
127 128
128 129
127 130
130 131
131 132
130 133
130 134
134 135
130 136
136 137
11 138
138 139
139 140
