0 1
1 2
1 3
3 4
3 5
3 6
6 7
7 8
6 9
3 10
3 11
11 12
12 13
13 14
14 15
14 16
14 17
17 18
18 19
17 20
11 21
21 22
22 23
23 24
24 25
25 26
23 27
23 28
28 29
28 30
30 31
31 32
28 33
33 34
34 35
35 36
34 37
11 38
38 39
39 40
40 41
41 42
40 43
38 44
44 45
38 46
46 47
47 48
48 49
47 50
47 51
51 52
47 53
53 54
11 55
55 56
56 57
56 58
58 59
56 60
56 61
61 62
56 63
63 64
1 65
65 66
65 67
65 68
68 69
69 70
68 71
65 72
72 73
72 74
65 75
75 76
75 77
65 78
78 79
79 80
80 81
78 82
65 83
65 84
84 85
85 86
86 87
87 88
86 89
89 90
90 91
89 92
85 93
93 94
84 95
95 96
96 97
97 98
98 99
99 100
98 101
101 102
97 103
103 104
104 105
103 106
96 107
107 108
95 109
109 110
110 111
111 112
112 113
111 114
114 115
110 116
116 117
117 118
116 119
84 120
120 121
121 122
122 123
122 124
122 125
125 126
125 127
127 128
127 129
129 130
127 131
131 132
132 133
131 134
127 135
135 136
127 137
137 138
84 139
139 140
140 141
141 142
142 143
141 144
144 145
140 146
146 147
147 148
148 149
147 150
150 151
146 152
152 153
153 154
152 155
155 156
139 157
157 158
158 159
159 160
158 161
161 162
162 163
161 164
161 165
165 166
161 167
167 168
167 169
169 170
169 171
171 172
169 173
173 174
174 175
173 176
169 177
177 178
169 179
179 180
84 181
181 182
182 183
183 184
184 185
185 186
184 187
187 188
183 189
189 190
190 191
189 192
182 193
193 194
