0 1
1 2
1 3
3 4
3 5
3 6
6 7
7 8
6 9
3 10
3 11
11 12
12 13
13 14
14 15
14 16
14 17
17 18
18 19
17 20
11 21
21 22
22 23
23 24
24 25
23 26
23 27
27 28
27 29
29 30
30 31
31 32
30 33
11 34
34 35
35 36
36 37
35 38
35 39
39 40
35 41
41 42
42 43
41 44
11 45
45 46
46 47
47 48
48 49
47 50
46 51
51 52
52 53
51 54
11 55
55 56
56 57
57 58
57 59
57 60
11 61
61 62
62 63
63 64
63 65
61 66
66 67
61 68
68 69
69 70
70 71
71 72
71 73
71 74
74 75
75 76
75 77
77 78
75 79
79 80
74 81
68 82
82 83
83 84
84 85
85 86
84 87
87 88
83 89
89 90
90 91
89 92
89 93
93 94
94 95
93 96
96 97
89 98
98 99
68 100
100 101
101 102
102 103
101 104
104 105
105 106
104 107
104 108
108 109
104 110
110 111
11 112
112 113
113 114
11 115
1 116
116 117
116 118
116 119
119 120
120 121
119 122
116 123
123 124
123 125
116 126
116 127
127 128
128 129
129 130
130 131
130 132
130 133
129 134
134 135
134 136
134 137
137 138
138 139
139 140
138 141
137 142
129 143
143 144
143 145
143 146
146 147
127 148
148 149
149 150
150 151
149 152
152 153
148 154
154 155
155 156
156 157
157 158
157 159
157 160
160 161
161 162
160 163
163 164
164 165
165 166
166 167
165 168
168 169
163 170
154 171
171 172
172 173
173 174
174 175
173 176
176 177
172 178
178 179
171 180
180 181
181 182
182 183
183 184
182 185
185 186
180 187
187 188
188 189
189 190
188 191
191 192
192 193
191 194
171 195
195 196
196 197
197 198
198 199
197 200
200 201
201 202
200 203
127 204
204 205
205 206
