0 1
1 2
1 3
3 4
3 5
3 6
6 7
7 8
6 9
3 10
3 11
11 12
12 13
13 14
14 15
15 16
15 17
17 18
14 19
14 20
20 21
21 22
11 23
23 24
24 25
25 26
24 27
24 28
28 29
29 30
28 31
11 32
32 33
33 34
34 35
34 36
34 37
11 38
38 39
39 40
40 41
40 42
40 43
38 44
44 45
45 46
44 47
47 48
48 49
47 50
38 51
51 52
52 53
38 54
54 55
55 56
56 57
57 58
58 59
57 60
60 61
56 62
62 63
63 64
62 65
62 66
66 67
67 68
68 69
67 70
66 71
55 72
72 73
73 74
74 75
75 76
74 77
74 78
78 79
79 80
78 81
81 82
72 83
83 84
84 85
85 86
55 87
87 88
88 89
89 90
90 91
90 92
90 93
93 94
94 95
93 96
93 97
97 98
93 99
99 100
100 101
99 102
102 103
87 104
104 105
105 106
106 107
105 108
104 109
109 110
110 111
111 112
112 113
111 114
114 115
115 116
116 117
117 118
116 119
87 120
120 121
121 122
122 123
121 124
121 125
125 126
121 127
127 128
128 129
127 130
130 131
11 132
132 133
133 134
