0 1
1 2
1 3
3 4
3 5
3 6
6 7
7 8
6 9
3 10
3 11
11 12
12 13
13 14
14 15
15 16
16 17
14 18
14 19
19 20
19 21
21 22
22 23
23 24
24 25
23 26
22 27
19 28
28 29
29 30
30 31
31 32
30 33
29 34
11 35
35 36
36 37
37 38
37 39
37 40
40 41
41 42
42 43
41 44
40 45
35 46
46 47
47 48
46 49
35 50
50 51
51 52
35 53
53 54
54 55
55 56
56 57
56 58
56 59
59 60
60 61
61 62
60 63
59 64
54 65
65 66
66 67
65 68
68 69
54 70
70 71
71 72
54 73
73 74
74 75
75 76
76 77
76 78
76 79
73 80
80 81
81 82
82 83
83 84
82 85
85 86
81 87
87 88
88 89
89 90
88 91
91 92
87 93
93 94
94 95
93 96
96 97
80 98
98 99
99 100
100 101
99 102
102 103
102 104
104 105
105 106
106 107
105 108
108 109
109 110
108 111
104 112
112 113
113 114
112 115
73 116
116 117
117 118
118 119
118 120
118 121
121 122
122 123
123 124
122 125
125 126
126 127
125 128
121 129
129 130
130 131
129 132
73 133
133 134
134 135
135 136
136 137
137 138
136 139
139 140
135 141
141 142
142 143
141 144
134 145
145 146
146 147
145 148
145 149
149 150
145 151
151 152
11 153
153 154
154 155
155 156
156 157
155 158
154 159
