0 1
1 2
1 3
3 4
3 5
3 6
6 7
7 8
6 9
3 10
10 11
10 12
12 13
3 14
14 15
15 16
16 17
17 18
18 19
18 20
20 21
17 22
17 23
23 24
24 25
14 26
26 27
27 28
28 29
29 30
29 31
31 32
28 33
28 34
34 35
35 36
35 37
37 38
14 39
39 40
40 41
41 42
40 43
40 44
44 45
14 46
46 47
47 48
48 49
49 50
48 51
46 52
52 53
53 54
54 55
55 56
55 57
55 58
58 59
59 60
58 61
52 62
62 63
63 64
64 65
64 66
64 67
52 68
68 69
69 70
70 71
70 72
70 73
68 74
74 75
75 76
74 77
77 78
68 79
79 80
80 81
68 82
82 83
83 84
84 85
85 86
86 87
85 88
85 89
89 90
90 91
89 92
82 93
93 94
94 95
95 96
94 97
82 98
98 99
99 100
100 101
99 102
102 103
103 104
102 105
105 106
106 107
105 108
82 109
109 110
110 111
111 112
112 113
111 114
110 115
109 116
116 117
117 118
118 119
119 120
118 121
118 122
122 123
123 124
122 125
82 126
126 127
127 128
128 129
129 130
128 131
127 132
126 133
133 134
134 135
135 136
136 137
135 138
135 139
139 140
140 141
139 142
52 143
143 144
144 145
145 146
144 147
144 148
148 149
149 150
148 151
151 152
14 153
153 154
154 155
