0 1
1 2
1 3
3 4
3 5
3 6
6 7
7 8
6 9
3 10
10 11
10 12
12 13
3 14
14 15
15 16
16 17
17 18
18 19
18 20
20 21
17 22
17 23
23 24
24 25
14 26
26 27
27 28
28 29
29 30
29 31
31 32
28 33
28 34
34 35
35 36
14 37
37 38
38 39
39 40
38 41
37 42
42 43
43 44
44 45
14 46
46 47
47 48
48 49
47 50
47 51
51 52
14 53
53 54
54 55
55 56
56 57
55 58
54 59
53 60
60 61
61 62
62 63
63 64
63 65
63 66
66 67
67 68
66 69
60 70
70 71
71 72
72 73
73 74
73 75
75 76
72 77
72 78
78 79
79 80
60 81
81 82
82 83
83 84
83 85
83 86
81 87
87 88
88 89
87 90
90 91
81 92
92 93
93 94
81 95
95 96
96 97
97 98
98 99
99 100
98 101
98 102
102 103
103 104
102 105
95 106
106 107
107 108
108 109
109 110
108 111
107 112
106 113
113 114
114 115
115 116
116 117
115 118
115 119
119 120
120 121
119 122
95 123
123 124
124 125
125 126
126 127
125 128
124 129
123 130
130 131
131 132
132 133
133 134
132 135
132 136
136 137
137 138
136 139
95 140
140 141
141 142
142 143
141 144
141 145
145 146
146 147
145 148
60 149
149 150
150 151
151 152
151 153
151 154
60 155
155 156
156 157
157 158
157 159
157 160
155 161
161 162
162 163
161 164
164 165
165 166
164 167
155 168
168 169
169 170
155 171
171 172
172 173
173 174
174 175
173 176
176 177
177 178
176 179
176 180
180 181
60 182
182 183
183 184
184 185
184 186
184 187
187 188
188 189
187 190
190 191
191 192
190 193
60 194
194 195
195 196
196 197
195 198
195 199
199 200
14 201
201 202
202 203
