0 1
1 2
1 3
3 4
3 5
3 6
6 7
7 8
7 9
9 10
6 11
3 12
12 13
13 14
13 15
15 16
12 17
3 18
3 19
19 20
20 21
21 22
22 23
21 24
20 25
25 26
19 27
27 28
28 29
29 30
30 31
30 32
32 33
29 34
29 35
35 36
36 37
19 38
38 39
39 40
40 41
40 42
40 43
19 44
44 45
45 46
46 47
46 48
46 49
49 50
50 51
49 52
19 53
53 54
54 55
55 56
56 57
55 58
53 59
59 60
60 61
61 62
62 63
63 64
62 65
62 66
66 67
67 68
66 69
59 70
70 71
71 72
72 73
71 74
74 75
75 76
74 77
59 78
78 79
79 80
80 81
81 82
80 83
79 84
78 85
85 86
86 87
87 88
88 89
87 90
87 91
91 92
92 93
91 94
59 95
95 96
96 97
97 98
98 99
97 100
96 101
95 102
102 103
103 104
104 105
105 106
104 107
104 108
108 109
109 110
108 111
19 112
112 113
113 114
114 115
113 116
113 117
117 118
118 119
117 120
120 121
19 122
122 123
123 124
123 125
125 126
123 127
127 128
1 129
129 130
129 131
129 132
132 133
133 134
132 135
129 136
136 137
136 138
138 139
129 140
140 141
141 142
142 143
143 144
142 145
141 146
146 147
147 148
148 149
149 150
148 151
140 152
152 153
153 154
154 155
155 156
155 157
157 158
154 159
154 160
160 161
161 162
140 163
163 164
164 165
165 166
166 167
166 168
168 169
165 170
165 171
171 172
172 173
140 174
174 175
175 176
176 177
175 178
175 179
179 180
140 181
181 182
182 183
182 184
184 185
182 186
186 187
140 188
188 189
189 190
