0 1
1 2
1 3
3 4
3 5
3 6
6 7
7 8
8 9
6 10
3 11
3 12
12 13
13 14
14 15
15 16
15 17
15 18
18 19
19 20
18 21
12 22
22 23
23 24
24 25
23 26
22 27
27 28
28 29
12 30
30 31
31 32
32 33
31 34
31 35
35 36
31 37
37 38
38 39
38 40
37 41
41 42
41 43
37 44
44 45
45 46
46 47
45 48
45 49
49 50
50 51
49 52
45 53
53 54
54 55
53 56
12 57
57 58
58 59
59 60
60 61
59 62
59 63
63 64
64 65
63 66
12 67
67 68
68 69
69 70
69 71
69 72
72 73
12 74
74 75
75 76
76 77
76 78
76 79
74 80
80 81
81 82
80 83
83 84
74 85
85 86
86 87
74 88
88 89
89 90
90 91
91 92
92 93
91 94
91 95
95 96
96 97
95 98
98 99
88 100
100 101
101 102
102 103
103 104
102 105
101 106
106 107
107 108
106 109
100 110
110 111
111 112
112 113
113 114
110 115
115 116
116 117
117 118
116 119
119 120
119 121
119 122
122 123
123 124
124 125
123 126
122 127
127 128
128 129
127 130
127 131
131 132
132 133
131 134
127 135
135 136
136 137
135 138
100 139
139 140
140 141
141 142
142 143
141 144
144 145
12 146
146 147
147 148
