0 1
1 2
1 3
3 4
3 5
3 6
6 7
7 8
8 9
6 10
3 11
3 12
12 13
13 14
14 15
15 16
14 17
14 18
18 19
14 20
20 21
21 22
21 23
23 24
20 25
25 26
25 27
25 28
28 29
29 30
28 31
25 32
32 33
33 34
32 35
25 36
25 37
37 38
38 39
39 40
40 41
39 42
39 43
43 44
44 45
43 46
39 47
47 48
48 49
47 50
12 51
51 52
52 53
53 54
53 55
53 56
56 57
57 58
56 59
12 60
60 61
61 62
62 63
62 64
62 65
65 66
66 67
65 68
12 69
12 70
70 71
71 72
72 73
72 74
72 75
70 76
76 77
77 78
76 79
79 80
80 81
81 82
80 83
79 84
70 85
85 86
86 87
70 88
88 89
89 90
90 91
91 92
90 93
93 94
94 95
93 96
93 97
97 98
93 99
99 100
100 101
101 102
100 103
103 104
99 105
88 106
106 107
107 108
108 109
109 110
110 111
109 112
112 113
113 114
112 115
108 116
107 117
117 118
106 119
119 120
120 121
121 122
106 123
123 124
124 125
125 126
124 127
127 128
128 129
127 130
12 131
131 132
132 133
