0 1
1 2
1 3
3 4
3 5
3 6
6 7
7 8
8 9
6 10
3 11
3 12
12 13
13 14
14 15
15 16
14 17
14 18
18 19
14 20
20 21
21 22
21 23
20 24
24 25
24 26
20 27
27 28
28 29
29 30
30 31
31 32
30 33
29 34
34 35
35 36
34 37
28 38
38 39
39 40
28 41
41 42
42 43
43 44
44 45
43 46
42 47
47 48
48 49
47 50
41 51
51 52
52 53
41 54
54 55
55 56
56 57
12 58
58 59
59 60
60 61
60 62
60 63
12 64
64 65
65 66
66 67
66 68
66 69
69 70
70 71
69 72
12 73
73 74
74 75
75 76
76 77
75 78
73 79
79 80
73 81
81 82
82 83
83 84
84 85
85 86
84 87
83 88
88 89
82 90
90 91
91 92
92 93
93 94
90 95
95 96
96 97
97 98
96 99
99 100
100 101
99 102
82 103
103 104
104 105
105 106
106 107
105 108
108 109
109 110
108 111
108 112
112 113
108 114
114 115
115 116
114 117
12 118
118 119
119 120
120 121
119 122
