0 1
1 2
1 3
3 4
3 5
3 6
6 7
7 8
8 9
6 10
3 11
3 12
12 13
13 14
14 15
15 16
15 17
15 18
12 19
19 20
20 21
21 22
20 23
20 24
24 25
20 26
26 27
27 28
28 29
27 30
27 31
31 32
32 33
33 34
32 35
31 36
36 37
37 38
38 39
37 40
26 41
26 42
42 43
43 44
44 45
43 46
42 47
47 48
48 49
49 50
48 51
12 52
52 53
53 54
54 55
54 56
54 57
52 58
58 59
59 60
58 61
61 62
62 63
61 64
52 65
65 66
66 67
52 68
68 69
69 70
70 71
71 72
72 73
71 74
71 75
75 76
75 77
75 78
78 79
79 80
80 81
81 82
80 83
83 84
79 85
78 86
86 87
87 88
88 89
87 90
90 91
91 92
86 93
68 94
94 95
95 96
96 97
97 98
96 99
99 100
100 101
99 102
95 103
103 104
104 105
105 106
106 107
107 108
106 109
105 110
110 111
111 112
112 113
111 114
114 115
110 116
104 117
117 118
118 119
119 120
118 121
117 122
122 123
123 124
124 125
123 126
126 127
122 128
94 129
129 130
130 131
94 132
132 133
133 134
134 135
135 136
134 137
137 138
137 139
137 140
140 141
141 142
142 143
141 144
141 145
145 146
146 147
145 148
141 149
149 150
150 151
151 152
150 153
153 154
149 155
140 156
156 157
157 158
156 159
156 160
160 161
161 162
160 163
156 164
164 165
165 166
166 167
165 168
168 169
164 170
12 171
171 172
172 173
