0 1
1 2
1 3
3 4
3 5
5 6
6 7
7 8
6 9
3 10
10 11
11 12
12 13
11 14
3 15
15 16
15 17
17 18
17 19
15 20
20 21
20 22
15 23
23 24
24 25
25 26
26 27
26 28
25 29
29 30
23 31
31 32
32 33
33 34
33 35
32 36
36 37
3 38
38 39
38 40
38 41
41 42
42 43
41 44
38 45
38 46
46 47
47 48
48 49
49 50
49 51
48 52
48 53
53 54
54 55
53 56
3 57
57 58
57 59
59 60
1 61
61 62
61 63
61 64
64 65
65 66
66 67
64 68
61 69
61 70
70 71
71 72
72 73
73 74
74 75
74 76
76 77
73 78
73 79
79 80
80 81
70 82
82 83
83 84
84 85
84 86
84 87
82 88
88 89
89 90
88 91
91 92
92 93
91 94
82 95
95 96
96 97
82 98
98 99
99 100
100 101
101 102
100 103
100 104
104 105
105 106
104 107
107 108
108 109
109 110
108 111
111 112
107 113
104 114
114 115
115 116
116 117
115 118
118 119
114 120
70 121
121 122
122 123
123 124
122 125
122 126
126 127
70 128
128 129
129 130
130 131
130 132
130 133
128 134
134 135
135 136
134 137
137 138
138 139
137 140
128 141
141 142
142 143
128 144
144 145
70 146
146 147
147 148
148 149
149 150
149 151
151 152
148 153
148 154
154 155
155 156
70 157
157 158
158 159
159 160
158 161
158 162
162 163
163 164
162 165
162 166
70 167
167 168
168 169
169 170
169 171
169 172
167 173
173 174
174 175
173 176
176 177
177 178
176 179
167 180
180 181
181 182
167 183
183 184
184 185
185 186
186 187
187 188
188 189
187 190
187 191
191 192
186 193
185 194
194 195
195 196
196 197
195 198
194 199
184 200
200 201
201 202
202 203
203 204
203 205
203 206
206 207
207 208
206 209
206 210
210 211
211 212
212 213
211 214
210 215
206 216
216 217
217 218
218 219
217 220
217 221
221 222
216 223
200 224
224 225
225 226
226 227
226 228
226 229
229 230
230 231
229 232
229 233
233 234
234 235
235 236
234 237
233 238
229 239
239 240
240 241
241 242
240 243
240 244
244 245
239 246
200 247
247 248
248 249
249 250
248 251
200 252
252 253
253 254
254 255
253 256
253 257
257 258
258 259
257 260
260 261
257 262
262 263
184 264
264 265
265 266
266 267
267 268
266 269
266 270
270 271
271 272
270 273
270 274
274 275
70 276
276 277
277 278
278 279
277 280
