0 1
1 2
1 3
3 4
3 5
3 6
6 7
7 8
8 9
6 10
3 11
3 12
12 13
13 14
14 15
15 16
15 17
15 18
18 19
19 20
18 21
12 22
22 23
23 24
24 25
23 26
23 27
27 28
23 29
29 30
30 31
29 32
29 33
33 34
34 35
34 36
33 37
37 38
38 39
39 40
38 41
12 42
42 43
43 44
44 45
44 46
44 47
12 48
48 49
49 50
50 51
50 52
50 53
53 54
54 55
55 56
54 57
53 58
12 59
59 60
60 61
61 62
61 63
61 64
59 65
65 66
66 67
65 68
68 69
59 70
70 71
71 72
59 73
73 74
74 75
75 76
76 77
75 78
78 79
79 80
80 81
79 82
82 83
78 84
74 85
85 86
86 87
87 88
88 89
85 90
90 91
91 92
92 93
91 94
94 95
95 96
96 97
95 98
98 99
94 100
12 101
101 102
102 103
