0 1
1 2
1 3
3 4
3 5
3 6
3 7
7 8
7 9
3 10
10 11
3 12
12 13
13 14
14 15
15 16
16 17
17 18
15 19
15 20
20 21
20 22
20 23
20 24
12 25
25 26
26 27
27 28
28 29
29 30
27 31
27 32
32 33
32 34
32 35
32 36
32 37
32 38
32 39
32 40
32 41
32 42
12 43
43 44
44 45
45 46
46 47
47 48
45 49
45 50
50 51
50 52
50 53
50 54
50 55
50 56
50 57
50 58
50 59
50 60
12 61
61 62
62 63
63 64
64 65
65 66
63 67
63 68
68 69
68 70
68 71
68 72
68 73
68 74
68 75
68 76
68 77
68 78
12 79
79 80
80 81
81 82
82 83
83 84
84 85
83 86
86 87
87 88
86 89
82 90
90 91
91 92
90 93
93 94
94 95
95 96
96 97
95 98
93 99
81 100
100 101
101 102
100 103
103 104
104 105
105 106
106 107
105 108
103 109
80 110
110 111
111 112
110 113
113 114
114 115
113 116
