0 1
1 2
1 3
3 4
3 5
3 6
6 7
6 8
3 9
9 10
3 11
11 12
12 13
13 14
14 15
14 16
14 17
17 18
11 19
19 20
20 21
21 22
22 23
21 24
21 25
11 26
26 27
27 28
28 29
27 30
26 31
31 32
32 33
33 34
34 35
34 36
34 37
31 38
38 39
39 40
40 41
39 42
38 43
43 44
44 45
45 46
46 47
45 48
43 49
49 50
50 51
51 52
50 53
38 54
54 55
55 56
56 57
55 58
54 59
59 60
60 61
61 62
62 63
61 64
59 65
65 66
66 67
67 68
66 69
54 70
70 71
71 72
71 73
73 74
70 75
75 76
76 77
77 78
78 79
77 80
75 81
81 82
82 83
83 84
82 85
70 86
86 87
87 88
88 89
87 90
86 91
91 92
92 93
93 94
94 95
93 96
91 97
97 98
98 99
99 100
98 101
86 102
102 103
103 104
104 105
103 106
102 107
107 108
108 109
109 110
110 111
109 112
107 113
113 114
114 115
115 116
114 117
102 118
118 119
119 120
120 121
119 122
118 123
123 124
124 125
125 126
126 127
125 128
123 129
129 130
130 131
131 132
130 133
118 134
134 135
135 136
136 137
135 138
134 139
139 140
140 141
141 142
142 143
141 144
139 145
145 146
146 147
147 148
146 149
134 150
150 151
151 152
152 153
151 154
150 155
155 156
156 157
157 158
158 159
157 160
155 161
161 162
162 163
163 164
162 165
150 166
166 167
167 168
168 169
167 170
166 171
171 172
172 173
173 174
174 175
173 176
171 177
177 178
178 179
179 180
178 181
166 182
182 183
183 184
184 185
183 186
182 187
187 188
188 189
189 190
190 191
189 192
187 193
193 194
194 195
195 196
194 197
182 198
198 199
199 200
200 201
199 202
198 203
203 204
204 205
205 206
206 207
205 208
203 209
209 210
210 211
211 212
210 213
198 214
214 215
215 216
216 217
215 218
214 219
219 220
220 221
221 222
222 223
221 224
219 225
225 226
226 227
227 228
226 229
214 230
230 231
231 232
232 233
231 234
230 235
235 236
236 237
237 238
238 239
237 240
235 241
241 242
242 243
243 244
242 245
31 246
246 247
247 248
248 249
247 250
250 251
251 252
250 253
253 254
11 255
255 256
256 257
