0 1
1 2
1 3
3 4
3 5
3 6
6 7
6 8
3 9
9 10
3 11
11 12
12 13
13 14
14 15
15 16
14 17
14 18
18 19
19 20
11 21
21 22
22 23
23 24
22 25
21 26
26 27
27 28
28 29
29 30
29 31
29 32
32 33
33 34
32 35
26 36
36 37
37 38
38 39
37 40
40 41
41 42
40 43
26 44
44 45
45 46
46 47
46 48
46 49
44 50
50 51
51 52
50 53
53 54
44 55
55 56
56 57
44 58
58 59
59 60
60 61
61 62
60 63
60 64
11 65
65 66
66 67
67 68
66 69
65 70
70 71
71 72
72 73
73 74
72 75
71 76
76 77
77 78
78 79
79 80
78 81
78 82
76 83
83 84
84 85
85 86
84 87
87 88
88 89
87 90
71 91
91 92
92 93
93 94
94 95
93 96
93 97
91 98
98 99
99 100
100 101
99 102
102 103
103 104
102 105
11 106
106 107
107 108
108 109
107 110
106 111
111 112
112 113
113 114
114 115
113 116
112 117
117 118
118 119
119 120
120 121
119 122
119 123
117 124
124 125
125 126
126 127
125 128
128 129
129 130
128 131
112 132
132 133
133 134
134 135
135 136
135 137
135 138
138 139
139 140
138 141
132 142
142 143
143 144
144 145
143 146
146 147
147 148
146 149
132 150
150 151
151 152
152 153
151 154
150 155
155 156
156 157
157 158
158 159
157 160
157 161
155 162
162 163
163 164
164 165
11 166
166 167
167 168
168 169
167 170
166 171
171 172
172 173
173 174
174 175
173 176
172 177
177 178
178 179
179 180
180 181
179 182
179 183
177 184
184 185
185 186
186 187
185 188
188 189
189 190
188 191
172 192
192 193
193 194
194 195
195 196
194 197
194 198
192 199
199 200
200 201
201 202
200 203
203 204
204 205
203 206
11 207
207 208
208 209
209 210
208 211
207 212
212 213
213 214
214 215
215 216
214 217
213 218
218 219
219 220
220 221
221 222
220 223
220 224
218 225
225 226
226 227
227 228
226 229
229 230
230 231
229 232
213 233
233 234
234 235
235 236
236 237
236 238
236 239
239 240
240 241
239 242
233 243
243 244
244 245
245 246
244 247
247 248
248 249
247 250
233 251
251 252
252 253
253 254
252 255
251 256
256 257
257 258
258 259
259 260
258 261
258 262
256 263
263 264
264 265
265 266
11 267
267 268
268 269
269 270
268 271
267 272
272 273
273 274
274 275
275 276
274 277
273 278
278 279
279 280
280 281
281 282
280 283
280 284
278 285
285 286
286 287
287 288
286 289
289 290
290 291
289 292
273 293
293 294
294 295
295 296
296 297
295 298
295 299
293 300
300 301
301 302
302 303
301 304
304 305
305 306
304 307
11 308
308 309
309 310
310 311
309 312
308 313
313 314
314 315
315 316
316 317
315 318
315 319
308 320
320 321
321 322
322 323
321 324
320 325
325 326
326 327
327 328
328 329
327 330
326 331
331 332
332 333
333 334
334 335
333 336
333 337
331 338
338 339
339 340
340 341
339 342
342 343
343 344
342 345
11 346
346 347
347 348
348 349
347 350
