0 1
1 2
1 3
3 4
3 5
3 6
6 7
7 8
6 9
3 10
10 11
11 12
10 13
3 14
3 15
15 16
16 17
17 18
18 19
18 20
18 21
21 22
22 23
21 24
15 25
25 26
26 27
27 28
27 29
27 30
30 31
31 32
30 33
15 34
34 35
35 36
36 37
35 38
38 39
34 40
40 41
41 42
15 43
43 44
44 45
45 46
45 47
45 48
43 49
49 50
50 51
49 52
52 53
53 54
54 55
53 56
52 57
57 58
58 59
57 60
43 61
61 62
62 63
43 64
64 65
65 66
66 67
67 68
67 69
67 70
64 71
71 72
72 73
73 74
74 75
73 76
76 77
77 78
76 79
72 80
80 81
81 82
82 83
81 84
81 85
85 86
86 87
85 88
88 89
80 90
90 91
91 92
90 93
90 94
94 95
71 96
96 97
97 98
98 99
64 100
100 101
101 102
102 103
101 104
104 105
105 106
104 107
100 108
108 109
109 110
110 111
15 112
112 113
113 114
