0 1
1 2
1 3
3 4
3 5
3 6
6 7
7 8
6 9
3 10
10 11
11 12
10 13
3 14
3 15
15 16
16 17
17 18
18 19
18 20
18 21
21 22
22 23
21 24
15 25
25 26
26 27
27 28
27 29
27 30
15 31
31 32
32 33
33 34
33 35
33 36
36 37
37 38
36 39
15 40
40 41
41 42
42 43
41 44
44 45
40 46
46 47
47 48
48 49
15 50
50 51
51 52
52 53
52 54
52 55
50 56
56 57
57 58
56 59
59 60
60 61
59 62
50 63
63 64
64 65
50 66
66 67
67 68
68 69
69 70
70 71
69 72
69 73
73 74
68 75
75 76
76 77
75 78
75 79
79 80
67 81
81 82
82 83
83 84
84 85
85 86
86 87
85 88
88 89
84 90
90 91
83 92
92 93
93 94
94 95
93 96
93 97
97 98
93 99
99 100
100 101
99 102
102 103
92 104
92 105
105 106
82 107
107 108
108 109
15 110
110 111
111 112
