0 1
1 2
1 3
3 4
3 5
3 6
6 7
7 8
6 9
3 10
10 11
11 12
10 13
3 14
3 15
15 16
16 17
17 18
18 19
18 20
18 21
21 22
22 23
21 24
15 25
25 26
26 27
27 28
27 29
27 30
30 31
31 32
30 33
15 34
34 35
35 36
36 37
35 38
34 39
39 40
15 41
41 42
42 43
43 44
43 45
43 46
41 47
47 48
48 49
47 50
50 51
51 52
50 53
53 54
41 55
55 56
56 57
41 58
58 59
59 60
60 61
61 62
61 63
61 64
58 65
65 66
66 67
67 68
67 69
67 70
65 71
71 72
72 73
71 74
74 75
65 76
76 77
77 78
65 79
79 80
80 81
81 82
82 83
83 84
82 85
82 86
86 87
87 88
86 89
89 90
81 91
91 92
92 93
91 94
91 95
95 96
80 97
97 98
98 99
99 100
100 101
99 102
97 103
58 104
104 105
105 106
104 107
107 108
108 109
15 110
110 111
111 112
