0 1
1 2
1 3
3 4
3 5
3 6
6 7
7 8
6 9
3 10
10 11
11 12
10 13
3 14
3 15
15 16
16 17
17 18
18 19
18 20
18 21
16 22
22 23
23 24
22 25
25 26
26 27
25 28
16 29
29 30
30 31
16 32
32 33
33 34
34 35
35 36
36 37
35 38
35 39
39 40
34 41
41 42
42 43
41 44
41 45
33 46
46 47
47 48
48 49
49 50
49 51
49 52
46 53
53 54
54 55
55 56
56 57
55 58
58 59
59 60
58 61
54 62
62 63
63 64
64 65
65 66
64 67
67 68
62 69
69 70
70 71
69 72
53 73
73 74
74 75
75 76
76 77
77 78
76 79
76 80
80 81
81 82
80 83
83 84
75 85
85 86
86 87
85 88
85 89
89 90
74 91
91 92
73 93
93 94
94 95
95 96
46 97
97 98
98 99
99 100
98 101
101 102
102 103
101 104
97 105
105 106
106 107
107 108
15 109
109 110
110 111
111 112
110 113
110 114
109 115
115 116
116 117
15 118
118 119
119 120
