0 1
1 2
1 3
3 4
3 5
3 6
6 7
7 8
6 9
3 10
10 11
10 12
12 13
12 14
14 15
3 16
16 17
17 18
18 19
19 20
18 21
18 22
22 23
16 24
24 25
25 26
26 27
27 28
27 29
29 30
29 31
31 32
26 33
26 34
34 35
35 36
16 37
37 38
38 39
39 40
39 41
39 42
37 43
43 44
44 45
43 46
46 47
47 48
48 49
47 50
46 51
37 52
52 53
53 54
37 55
55 56
56 57
57 58
58 59
59 60
58 61
57 62
62 63
63 64
64 65
65 66
64 67
63 68
68 69
69 70
70 71
69 72
72 73
68 74
74 75
75 76
74 77
77 78
78 79
77 80
56 81
81 82
82 83
83 84
84 85
84 86
84 87
87 88
88 89
87 90
81 91
91 92
92 93
93 94
93 95
93 96
96 97
97 98
98 99
97 100
96 101
81 102
102 103
103 104
104 105
103 106
106 107
102 108
108 109
109 110
110 111
111 112
112 113
113 114
114 115
113 116
116 117
112 118
118 119
119 120
118 121
121 122
110 123
123 124
124 125
125 126
126 127
125 128
128 129
109 130
130 131
131 132
132 133
133 134
134 135
134 136
136 137
133 138
133 139
139 140
140 141
130 142
142 143
143 144
144 145
143 146
143 147
147 148
148 149
147 150
150 151
130 152
152 153
153 154
154 155
153 156
153 157
157 158
158 159
157 160
160 161
130 162
162 163
163 164
164 165
163 166
163 167
167 168
168 169
167 170
170 171
130 172
172 173
173 174
174 175
173 176
173 177
177 178
130 179
179 180
180 181
181 182
182 183
181 184
184 185
180 186
186 187
187 188
188 189
187 190
190 191
186 192
192 193
193 194
192 195
195 196
196 197
195 198
179 199
199 200
200 201
201 202
202 203
130 204
204 205
205 206
206 207
207 208
206 209
209 210
205 211
211 212
212 213
213 214
212 215
215 216
211 217
217 218
218 219
217 220
220 221
221 222
220 223
204 224
224 225
225 226
226 227
227 228
130 229
229 230
230 231
231 232
130 233
233 234
234 235
235 236
109 237
237 238
238 239
239 240
240 241
241 242
242 243
241 244
244 245
240 246
246 247
247 248
246 249
249 250
238 251
251 252
252 253
253 254
254 255
253 256
256 257
237 258
258 259
259 260
260 261
261 262
237 263
263 264
264 265
265 266
266 267
267 268
268 269
267 270
270 271
266 272
272 273
273 274
272 275
275 276
264 277
277 278
278 279
279 280
280 281
279 282
282 283
263 284
284 285
285 286
286 287
287 288
16 289
289 290
290 291
