0 1
1 2
1 3
3 4
3 5
3 6
6 7
7 8
6 9
3 10
10 11
10 12
3 13
13 14
13 15
15 16
15 17
17 18
3 19
19 20
20 21
21 22
22 23
23 24
23 25
25 26
25 27
27 28
22 29
22 30
30 31
31 32
19 33
33 34
34 35
35 36
35 37
35 38
19 39
39 40
40 41
41 42
41 43
41 44
44 45
45 46
44 47
19 48
48 49
49 50
50 51
49 52
52 53
48 54
54 55
55 56
56 57
57 58
58 59
59 60
58 61
61 62
57 63
63 64
64 65
63 66
66 67
56 68
68 69
69 70
70 71
69 72
72 73
55 74
74 75
75 76
76 77
77 78
78 79
78 80
80 81
77 82
77 83
83 84
84 85
74 86
86 87
87 88
88 89
87 90
87 91
91 92
92 93
91 94
94 95
74 96
96 97
97 98
98 99
97 100
97 101
101 102
102 103
101 104
104 105
74 106
106 107
107 108
108 109
107 110
107 111
111 112
112 113
111 114
114 115
74 116
116 117
117 118
118 119
117 120
117 121
121 122
74 123
123 124
124 125
125 126
74 127
127 128
128 129
129 130
74 131
131 132
132 133
133 134
134 135
135 136
134 137
133 138
138 139
132 140
140 141
141 142
142 143
141 144
144 145
140 146
146 147
147 148
146 149
149 150
150 151
149 152
131 153
153 154
154 155
155 156
74 157
157 158
158 159
159 160
160 161
161 162
160 163
159 164
158 165
165 166
166 167
167 168
166 169
169 170
165 171
171 172
172 173
171 174
174 175
175 176
174 177
157 178
178 179
179 180
180 181
55 182
182 183
183 184
184 185
185 186
186 187
185 188
188 189
184 190
190 191
191 192
190 193
193 194
183 195
195 196
196 197
197 198
196 199
199 200
182 201
201 202
202 203
203 204
204 205
182 206
206 207
207 208
208 209
209 210
19 211
211 212
212 213
1 214
214 215
214 216
214 217
217 218
218 219
217 220
214 221
221 222
221 223
223 224
223 225
225 226
214 227
227 228
228 229
229 230
230 231
231 232
231 233
233 234
233 235
235 236
230 237
230 238
238 239
239 240
227 241
241 242
242 243
243 244
242 245
242 246
246 247
227 248
248 249
249 250
250 251
250 252
250 253
253 254
254 255
255 256
254 257
253 258
248 259
259 260
260 261
259 262
248 263
263 264
264 265
248 266
266 267
267 268
268 269
269 270
270 271
269 272
272 273
273 274
274 275
273 276
272 277
268 278
278 279
279 280
280 281
279 282
282 283
278 284
284 285
285 286
284 287
287 288
288 289
287 290
267 291
266 292
292 293
293 294
294 295
295 296
295 297
297 298
297 299
299 300
294 301
294 302
302 303
302 304
304 305
302 306
306 307
266 308
308 309
309 310
310 311
309 312
309 313
313 314
227 315
315 316
316 317
