0 1
1 2
1 3
3 4
3 5
3 6
6 7
7 8
6 9
3 10
10 11
10 12
12 13
12 14
14 15
3 16
16 17
17 18
18 19
19 20
19 21
19 22
16 23
23 24
24 25
25 26
26 27
26 28
28 29
28 30
30 31
25 32
25 33
33 34
34 35
34 36
36 37
36 38
38 39
16 40
40 41
41 42
42 43
43 44
43 45
45 46
42 47
42 48
48 49
49 50
49 51
51 52
16 53
53 54
54 55
55 56
54 57
54 58
58 59
16 60
60 61
61 62
62 63
62 64
62 65
60 66
66 67
67 68
66 69
69 70
70 71
69 72
60 73
73 74
74 75
60 76
76 77
77 78
78 79
79 80
79 81
79 82
82 83
83 84
82 85
76 86
86 87
87 88
88 89
88 90
88 91
91 92
92 93
93 94
92 95
91 96
76 97
97 98
98 99
99 100
99 101
99 102
102 103
103 104
102 105
105 106
106 107
105 108
108 109
76 110
110 111
111 112
112 113
111 114
114 115
110 116
116 117
117 118
118 119
119 120
120 121
121 122
120 123
123 124
119 125
125 126
126 127
125 128
128 129
118 130
130 131
117 132
132 133
133 134
134 135
135 136
117 137
137 138
138 139
139 140
140 141
141 142
140 143
143 144
139 145
145 146
146 147
145 148
148 149
138 150
150 151
137 152
152 153
153 154
154 155
155 156
137 157
157 158
158 159
159 160
160 161
159 162
159 163
163 164
164 165
163 166
163 167
167 168
168 169
167 170
170 171
163 172
172 173
173 174
172 175
175 176
163 177
177 178
178 179
177 180
180 181
157 182
182 183
183 184
184 185
157 186
186 187
187 188
188 189
16 190
190 191
191 192
192 193
191 194
194 195
195 196
195 197
197 198
197 199
199 200
194 201
201 202
202 203
202 204
204 205
204 206
206 207
201 208
208 209
16 210
210 211
211 212
