0 1
1 2
1 3
3 4
3 5
3 6
6 7
7 8
6 9
3 10
3 11
11 12
12 13
13 14
14 15
15 16
16 17
15 18
14 19
13 20
20 21
21 22
22 23
21 24
20 25
12 26
26 27
27 28
28 29
27 30
11 31
31 32
32 33
33 34
33 35
33 36
11 37
37 38
38 39
39 40
39 41
39 42
11 43
43 44
44 45
45 46
45 47
45 48
43 49
49 50
50 51
49 52
52 53
53 54
52 55
43 56
56 57
57 58
43 59
59 60
60 61
61 62
62 63
63 64
62 65
65 66
61 67
67 68
68 69
67 70
70 71
71 72
70 73
60 74
74 75
75 76
76 77
77 78
78 79
77 80
80 81
81 82
76 83
83 84
84 85
83 86
86 87
74 88
88 89
89 90
90 91
89 92
60 93
93 94
94 95
95 96
96 97
97 98
96 99
99 100
95 101
101 102
102 103
101 104
104 105
105 106
104 107
94 108
108 109
109 110
93 111
111 112
112 113
113 114
114 115
115 116
114 117
117 118
118 119
113 120
120 121
121 122
120 123
123 124
111 125
125 126
126 127
127 128
126 129
11 130
130 131
131 132
