0 1
1 2
1 3
3 4
3 5
3 6
6 7
7 8
6 9
3 10
3 11
11 12
12 13
13 14
14 15
14 16
14 17
13 18
18 19
18 20
18 21
21 22
22 23
21 24
13 25
25 26
25 27
25 28
13 29
29 30
29 31
29 32
11 33
33 34
34 35
35 36
34 37
37 38
33 39
39 40
40 41
41 42
42 43
43 44
42 45
45 46
41 47
47 48
48 49
47 50
50 51
51 52
50 53
40 54
54 55
55 56
56 57
57 58
54 59
59 60
60 61
61 62
60 63
59 64
64 65
65 66
66 67
67 68
67 69
67 70
70 71
64 72
72 73
73 74
74 75
75 76
74 77
77 78
73 79
79 80
80 81
79 82
82 83
72 84
84 85
85 86
86 87
87 88
86 89
89 90
90 91
89 92
85 93
93 94
94 95
84 96
96 97
97 98
98 99
64 100
100 101
101 102
102 103
101 104
104 105
64 106
106 107
107 108
108 109
107 110
40 111
111 112
112 113
113 114
114 115
113 116
39 117
117 118
118 119
118 120
120 121
118 122
122 123
118 124
124 125
39 126
126 127
127 128
128 129
39 130
130 131
131 132
132 133
11 134
134 135
135 136
1 137
137 138
137 139
137 140
140 141
140 142
137 143
143 144
143 145
137 146
146 147
147 148
146 149
137 150
137 151
151 152
152 153
153 154
154 155
154 156
154 157
157 158
158 159
157 160
160 161
151 162
162 163
163 164
164 165
165 166
164 167
167 168
163 169
169 170
170 171
169 172
172 173
151 174
174 175
175 176
176 177
177 178
176 179
179 180
175 181
181 182
