0 1
1 2
1 3
3 4
3 5
3 6
6 7
7 8
6 9
3 10
10 11
3 12
12 13
13 14
14 15
15 16
15 17
15 18
12 19
19 20
20 21
21 22
21 23
21 24
24 25
25 26
26 27
25 28
24 29
19 30
30 31
31 32
32 33
31 34
30 35
35 36
36 37
35 38
19 39
39 40
40 41
19 42
42 43
43 44
44 45
45 46
45 47
45 48
48 49
49 50
50 51
49 52
52 53
48 54
54 55
42 56
56 57
57 58
58 59
57 60
56 61
61 62
62 63
63 64
64 65
63 66
61 67
67 68
68 69
69 70
70 71
69 72
72 73
68 74
74 75
75 76
74 77
56 78
78 79
79 80
80 81
81 82
80 83
78 84
84 85
85 86
86 87
87 88
86 89
89 90
85 91
91 92
12 93
93 94
94 95
95 96
94 97
93 98
98 99
99 100
100 101
101 102
102 103
101 104
101 105
105 106
105 107
107 108
108 109
109 110
110 111
109 112
108 113
98 114
114 115
115 116
116 117
117 118
116 119
115 120
98 121
121 122
122 123
123 124
123 125
123 126
121 127
127 128
128 129
127 130
130 131
131 132
130 133
121 134
134 135
135 136
121 137
137 138
138 139
139 140
140 141
141 142
140 143
143 144
139 145
145 146
146 147
145 148
148 149
149 150
148 151
98 152
152 153
153 154
12 155
155 156
156 157
