0 1
1 2
1 3
3 4
3 5
3 6
6 7
7 8
6 9
3 10
10 11
3 12
12 13
13 14
14 15
15 16
15 17
15 18
18 19
19 20
18 21
12 22
22 23
23 24
24 25
25 26
24 27
27 28
28 29
27 30
23 31
22 32
32 33
33 34
34 35
35 36
36 37
35 38
38 39
39 40
38 41
34 42
42 43
43 44
44 45
43 46
46 47
47 48
46 49
42 50
32 51
51 52
52 53
12 54
54 55
55 56
56 57
57 58
56 59
59 60
60 61
59 62
55 63
12 64
64 65
65 66
66 67
66 68
66 69
69 70
70 71
69 72
64 73
73 74
74 75
73 76
64 77
77 78
78 79
64 80
80 81
81 82
82 83
83 84
84 85
83 86
86 87
82 88
81 89
89 90
90 91
91 92
92 93
93 94
92 95
95 96
91 97
97 98
98 99
99 100
98 101
101 102
97 103
89 104
104 105
105 106
80 107
107 108
108 109
109 110
110 111
109 112
112 113
108 114
12 115
115 116
116 117
117 118
118 119
117 120
117 121
121 122
121 123
123 124
124 125
125 126
124 127
12 128
128 129
129 130
130 131
131 132
130 133
129 134
12 135
135 136
136 137
