0 1
1 2
1 3
3 4
3 5
3 6
6 7
7 8
6 9
3 10
10 11
3 12
12 13
13 14
14 15
15 16
15 17
15 18
12 19
19 20
20 21
21 22
21 23
21 24
24 25
25 26
26 27
25 28
24 29
19 30
30 31
31 32
30 33
19 34
34 35
35 36
19 37
37 38
38 39
39 40
40 41
41 42
40 43
43 44
39 45
38 46
46 47
47 48
48 49
49 50
48 51
47 52
52 53
53 54
54 55
55 56
56 57
55 58
58 59
52 60
60 61
61 62
46 63
63 64
64 65
65 66
64 67
38 68
68 69
69 70
70 71
71 72
72 73
71 74
74 75
70 76
68 77
77 78
78 79
79 80
78 81
12 82
82 83
83 84
84 85
83 86
82 87
87 88
88 89
89 90
90 91
91 92
90 93
90 94
94 95
94 96
96 97
97 98
98 99
99 100
98 101
97 102
87 103
103 104
104 105
105 106
106 107
105 108
104 109
87 110
110 111
111 112
112 113
112 114
112 115
110 116
116 117
117 118
116 119
119 120
120 121
121 122
120 123
119 124
110 125
125 126
126 127
110 128
128 129
129 130
130 131
131 132
132 133
131 134
134 135
130 136
136 137
137 138
136 139
139 140
140 141
139 142
87 143
143 144
144 145
82 146
146 147
147 148
148 149
