0 1
1 2
1 3
3 4
3 5
3 6
6 7
7 8
8 9
6 10
3 11
3 12
12 13
13 14
14 15
15 16
15 17
15 18
18 19
19 20
18 21
12 22
22 23
23 24
24 25
24 26
24 27
27 28
28 29
29 30
28 31
27 32
12 33
33 34
34 35
35 36
36 37
37 38
36 39
35 40
34 41
33 42
42 43
43 44
12 45
45 46
46 47
47 48
48 49
49 50
48 51
51 52
52 53
51 54
47 55
55 56
56 57
55 58
46 59
45 60
60 61
61 62
12 63
63 64
64 65
65 66
66 67
65 68
65 69
69 70
69 71
71 72
72 73
12 74
74 75
75 76
76 77
76 78
76 79
74 80
80 81
81 82
80 83
83 84
74 85
85 86
86 87
74 88
88 89
89 90
90 91
91 92
92 93
91 94
91 95
95 96
95 97
97 98
98 99
88 100
100 101
101 102
102 103
102 104
102 105
100 106
106 107
107 108
106 109
109 110
100 111
111 112
112 113
100 114
114 115
115 116
116 117
117 118
118 119
119 120
118 121
121 122
117 123
123 124
116 125
115 126
126 127
127 128
128 129
129 130
130 131
129 132
132 133
128 134
115 135
135 136
136 137
137 138
138 139
137 140
136 141
141 142
142 143
141 144
135 145
145 146
146 147
147 148
148 149
149 150
148 151
151 152
147 153
135 154
154 155
155 156
156 157
157 158
157 159
157 160
160 161
161 162
160 163
163 164
154 165
165 166
166 167
167 168
167 169
167 170
154 171
171 172
172 173
173 174
172 175
171 176
176 177
177 178
178 179
179 180
178 181
181 182
182 183
181 184
184 185
185 186
184 187
154 188
188 189
189 190
190 191
191 192
190 193
193 194
189 195
195 196
196 197
195 198
198 199
88 200
200 201
201 202
202 203
201 204
204 205
12 206
206 207
207 208
208 209
207 210
210 211
211 212
210 213
