0 1
1 2
1 3
3 4
3 5
3 6
6 7
7 8
8 9
6 10
3 11
3 12
12 13
13 14
14 15
15 16
15 17
15 18
14 19
19 20
19 21
19 22
12 23
23 24
24 25
25 26
25 27
25 28
28 29
29 30
28 31
24 32
32 33
32 34
32 35
35 36
36 37
37 38
36 39
35 40
12 41
41 42
42 43
43 44
44 45
45 46
44 47
47 48
48 49
47 50
43 51
51 52
52 53
51 54
42 55
41 56
56 57
57 58
12 59
59 60
60 61
61 62
62 63
61 64
61 65
65 66
65 67
67 68
68 69
12 70
70 71
71 72
72 73
72 74
72 75
75 76
76 77
75 78
70 79
79 80
80 81
79 82
70 83
83 84
84 85
70 86
86 87
87 88
88 89
89 90
90 91
89 92
89 93
93 94
94 95
93 96
96 97
86 98
98 99
99 100
100 101
101 102
100 103
103 104
104 105
103 106
99 107
107 108
108 109
109 110
108 111
111 112
112 113
111 114
107 115
98 116
116 117
117 118
118 119
119 120
118 121
121 122
122 123
121 124
117 125
98 126
126 127
127 128
128 129
129 130
128 131
131 132
132 133
131 134
127 135
126 136
136 137
137 138
138 139
139 140
138 141
141 142
142 143
141 144
137 145
126 146
146 147
147 148
148 149
149 150
148 151
151 152
152 153
151 154
147 155
155 156
156 157
155 158
158 159
159 160
158 161
86 162
162 163
163 164
164 165
164 166
164 167
167 168
168 169
167 170
162 171
171 172
172 173
171 174
162 175
175 176
176 177
162 178
178 179
179 180
180 181
181 182
182 183
181 184
184 185
180 186
179 187
187 188
188 189
189 190
190 191
191 192
190 193
193 194
189 195
179 196
196 197
197 198
198 199
199 200
198 201
201 202
197 203
203 204
204 205
205 206
204 207
207 208
208 209
207 210
203 211
211 212
212 213
211 214
214 215
86 216
216 217
217 218
218 219
217 220
220 221
12 222
222 223
223 224
224 225
223 226
12 227
12 228
12 229
12 230
12 231
12 232
12 233
12 234
12 235
12 236
0 237
0 238
0 239
0 240
0 241
0 242
0 243
0 244
0 245
