0 1
1 2
1 3
3 4
4 5
4 6
3 7
7 8
7 9
1 10
10 11
10 12
12 13
12 14
10 15
15 16
15 17
10 18
18 19
19 20
20 21
18 22
10 23
23 24
24 25
25 26
23 27
10 28
10 29
29 30
30 31
31 32
32 33
33 34
32 35
35 36
31 37
37 38
38 39
37 40
40 41
30 42
42 43
29 44
44 45
45 46
46 47
47 48
48 49
47 50
50 51
46 52
52 53
45 54
44 55
55 56
29 57
57 58
58 59
59 60
60 61
61 62
60 63
63 64
59 65
65 66
58 67
57 68
68 69
69 70
70 71
71 72
70 73
73 74
69 75
75 76
29 77
77 78
78 79
79 80
80 81
79 82
82 83
83 84
82 85
78 86
86 87
87 88
86 89
89 90
90 91
89 92
77 93
93 94
77 95
95 96
96 97
97 98
98 99
99 100
98 101
101 102
97 103
103 104
96 105
105 106
106 107
106 108
108 109
109 110
108 111
106 112
112 113
106 114
114 115
106 116
116 117
105 118
118 119
118 120
120 121
118 122
122 123
123 124
122 125
118 126
126 127
118 128
128 129
1 130
130 131
130 132
130 133
133 134
134 135
135 136
133 137
130 138
130 139
139 140
140 141
141 142
142 143
141 144
144 145
145 146
144 147
139 148
148 149
149 150
150 151
149 152
152 153
153 154
154 155
153 156
152 157
139 158
158 159
159 160
160 161
161 162
162 163
160 164
160 165
165 166
165 167
167 168
168 169
165 170
170 171
171 172
139 173
173 174
174 175
174 176
174 177
174 178
178 179
174 180
180 181
