0 1
1 2
1 3
3 4
3 5
3 6
6 7
7 8
8 9
6 10
3 11
3 12
12 13
13 14
14 15
15 16
16 17
17 18
15 19
15 20
20 21
20 22
22 23
23 24
24 25
23 26
20 27
27 28
28 29
29 30
30 31
29 32
28 33
12 34
34 35
35 36
36 37
37 38
38 39
37 40
36 41
35 42
34 43
43 44
34 45
45 46
46 47
47 48
48 49
49 50
48 51
47 52
46 53
12 54
54 55
55 56
56 57
56 58
56 59
54 60
60 61
61 62
60 63
63 64
64 65
63 66
54 67
67 68
68 69
54 70
70 71
71 72
72 73
73 74
73 75
73 76
71 77
77 78
78 79
77 80
80 81
81 82
82 83
81 84
80 85
71 86
86 87
87 88
71 89
89 90
90 91
91 92
92 93
93 94
94 95
93 96
96 97
92 98
98 99
91 100
90 101
101 102
102 103
103 104
104 105
105 106
104 107
107 108
103 109
109 110
102 111
90 112
112 113
113 114
114 115
115 116
114 117
113 118
118 119
119 120
118 121
112 122
122 123
123 124
124 125
125 126
126 127
125 128
124 129
129 130
130 131
129 132
123 133
133 134
134 135
135 136
136 137
137 138
136 139
139 140
135 141
141 142
134 143
123 144
144 145
145 146
146 147
147 148
148 149
147 150
146 151
151 152
152 153
153 154
154 155
153 156
152 157
157 158
158 159
159 160
160 161
159 162
162 163
158 164
164 165
165 166
164 167
157 168
145 169
169 170
170 171
171 172
170 173
169 174
174 175
175 176
176 177
177 178
176 179
175 180
180 181
181 182
182 183
183 184
182 185
185 186
186 187
185 188
181 189
189 190
180 191
144 192
192 193
193 194
194 195
195 196
196 197
195 198
198 199
194 200
200 201
193 202
144 203
203 204
204 205
205 206
206 207
207 208
206 209
209 210
205 211
211 212
204 213
112 214
214 215
215 216
216 217
217 218
218 219
219 220
218 221
221 222
217 223
223 224
216 225
225 226
226 227
227 228
228 229
227 230
230 231
231 232
230 233
226 234
234 235
225 236
236 237
237 238
238 239
237 240
240 241
236 242
242 243
243 244
242 245
12 246
246 247
247 248
248 249
249 250
248 251
251 252
252 253
253 254
252 255
251 256
247 257
257 258
258 259
259 260
260 261
259 262
258 263
257 264
