0 1
1 2
1 3
3 4
3 5
3 6
6 7
7 8
6 9
3 10
10 11
3 12
12 13
13 14
14 15
15 16
16 17
16 18
18 19
15 20
15 21
21 22
22 23
22 24
24 25
12 26
26 27
27 28
28 29
27 30
30 31
31 32
30 33
12 34
34 35
35 36
36 37
37 38
36 39
36 40
40 41
41 42
40 43
43 44
40 45
12 46
46 47
47 48
48 49
47 50
46 51
51 52
52 53
53 54
54 55
55 56
54 57
54 58
58 59
59 60
58 61
51 62
62 63
63 64
64 65
63 66
63 67
67 68
12 69
69 70
70 71
71 72
72 73
71 74
71 75
12 76
76 77
77 78
78 79
79 80
78 81
76 82
82 83
83 84
84 85
85 86
84 87
87 88
88 89
89 90
88 91
91 92
92 93
91 94
87 95
12 96
96 97
97 98
98 99
97 100
