0 1
1 2
1 3
3 4
3 5
3 6
6 7
7 8
6 9
3 10
3 11
11 12
12 13
13 14
14 15
15 16
14 17
14 18
18 19
18 20
20 21
21 22
22 23
21 24
11 25
25 26
26 27
27 28
28 29
27 30
27 31
31 32
31 33
33 34
34 35
35 36
34 37
11 38
38 39
39 40
40 41
41 42
40 43
40 44
44 45
44 46
46 47
47 48
48 49
47 50
11 51
51 52
52 53
53 54
53 55
53 56
56 57
11 58
58 59
59 60
60 61
61 62
60 63
59 64
11 65
65 66
66 67
67 68
67 69
67 70
65 71
71 72
72 73
71 74
74 75
75 76
74 77
65 78
78 79
79 80
65 81
81 82
82 83
83 84
84 85
85 86
84 87
87 88
83 89
89 90
90 91
91 92
90 93
93 94
94 95
93 96
89 97
97 98
98 99
97 100
100 101
101 102
100 103
11 104
104 105
105 106
106 107
107 108
106 109
109 110
110 111
111 112
110 113
109 114
105 115
11 116
116 117
117 118
118 119
118 120
118 121
121 122
122 123
123 124
122 125
121 126
116 127
127 128
128 129
127 130
116 131
131 132
132 133
116 134
134 135
135 136
136 137
137 138
138 139
137 140
140 141
136 142
142 143
143 144
144 145
143 146
146 147
147 148
146 149
142 150
150 151
151 152
150 153
153 154
154 155
153 156
11 157
157 158
158 159
159 160
159 161
159 162
157 163
163 164
164 165
163 166
166 167
167 168
166 169
157 170
170 171
171 172
157 173
173 174
174 175
175 176
176 177
177 178
176 179
179 180
175 181
181 182
182 183
181 184
184 185
174 186
186 187
187 188
188 189
189 190
188 191
191 192
186 193
11 194
194 195
195 196
