0 1
1 2
1 3
3 4
3 5
3 6
6 7
7 8
6 9
3 10
3 11
11 12
12 13
13 14
14 15
15 16
14 17
13 18
12 19
19 20
20 21
21 22
11 23
23 24
24 25
25 26
26 27
25 28
25 29
29 30
29 31
31 32
32 33
33 34
32 35
11 36
36 37
37 38
38 39
39 40
38 41
37 42
42 43
43 44
42 45
11 46
46 47
47 48
48 49
48 50
48 51
46 52
52 53
53 54
52 55
55 56
56 57
55 58
46 59
59 60
60 61
46 62
62 63
63 64
64 65
65 66
66 67
65 68
68 69
64 70
70 71
71 72
72 73
71 74
74 75
75 76
74 77
70 78
78 79
79 80
78 81
81 82
11 83
83 84
84 85
85 86
85 87
85 88
83 89
89 90
90 91
89 92
92 93
93 94
92 95
83 96
96 97
97 98
83 99
99 100
100 101
101 102
102 103
102 104
102 105
105 106
106 107
107 108
108 109
107 110
105 111
105 112
112 113
113 114
112 115
115 116
116 117
115 118
99 119
119 120
120 121
121 122
121 123
121 124
124 125
125 126
126 127
125 128
128 129
129 130
130 131
129 132
128 133
124 134
134 135
135 136
134 137
137 138
99 139
139 140
140 141
141 142
140 143
143 144
139 145
145 146
146 147
147 148
11 149
149 150
150 151
