0 1
1 2
1 3
3 4
3 5
3 6
6 7
7 8
6 9
3 10
3 11
11 12
12 13
13 14
14 15
14 16
14 17
17 18
18 19
17 20
11 21
21 22
22 23
23 24
23 25
23 26
11 27
27 28
28 29
29 30
29 31
29 32
27 33
33 34
34 35
33 36
36 37
27 38
38 39
39 40
27 41
41 42
42 43
43 44
44 45
43 46
46 47
47 48
46 49
49 50
11 51
51 52
52 53
53 54
53 55
53 56
11 57
57 58
58 59
59 60
59 61
59 62
57 63
63 64
64 65
63 66
66 67
57 68
68 69
69 70
57 71
71 72
72 73
73 74
74 75
73 76
76 77
77 78
78 79
79 80
78 81
81 82
77 83
83 84
84 85
83 86
86 87
72 88
88 89
89 90
90 91
71 92
92 93
93 94
94 95
93 96
96 97
97 98
96 99
99 100
11 101
101 102
102 103
