0 1
1 2
1 3
3 4
3 5
3 6
6 7
7 8
6 9
3 10
3 11
11 12
12 13
13 14
14 15
14 16
14 17
11 18
18 19
19 20
20 21
20 22
20 23
11 24
24 25
25 26
26 27
26 28
26 29
29 30
11 31
31 32
32 33
33 34
33 35
33 36
31 37
37 38
38 39
37 40
40 41
41 42
40 43
31 44
44 45
45 46
31 47
47 48
48 49
49 50
50 51
49 52
47 53
53 54
54 55
55 56
54 57
47 58
58 59
59 60
60 61
60 62
60 63
58 64
64 65
65 66
64 67
67 68
58 69
69 70
70 71
58 72
72 73
73 74
74 75
75 76
74 77
77 78
78 79
77 80
80 81
47 82
82 83
83 84
84 85
84 86
84 87
87 88
88 89
87 90
82 91
91 92
92 93
91 94
94 95
95 96
94 97
82 98
98 99
99 100
82 101
101 102
102 103
103 104
104 105
103 106
106 107
107 108
106 109
109 110
47 111
111 112
112 113
113 114
112 115
115 116
111 117
117 118
118 119
119 120
120 121
119 122
122 123
117 124
11 125
125 126
126 127
