0 1
1 2
1 3
3 4
3 5
3 6
6 7
7 8
6 9
3 10
3 11
11 12
12 13
13 14
14 15
15 16
14 17
13 18
12 19
19 20
20 21
11 22
22 23
23 24
24 25
24 26
24 27
11 28
28 29
29 30
30 31
30 32
30 33
11 34
34 35
35 36
36 37
36 38
34 39
39 40
34 41
41 42
42 43
43 44
44 45
43 46
46 47
11 48
48 49
49 50
50 51
50 52
50 53
48 54
54 55
55 56
54 57
57 58
58 59
57 60
48 61
61 62
62 63
48 64
64 65
65 66
66 67
67 68
66 69
69 70
70 71
69 72
72 73
64 74
74 75
75 76
76 77
75 78
78 79
74 80
80 81
81 82
64 83
83 84
84 85
85 86
84 87
87 88
88 89
87 90
90 91
11 92
92 93
93 94
