0 1
1 2
1 3
3 4
3 5
3 6
6 7
7 8
6 9
3 10
3 11
11 12
12 13
13 14
14 15
15 16
14 17
13 18
12 19
19 20
20 21
11 22
22 23
23 24
24 25
24 26
24 27
11 28
28 29
29 30
30 31
30 32
30 33
11 34
34 35
35 36
36 37
36 38
36 39
34 40
40 41
41 42
40 43
43 44
44 45
43 46
34 47
47 48
48 49
34 50
50 51
51 52
52 53
51 54
54 55
55 56
54 57
57 58
11 59
59 60
60 61
61 62
61 63
61 64
59 65
65 66
66 67
65 68
68 69
69 70
68 71
59 72
72 73
73 74
59 75
75 76
76 77
77 78
78 79
77 80
80 81
81 82
80 83
83 84
75 85
85 86
86 87
87 88
86 89
89 90
85 91
91 92
92 93
75 94
94 95
95 96
96 97
95 98
98 99
99 100
98 101
101 102
11 103
103 104
104 105
