0 1
1 2
1 3
3 4
3 5
3 6
6 7
7 8
6 9
3 10
10 11
11 12
10 13
3 14
14 15
3 16
16 17
17 18
18 19
19 20
20 21
21 22
20 23
19 24
18 25
25 26
26 27
27 28
26 29
25 30
17 31
31 32
32 33
33 34
34 35
35 36
34 37
33 38
38 39
39 40
38 41
32 42
42 43
43 44
32 45
45 46
46 47
47 48
47 49
49 50
16 51
51 52
52 53
53 54
54 55
54 56
56 57
53 58
53 59
59 60
60 61
16 62
62 63
63 64
64 65
64 66
64 67
62 68
68 69
69 70
68 71
71 72
72 73
71 74
62 75
75 76
76 77
62 78
78 79
79 80
80 81
81 82
81 83
81 84
79 85
85 86
86 87
85 88
88 89
89 90
88 91
79 92
92 93
93 94
79 95
95 96
96 97
97 98
98 99
99 100
98 101
101 102
97 103
103 104
104 105
103 106
106 107
96 108
108 109
109 110
110 111
109 112
109 113
113 114
114 115
113 116
116 117
16 118
118 119
119 120
120 121
121 122
122 123
121 124
120 125
120 126
126 127
127 128
128 129
119 130
