0 1
1 2
1 3
3 4
3 5
3 6
6 7
7 8
6 9
3 10
10 11
11 12
10 13
3 14
14 15
3 16
16 17
17 18
18 19
19 20
20 21
19 22
19 23
23 24
23 25
25 26
16 27
27 28
28 29
29 30
30 31
30 32
32 33
29 34
29 35
35 36
36 37
36 38
38 39
16 40
40 41
41 42
42 43
42 44
42 45
40 46
46 47
47 48
46 49
49 50
50 51
49 52
40 53
53 54
54 55
40 56
56 57
57 58
58 59
59 60
60 61
59 62
62 63
63 64
62 65
65 66
58 67
16 68
68 69
69 70
70 71
70 72
70 73
68 74
74 75
75 76
74 77
77 78
78 79
77 80
68 81
81 82
82 83
68 84
84 85
85 86
86 87
87 88
87 89
87 90
90 91
91 92
90 93
93 94
84 95
95 96
96 97
97 98
97 99
97 100
100 101
101 102
100 103
103 104
84 105
105 106
106 107
107 108
106 109
105 110
110 111
111 112
112 113
113 114
114 115
113 116
116 117
112 118
110 119
119 120
120 121
121 122
120 123
120 124
124 125
16 126
126 127
127 128
128 129
129 130
128 131
128 132
132 133
132 134
134 135
135 136
136 137
135 138
16 139
139 140
140 141
141 142
141 143
141 144
16 145
145 146
146 147
147 148
147 149
145 150
150 151
145 152
152 153
153 154
154 155
155 156
156 157
155 158
158 159
154 160
160 161
152 162
162 163
163 164
164 165
16 166
166 167
167 168
