0 1
1 2
1 3
3 4
3 5
3 6
6 7
7 8
6 9
3 10
10 11
11 12
10 13
3 14
14 15
3 16
16 17
17 18
18 19
19 20
20 21
19 22
19 23
23 24
23 25
25 26
16 27
27 28
28 29
29 30
29 31
27 32
32 33
27 34
34 35
35 36
36 37
37 38
38 39
37 40
40 41
36 42
16 43
43 44
44 45
45 46
45 47
45 48
16 49
49 50
50 51
51 52
51 53
49 54
54 55
49 56
56 57
57 58
58 59
59 60
60 61
59 62
62 63
58 64
57 65
65 66
66 67
67 68
68 69
65 70
70 71
71 72
72 73
73 74
72 75
75 76
71 77
16 78
78 79
79 80
80 81
81 82
80 83
80 84
84 85
84 86
86 87
87 88
16 89
89 90
90 91
91 92
91 93
91 94
16 95
95 96
96 97
97 98
97 99
95 100
100 101
95 102
102 103
103 104
104 105
105 106
106 107
105 108
108 109
104 110
103 111
111 112
112 113
113 114
114 115
115 116
114 117
117 118
113 119
111 120
120 121
121 122
122 123
123 124
122 125
125 126
121 127
127 128
111 129
129 130
130 131
131 132
16 133
133 134
134 135
