0 1
1 2
1 3
3 4
3 5
3 6
6 7
7 8
6 9
3 10
10 11
3 12
12 13
13 14
14 15
15 16
16 17
15 18
15 19
19 20
12 21
21 22
22 23
23 24
24 25
23 26
22 27
27 28
28 29
29 30
28 31
27 32
21 33
33 34
34 35
35 36
36 37
35 38
38 39
39 40
38 41
12 42
42 43
43 44
44 45
45 46
44 47
44 48
48 49
12 50
50 51
51 52
52 53
52 54
52 55
12 56
56 57
57 58
58 59
59 60
58 61
58 62
12 63
63 64
64 65
65 66
65 67
65 68
68 69
68 70
70 71
12 72
72 73
73 74
74 75
75 76
74 77
73 78
78 79
79 80
78 81
81 82
72 83
83 84
84 85
85 86
86 87
87 88
86 89
85 90
84 91
91 92
92 93
93 94
94 95
95 96
94 97
93 98
98 99
91 100
100 101
101 102
102 103
103 104
102 105
101 106
106 107
107 108
106 109
91 110
110 111
111 112
112 113
113 114
112 115
111 116
91 117
117 118
118 119
119 120
118 121
121 122
91 123
123 124
124 125
125 126
124 127
127 128
128 129
127 130
84 131
131 132
132 133
133 134
134 135
133 136
136 137
131 138
138 139
139 140
140 141
139 142
142 143
143 144
142 145
83 146
146 147
147 148
148 149
12 150
150 151
151 152
1 153
153 154
153 155
153 156
153 157
157 158
158 159
157 160
153 161
153 162
162 163
163 164
164 165
165 166
166 167
165 168
165 169
169 170
162 171
171 172
172 173
173 174
173 175
173 176
162 177
177 178
178 179
179 180
178 181
177 182
182 183
183 184
184 185
185 186
182 187
187 188
188 189
189 190
188 191
191 192
192 193
191 194
162 195
195 196
196 197
