0 1
1 2
1 3
3 4
3 5
3 6
6 7
7 8
6 9
3 10
10 11
3 12
12 13
13 14
14 15
15 16
14 17
13 18
18 19
19 20
12 21
21 22
22 23
23 24
24 25
23 26
23 27
27 28
22 29
29 30
30 31
29 32
29 33
33 34
34 35
33 36
22 37
37 38
38 39
37 40
37 41
41 42
12 43
43 44
44 45
45 46
46 47
47 48
48 49
47 50
46 51
51 52
52 53
53 54
52 55
51 56
45 57
57 58
58 59
57 60
44 61
61 62
62 63
63 64
62 65
61 66
43 67
67 68
68 69
69 70
70 71
71 72
70 73
69 74
74 75
75 76
76 77
75 78
74 79
67 80
80 81
81 82
82 83
81 84
84 85
85 86
84 87
67 88
88 89
89 90
90 91
91 92
90 93
89 94
94 95
95 96
94 97
67 98
98 99
99 100
100 101
99 102
102 103
103 104
102 105
12 106
106 107
107 108
108 109
109 110
108 111
107 112
112 113
12 114
114 115
115 116
