0 1
1 2
1 3
3 4
3 5
3 6
6 7
7 8
6 9
3 10
10 11
3 12
12 13
13 14
14 15
15 16
15 17
15 18
12 19
19 20
20 21
21 22
22 23
21 24
21 25
25 26
26 27
25 28
28 29
12 30
30 31
31 32
32 33
33 34
32 35
32 36
36 37
37 38
36 39
39 40
12 41
41 42
42 43
43 44
44 45
43 46
43 47
47 48
12 49
49 50
50 51
51 52
52 53
51 54
51 55
55 56
12 57
57 58
58 59
59 60
60 61
59 62
59 63
63 64
12 65
65 66
66 67
67 68
66 69
65 70
70 71
71 72
72 73
73 74
71 75
75 76
76 77
77 78
78 79
79 80
78 81
77 82
82 83
75 84
84 85
85 86
86 87
85 88
88 89
89 90
88 91
71 92
92 93
93 94
94 95
95 96
96 97
95 98
94 99
99 100
92 101
101 102
102 103
103 104
102 105
105 106
106 107
105 108
70 109
109 110
110 111
111 112
110 113
113 114
114 115
70 116
116 117
117 118
118 119
117 120
120 121
121 122
120 123
12 124
124 125
125 126
126 127
127 128
126 129
125 130
130 131
131 132
130 133
12 134
134 135
135 136
136 137
135 138
134 139
139 140
140 141
141 142
142 143
141 144
140 145
12 146
146 147
147 148
148 149
147 150
