0 1
1 2
1 3
3 4
3 5
3 6
6 7
7 8
6 9
3 10
10 11
3 12
12 13
13 14
14 15
15 16
15 17
17 18
14 19
19 20
19 21
21 22
22 23
21 24
13 25
25 26
26 27
27 28
12 29
29 30
30 31
31 32
32 33
31 34
31 35
35 36
12 37
37 38
38 39
39 40
40 41
39 42
39 43
43 44
12 45
45 46
46 47
47 48
48 49
47 50
47 51
51 52
52 53
51 54
12 55
55 56
56 57
57 58
57 59
57 60
12 61
61 62
62 63
63 64
62 65
65 66
66 67
67 68
66 69
65 70
12 71
71 72
72 73
72 74
74 75
71 76
76 77
77 78
78 79
79 80
80 81
79 82
79 83
83 84
76 85
85 86
86 87
87 88
86 89
89 90
90 91
89 92
76 93
93 94
94 95
93 96
96 97
97 98
98 99
99 100
100 101
99 102
98 103
103 104
104 105
103 106
96 107
107 108
108 109
109 110
110 111
109 112
108 113
113 114
96 115
115 116
116 117
117 118
116 119
119 120
93 121
121 122
122 123
123 124
124 125
125 126
124 127
123 128
121 129
129 130
130 131
131 132
132 133
131 134
130 135
135 136
121 137
137 138
138 139
139 140
138 141
141 142
76 143
143 144
144 145
145 146
144 147
147 148
148 149
12 150
150 151
151 152
152 153
153 154
152 155
151 156
12 157
157 158
158 159
