0 1
1 2
1 3
3 4
3 5
3 6
6 7
7 8
6 9
3 10
10 11
3 12
12 13
13 14
14 15
15 16
16 17
17 18
16 19
15 20
20 21
21 22
22 23
21 24
20 25
14 26
26 27
27 28
28 29
29 30
28 31
27 32
26 33
13 34
34 35
35 36
12 37
37 38
38 39
39 40
40 41
39 42
39 43
43 44
38 45
45 46
46 47
45 48
45 49
49 50
50 51
49 52
38 53
53 54
54 55
53 56
53 57
57 58
58 59
57 60
12 61
61 62
62 63
63 64
64 65
63 66
62 67
67 68
68 69
69 70
68 71
67 72
61 73
73 74
74 75
75 76
76 77
77 78
76 79
75 80
80 81
81 82
82 83
81 84
80 85
73 86
86 87
87 88
88 89
87 90
90 91
91 92
90 93
73 94
94 95
95 96
96 97
97 98
96 99
95 100
100 101
101 102
102 103
101 104
100 105
73 106
106 107
107 108
108 109
107 110
110 111
111 112
110 113
12 114
114 115
115 116
116 117
117 118
116 119
115 120
120 121
12 122
122 123
123 124
