0 1
1 2
1 3
3 4
3 5
3 6
6 7
7 8
6 9
3 10
10 11
3 12
12 13
13 14
14 15
15 16
16 17
15 18
15 19
19 20
20 21
19 22
12 23
23 24
24 25
25 26
26 27
25 28
25 29
29 30
30 31
29 32
12 33
33 34
34 35
35 36
36 37
35 38
35 39
39 40
12 41
41 42
42 43
43 44
44 45
43 46
43 47
47 48
12 49
49 50
50 51
51 52
52 53
51 54
51 55
55 56
12 57
57 58
58 59
59 60
58 61
57 62
62 63
63 64
64 65
65 66
66 67
65 68
64 69
69 70
62 71
71 72
72 73
73 74
72 75
75 76
76 77
75 78
62 79
79 80
80 81
81 82
80 83
83 84
84 85
83 86
62 87
87 88
88 89
89 90
90 91
89 92
88 93
93 94
62 95
95 96
96 97
97 98
96 99
95 100
100 101
101 102
102 103
101 104
104 105
105 106
104 107
62 108
108 109
109 110
110 111
109 112
112 113
113 114
112 115
12 116
116 117
117 118
118 119
119 120
118 121
117 122
122 123
123 124
122 125
12 126
126 127
127 128
128 129
127 130
