0 1
1 2
1 3
3 4
3 5
3 6
6 7
7 8
6 9
3 10
10 11
11 12
10 13
3 14
14 15
3 16
16 17
17 18
18 19
19 20
18 21
17 22
22 23
23 24
16 25
25 26
26 27
27 28
26 29
25 30
30 31
31 32
16 33
33 34
34 35
35 36
36 37
35 38
35 39
39 40
40 41
16 42
42 43
43 44
44 45
45 46
44 47
44 48
48 49
16 50
50 51
51 52
52 53
53 54
52 55
51 56
56 57
57 58
56 59
50 60
60 61
61 62
62 63
63 64
64 65
63 66
62 67
67 68
68 69
67 70
61 71
71 72
72 73
73 74
74 75
75 76
74 77
73 78
78 79
71 80
80 81
81 82
82 83
81 84
84 85
85 86
84 87
71 88
61 89
89 90
90 91
91 92
92 93
93 94
92 95
91 96
96 97
89 98
98 99
99 100
100 101
99 102
102 103
103 104
102 105
60 106
106 107
107 108
108 109
107 110
110 111
111 112
110 113
16 114
114 115
115 116
116 117
115 118
114 119
119 120
120 121
121 122
122 123
123 124
122 125
121 126
126 127
119 128
114 129
129 130
130 131
131 132
132 133
133 134
132 135
131 136
136 137
16 138
138 139
139 140
140 141
139 142
16 143
