0 1
1 2
1 3
3 4
3 5
3 6
6 7
7 8
6 9
3 10
10 11
11 12
10 13
3 14
14 15
3 16
16 17
17 18
18 19
19 20
18 21
17 22
22 23
23 24
16 25
25 26
26 27
27 28
26 29
25 30
30 31
31 32
16 33
33 34
34 35
35 36
36 37
35 38
35 39
39 40
16 41
41 42
42 43
43 44
44 45
43 46
42 47
47 48
48 49
47 50
41 51
51 52
52 53
53 54
54 55
53 56
56 57
51 58
58 59
59 60
60 61
59 62
62 63
63 64
62 65
41 66
66 67
67 68
68 69
69 70
68 71
71 72
72 73
71 74
16 75
75 76
76 77
77 78
78 79
77 80
77 81
81 82
16 83
83 84
84 85
85 86
86 87
85 88
84 89
89 90
90 91
89 92
83 93
93 94
94 95
95 96
96 97
97 98
96 99
95 100
100 101
101 102
100 103
94 104
104 105
105 106
106 107
107 108
108 109
107 110
106 111
111 112
104 113
113 114
114 115
115 116
114 117
117 118
118 119
117 120
94 121
121 122
122 123
123 124
124 125
125 126
124 127
123 128
128 129
121 130
130 131
131 132
132 133
131 134
134 135
135 136
134 137
93 138
138 139
139 140
140 141
139 142
142 143
143 144
142 145
16 146
146 147
147 148
148 149
147 150
146 151
151 152
152 153
153 154
154 155
153 156
152 157
157 158
146 159
159 160
160 161
161 162
162 163
161 164
160 165
165 166
16 167
167 168
168 169
