0 1
1 2
1 3
3 4
3 5
3 6
6 7
7 8
6 9
3 10
10 11
11 12
10 13
3 14
14 15
3 16
16 17
17 18
18 19
19 20
20 21
19 22
19 23
23 24
24 25
16 26
26 27
27 28
28 29
29 30
28 31
28 32
32 33
16 34
34 35
34 36
36 37
37 38
38 39
39 40
38 41
37 42
42 43
43 44
44 45
36 46
46 47
47 48
48 49
47 50
46 51
51 52
52 53
53 54
36 55
55 56
56 57
57 58
58 59
57 60
56 61
61 62
62 63
61 64
55 65
65 66
66 67
67 68
68 69
69 70
68 71
67 72
72 73
73 74
72 75
65 76
76 77
77 78
78 79
79 80
80 81
81 82
80 83
79 84
84 85
76 86
86 87
87 88
88 89
89 90
90 91
89 92
88 93
93 94
86 95
95 96
96 97
65 98
98 99
99 100
100 101
99 102
102 103
103 104
102 105
55 106
106 107
107 108
108 109
109 110
110 111
109 112
108 113
113 114
114 115
113 116
106 117
117 118
118 119
119 120
120 121
121 122
122 123
121 124
120 125
125 126
117 127
127 128
128 129
129 130
130 131
131 132
130 133
129 134
134 135
127 136
136 137
137 138
106 139
139 140
140 141
141 142
140 143
143 144
144 145
143 146
36 147
147 148
148 149
149 150
150 151
149 152
148 153
153 154
154 155
36 156
156 157
157 158
158 159
157 160
160 161
161 162
160 163
16 164
16 165
1 166
1 167
