0 1
1 2
1 3
3 4
3 5
3 6
6 7
7 8
6 9
3 10
10 11
3 12
12 13
13 14
14 15
15 16
15 17
15 18
12 19
19 20
20 21
21 22
21 23
21 24
12 25
25 26
26 27
27 28
27 29
25 30
30 31
25 32
32 33
33 34
34 35
35 36
34 37
33 38
38 39
39 40
40 41
41 42
40 43
43 44
33 45
45 46
46 47
47 48
48 49
46 50
50 51
51 52
52 53
51 54
46 55
55 56
56 57
56 58
58 59
59 60
60 61
59 62
12 63
63 64
64 65
65 66
66 67
65 68
65 69
69 70
69 71
71 72
72 73
73 74
72 75
12 76
76 77
77 78
78 79
78 80
78 81
76 82
82 83
83 84
82 85
85 86
86 87
85 88
76 89
89 90
90 91
76 92
92 93
93 94
94 95
95 96
96 97
95 98
98 99
94 100
93 101
101 102
102 103
103 104
102 105
105 106
106 107
107 108
108 109
107 110
110 111
106 112
102 113
113 114
114 115
115 116
116 117
115 118
118 119
114 120
120 121
121 122
120 123
123 124
124 125
123 126
126 127
93 128
128 129
129 130
130 131
131 132
130 133
133 134
129 135
135 136
12 137
137 138
138 139
