0 1
1 2
1 3
3 4
3 5
3 6
6 7
7 8
6 9
3 10
10 11
3 12
12 13
13 14
14 15
15 16
15 17
15 18
18 19
19 20
18 21
12 22
22 23
23 24
24 25
25 26
24 27
24 28
28 29
28 30
30 31
31 32
12 33
33 34
34 35
35 36
35 37
35 38
12 39
39 40
40 41
41 42
41 43
41 44
12 45
45 46
46 47
47 48
46 49
46 50
50 51
46 52
12 53
53 54
54 55
55 56
55 57
55 58
53 59
59 60
60 61
59 62
62 63
53 64
64 65
65 66
53 67
67 68
68 69
69 70
70 71
71 72
70 73
73 74
69 75
75 76
67 77
77 78
78 79
79 80
78 81
81 82
82 83
81 84
84 85
12 86
86 87
87 88
88 89
88 90
88 91
91 92
92 93
91 94
86 95
95 96
96 97
95 98
86 99
99 100
100 101
86 102
102 103
103 104
104 105
105 106
106 107
105 108
108 109
104 110
110 111
102 112
112 113
113 114
114 115
113 116
116 117
117 118
116 119
119 120
12 121
121 122
122 123
