0 1
1 2
1 3
3 4
3 5
3 6
6 7
7 8
6 9
3 10
10 11
3 12
12 13
13 14
14 15
15 16
16 17
15 18
15 19
19 20
19 21
21 22
22 23
23 24
22 25
12 26
26 27
27 28
28 29
28 30
28 31
31 32
12 33
33 34
34 35
35 36
35 37
35 38
33 39
39 40
40 41
39 42
42 43
43 44
42 45
33 46
46 47
47 48
33 49
49 50
50 51
51 52
52 53
53 54
52 55
55 56
51 57
50 58
58 59
59 60
60 61
61 62
60 63
63 64
58 65
12 66
66 67
67 68
68 69
68 70
68 71
12 72
72 73
73 74
74 75
73 76
76 77
72 78
78 79
79 80
80 81
81 82
81 83
81 84
79 85
85 86
86 87
85 88
88 89
89 90
88 91
79 92
92 93
93 94
79 95
95 96
96 97
97 98
98 99
97 100
100 101
96 102
96 103
103 104
104 105
105 106
104 107
107 108
108 109
107 110
110 111
111 112
110 113
113 114
78 115
115 116
116 117
117 118
118 119
117 120
120 121
116 122
122 123
78 124
124 125
125 126
72 127
127 128
128 129
129 130
130 131
130 132
130 133
128 134
134 135
135 136
134 137
137 138
138 139
137 140
128 141
141 142
142 143
128 144
144 145
145 146
146 147
147 148
146 149
149 150
150 151
149 152
152 153
153 154
152 155
155 156
127 157
157 158
158 159
159 160
159 161
159 162
157 163
163 164
164 165
163 166
166 167
167 168
166 169
157 170
170 171
171 172
157 173
173 174
174 175
175 176
176 177
177 178
176 179
179 180
175 181
181 182
182 183
181 184
184 185
185 186
184 187
187 188
127 189
189 190
190 191
