0 1
1 2
1 3
3 4
3 5
3 6
6 7
7 8
6 9
3 10
10 11
3 12
12 13
13 14
14 15
15 16
15 17
15 18
12 19
19 20
20 21
21 22
21 23
21 24
12 25
25 26
26 27
27 28
27 29
25 30
30 31
25 32
32 33
33 34
34 35
35 36
34 37
33 38
38 39
39 40
40 41
39 42
42 43
33 44
44 45
45 46
46 47
12 48
48 49
49 50
50 51
51 52
50 53
50 54
54 55
54 56
56 57
57 58
58 59
57 60
12 61
61 62
62 63
63 64
63 65
63 66
61 67
67 68
68 69
67 70
70 71
71 72
70 73
61 74
74 75
75 76
61 77
77 78
78 79
79 80
80 81
79 82
78 83
83 84
84 85
85 86
86 87
85 88
88 89
84 90
78 91
91 92
92 93
93 94
94 95
93 96
96 97
92 98
91 99
99 100
100 101
101 102
102 103
101 104
104 105
100 106
106 107
91 108
108 109
109 110
110 111
109 112
108 113
113 114
114 115
115 116
116 117
115 118
118 119
114 120
120 121
121 122
120 123
123 124
124 125
123 126
126 127
108 128
128 129
129 130
130 131
131 132
130 133
133 134
129 135
12 136
136 137
137 138
