0 1
1 2
1 3
3 4
3 5
3 6
6 7
7 8
6 9
3 10
10 11
3 12
12 13
13 14
14 15
15 16
15 17
15 18
14 19
19 20
19 21
19 22
12 23
23 24
24 25
25 26
25 27
25 28
23 29
29 30
30 31
29 32
32 33
33 34
32 35
23 36
36 37
37 38
23 39
39 40
40 41
41 42
42 43
43 44
42 45
45 46
41 47
40 48
48 49
49 50
50 51
51 52
50 53
53 54
54 55
53 56
56 57
40 58
58 59
59 60
60 61
61 62
12 63
63 64
64 65
65 66
64 67
63 68
68 69
69 70
70 71
71 72
70 73
70 74
74 75
70 76
68 77
77 78
78 79
12 80
80 81
81 82
82 83
81 84
80 85
85 86
86 87
87 88
88 89
88 90
88 91
86 92
92 93
93 94
92 95
95 96
96 97
95 98
86 99
99 100
100 101
86 102
102 103
103 104
104 105
105 106
106 107
105 108
108 109
104 110
103 111
111 112
112 113
113 114
114 115
115 116
114 117
117 118
113 119
119 120
119 121
121 122
103 123
123 124
124 125
125 126
126 127
127 128
126 129
129 130
125 131
85 132
132 133
133 134
12 135
135 136
136 137
137 138
137 139
137 140
135 141
141 142
142 143
141 144
144 145
145 146
144 147
135 148
148 149
149 150
135 151
151 152
152 153
153 154
154 155
155 156
154 157
157 158
153 159
159 160
160 161
160 162
162 163
159 164
164 165
165 166
164 167
167 168
12 169
169 170
170 171
