0 1
1 2
1 3
3 4
3 5
3 6
6 7
7 8
6 9
3 10
10 11
3 12
12 13
13 14
14 15
15 16
16 17
15 18
15 19
19 20
19 21
21 22
22 23
23 24
22 25
12 26
26 27
27 28
28 29
29 30
28 31
27 32
12 33
33 34
34 35
35 36
35 37
35 38
12 39
39 40
40 41
41 42
41 43
41 44
39 45
45 46
46 47
45 48
48 49
49 50
48 51
39 52
52 53
53 54
39 55
55 56
56 57
57 58
58 59
59 60
58 61
61 62
57 63
63 64
64 65
65 66
64 67
67 68
68 69
67 70
63 71
71 72
72 73
71 74
74 75
75 76
74 77
12 78
78 79
79 80
80 81
80 82
80 83
83 84
84 85
85 86
84 87
83 88
78 89
89 90
90 91
89 92
78 93
93 94
94 95
78 96
96 97
97 98
98 99
99 100
100 101
99 102
102 103
98 104
104 105
96 106
106 107
107 108
108 109
107 110
110 111
111 112
110 113
113 114
12 115
115 116
116 117
