0 1
1 2
1 3
3 4
3 5
3 6
6 7
7 8
6 9
3 10
10 11
3 12
12 13
13 14
14 15
15 16
15 17
15 18
12 19
19 20
20 21
21 22
21 23
21 24
12 25
25 26
26 27
27 28
27 29
27 30
12 31
31 32
32 33
33 34
33 35
31 36
36 37
31 38
38 39
39 40
40 41
41 42
40 43
39 44
44 45
45 46
46 47
47 48
44 49
38 50
50 51
51 52
52 53
51 54
50 55
55 56
56 57
57 58
38 59
59 60
60 61
61 62
60 63
63 64
12 65
65 66
66 67
67 68
68 69
67 70
67 71
71 72
71 73
73 74
74 75
75 76
74 77
12 78
78 79
79 80
80 81
79 82
78 83
83 84
84 85
12 86
86 87
87 88
88 89
88 90
88 91
86 92
92 93
93 94
92 95
95 96
96 97
95 98
86 99
99 100
100 101
86 102
102 103
103 104
104 105
105 106
106 107
105 108
108 109
104 110
103 111
111 112
112 113
113 114
114 115
113 116
116 117
112 118
118 119
103 120
120 121
121 122
122 123
123 124
122 125
121 126
126 127
127 128
128 129
127 130
130 131
126 132
120 133
133 134
134 135
135 136
136 137
135 138
138 139
134 140
120 141
141 142
142 143
143 144
144 145
145 146
144 147
147 148
143 149
142 150
150 151
151 152
152 153
153 154
152 155
155 156
151 157
157 158
158 159
157 160
160 161
161 162
160 163
163 164
142 165
165 166
166 167
167 168
168 169
169 170
170 171
171 172
170 173
168 174
167 175
175 176
176 177
177 178
178 179
179 180
180 181
179 182
177 183
175 184
166 185
185 186
186 187
187 188
188 189
187 190
190 191
186 192
192 193
193 194
192 195
195 196
196 197
195 198
198 199
166 200
200 201
201 202
202 203
203 204
203 205
203 206
206 207
207 208
206 209
209 210
210 211
209 212
212 213
200 214
214 215
215 216
216 217
217 218
216 219
219 220
215 221
221 222
222 223
223 224
222 225
221 226
226 227
227 228
226 229
229 230
221 231
231 232
103 233
103 234
12 235
235 236
236 237
