0 1
1 2
1 3
3 4
3 5
3 6
6 7
7 8
6 9
3 10
3 11
11 12
12 13
13 14
14 15
14 16
14 17
17 18
18 19
17 20
11 21
21 22
22 23
23 24
22 25
21 26
26 27
11 28
28 29
29 30
30 31
29 32
28 33
33 34
11 35
35 36
36 37
37 38
37 39
37 40
36 41
41 42
41 43
41 44
11 45
45 46
46 47
47 48
46 49
49 50
45 51
51 52
52 53
53 54
54 55
55 56
54 57
57 58
53 59
59 60
60 61
61 62
62 63
63 64
62 65
65 66
61 67
67 68
68 69
67 70
70 71
60 72
72 73
73 74
74 75
73 76
76 77
72 78
78 79
79 80
78 81
81 82
52 83
83 84
84 85
85 86
86 87
51 88
88 89
89 90
90 91
89 92
92 93
88 94
94 95
95 96
96 97
97 98
96 99
99 100
100 101
95 102
102 103
103 104
102 105
105 106
11 107
107 108
108 109
109 110
108 111
