0 1
1 2
1 3
3 4
3 5
3 6
6 7
7 8
6 9
3 10
10 11
10 12
3 13
3 14
14 15
15 16
16 17
17 18
16 19
15 20
20 21
21 22
14 23
23 24
24 25
24 26
26 27
24 28
28 29
24 30
1 31
31 32
31 33
31 34
34 35
35 36
34 37
31 38
38 39
38 40
31 41
41 42
41 43
31 44
31 45
45 46
46 47
47 48
48 49
47 50
46 51
51 52
52 53
45 54
54 55
55 56
56 57
57 58
58 59
57 60
56 61
55 62
62 63
63 64
64 65
63 66
62 67
54 68
68 69
69 70
70 71
71 72
72 73
71 74
74 75
75 76
74 77
70 78
78 79
69 80
80 81
81 82
68 83
83 84
45 85
85 86
86 87
87 88
87 89
87 90
86 91
91 92
91 93
91 94
45 95
95 96
96 97
97 98
96 99
99 100
99 101
101 102
102 103
101 104
99 105
105 106
99 107
107 108
108 109
107 110
110 111
111 112
110 113
45 114
114 115
115 116
116 117
115 118
114 119
119 120
120 121
121 122
120 123
123 124
123 125
125 126
126 127
125 128
123 129
129 130
123 131
131 132
132 133
131 134
134 135
135 136
134 137
45 138
138 139
139 140
140 141
139 142
142 143
