0 1
1 2
1 3
3 4
3 5
3 6
6 7
7 8
6 9
3 10
10 11
10 12
3 13
3 14
14 15
15 16
16 17
17 18
16 19
15 20
20 21
14 22
22 23
23 24
23 25
25 26
23 27
27 28
23 29
1 30
30 31
30 32
30 33
33 34
34 35
33 36
30 37
37 38
37 39
30 40
40 41
40 42
30 43
30 44
44 45
45 46
46 47
47 48
46 49
45 50
50 51
44 52
52 53
53 54
54 55
55 56
56 57
57 58
56 59
55 60
54 61
61 62
62 63
63 64
62 65
61 66
53 67
67 68
68 69
69 70
68 71
71 72
72 73
71 74
67 75
75 76
52 77
77 78
44 79
79 80
80 81
81 82
82 83
83 84
84 85
83 86
82 87
81 88
88 89
89 90
90 91
89 92
88 93
80 94
94 95
95 96
96 97
95 98
98 99
99 100
98 101
94 102
102 103
79 104
104 105
44 106
106 107
107 108
108 109
108 110
108 111
111 112
111 113
113 114
114 115
113 116
111 117
117 118
111 119
119 120
120 121
119 122
122 123
123 124
122 125
44 126
126 127
127 128
128 129
128 130
128 131
131 132
131 133
133 134
134 135
133 136
131 137
137 138
131 139
139 140
140 141
139 142
142 143
143 144
142 145
44 146
146 147
147 148
148 149
149 150
148 151
151 152
147 153
153 154
154 155
155 156
154 157
157 158
