0 1
1 2
1 3
3 4
3 5
3 6
6 7
7 8
6 9
3 10
10 11
10 12
3 13
3 14
14 15
15 16
16 17
17 18
18 19
17 20
17 21
21 22
21 23
23 24
14 25
25 26
26 27
27 28
28 29
27 30
26 31
14 32
32 33
33 34
34 35
34 36
34 37
14 38
38 39
39 40
39 41
41 42
39 43
43 44
39 45
45 46
39 47
47 48
14 49
49 50
50 51
51 52
50 53
1 54
54 55
54 56
54 57
57 58
58 59
57 60
54 61
61 62
61 63
54 64
64 65
65 66
64 67
54 68
68 69
68 70
54 71
54 72
72 73
73 74
74 75
75 76
74 77
73 78
78 79
72 80
80 81
81 82
82 83
81 84
84 85
85 86
84 87
72 88
88 89
89 90
90 91
91 92
92 93
93 94
92 95
91 96
90 97
97 98
98 99
99 100
98 101
97 102
89 103
103 104
104 105
103 106
106 107
88 108
108 109
109 110
110 111
111 112
112 113
111 114
110 115
72 116
116 117
117 118
117 119
119 120
120 121
119 122
117 123
123 124
117 125
125 126
117 127
127 128
72 129
129 130
130 131
130 132
132 133
133 134
132 135
130 136
136 137
130 138
138 139
130 140
140 141
72 142
142 143
143 144
144 145
143 146
146 147
147 148
146 149
