0 1
1 2
1 3
3 4
3 5
3 6
6 7
7 8
6 9
3 10
10 11
10 12
3 13
3 14
14 15
15 16
16 17
17 18
16 19
15 20
20 21
21 22
14 23
23 24
24 25
24 26
26 27
24 28
24 29
29 30
1 31
31 32
31 33
31 34
34 35
35 36
34 37
31 38
38 39
38 40
31 41
41 42
41 43
31 44
31 45
45 46
46 47
47 48
48 49
47 50
50 51
51 52
50 53
45 54
54 55
55 56
56 57
57 58
58 59
59 60
58 61
57 62
56 63
63 64
64 65
65 66
64 67
63 68
55 69
69 70
70 71
69 72
72 73
54 74
74 75
75 76
45 77
77 78
78 79
79 80
80 81
81 82
80 83
79 84
78 85
85 86
85 87
87 88
88 89
87 90
85 91
91 92
85 93
93 94
77 95
95 96
96 97
45 98
98 99
99 100
100 101
101 102
102 103
101 104
100 105
99 106
106 107
106 108
108 109
109 110
108 111
106 112
112 113
106 114
114 115
98 116
116 117
117 118
45 119
119 120
