0 1
1 2
1 3
3 4
3 5
3 6
6 7
7 8
6 9
3 10
10 11
10 12
3 13
3 14
14 15
15 16
16 17
17 18
17 19
17 20
20 21
20 22
22 23
20 24
24 25
14 26
26 27
27 28
1 29
29 30
29 31
29 32
32 33
33 34
32 35
29 36
36 37
36 38
29 39
29 40
40 41
41 42
42 43
43 44
42 45
41 46
46 47
40 48
48 49
49 50
50 51
51 52
52 53
53 54
52 55
55 56
56 57
55 58
51 59
50 60
60 61
61 62
62 63
61 64
60 65
49 66
66 67
67 68
68 69
67 70
66 71
48 72
72 73
40 74
74 75
75 76
76 77
76 78
78 79
79 80
78 81
76 82
82 83
83 84
82 85
85 86
86 87
85 88
75 89
89 90
89 91
91 92
92 93
91 94
89 95
95 96
96 97
95 98
98 99
99 100
98 101
