0 1
1 2
1 3
3 4
4 5
5 6
5 7
7 8
7 9
9 10
4 11
4 12
12 13
13 14
1 15
15 16
15 17
15 18
18 19
18 20
15 21
21 22
21 23
15 24
24 25
24 26
26 27
26 28
28 29
15 30
30 31
31 32
32 33
32 34
34 35
35 36
32 37
32 38
38 39
32 40
40 41
1 42
42 43
42 44
42 45
45 46
46 47
46 48
48 49
45 50
42 51
51 52
51 53
42 54
54 55
54 56
42 57
57 58
57 59
42 60
60 61
60 62
62 63
62 64
64 65
42 66
66 67
67 68
68 69
69 70
70 71
69 72
68 73
73 74
67 75
75 76
76 77
77 78
78 79
77 80
77 81
81 82
82 83
81 84
84 85
67 86
86 87
87 88
88 89
89 90
89 91
89 92
92 93
87 94
94 95
95 96
94 97
97 98
87 99
99 100
100 101
87 102
102 103
103 104
104 105
105 106
104 107
104 108
108 109
102 110
110 111
111 112
111 113
113 114
111 115
115 116
116 117
115 118
111 119
119 120
111 121
121 122
102 123
123 124
124 125
125 126
124 127
124 128
128 129
129 130
130 131
129 132
128 133
66 134
134 135
135 136
