0 1
1 2
1 3
3 4
4 5
5 6
5 7
7 8
7 9
9 10
4 11
4 12
12 13
13 14
1 15
15 16
15 17
15 18
18 19
18 20
15 21
21 22
21 23
15 24
24 25
24 26
26 27
26 28
28 29
15 30
30 31
31 32
32 33
32 34
34 35
32 36
36 37
32 38
32 39
39 40
40 41
30 42
42 43
43 44
1 45
45 46
45 47
45 48
48 49
48 50
45 51
51 52
51 53
45 54
54 55
54 56
45 57
57 58
58 59
58 60
60 61
57 62
45 63
45 64
64 65
65 66
66 67
67 68
68 69
67 70
66 71
71 72
65 73
73 74
74 75
75 76
76 77
75 78
75 79
79 80
80 81
79 82
82 83
73 84
64 85
85 86
86 87
87 88
87 89
87 90
90 91
64 92
92 93
93 94
94 95
93 96
96 97
92 98
98 99
99 100
98 101
101 102
92 103
103 104
104 105
92 106
106 107
107 108
108 109
109 110
108 111
108 112
112 113
106 114
114 115
115 116
115 117
117 118
115 119
119 120
115 121
121 122
122 123
121 124
115 125
125 126
106 127
127 128
128 129
129 130
128 131
128 132
132 133
133 134
134 135
133 136
132 137
64 138
