0 1
1 2
1 3
3 4
3 5
3 6
6 7
6 8
3 9
9 10
9 11
3 12
12 13
12 14
14 15
14 16
16 17
3 18
18 19
19 20
20 21
21 22
22 23
22 24
24 25
24 26
26 27
21 28
21 29
29 30
30 31
18 32
32 33
33 34
34 35
35 36
35 37
37 38
34 39
34 40
40 41
41 42
18 43
43 44
44 45
44 46
44 47
47 48
44 49
49 50
44 51
51 52
44 53
53 54
18 55
55 56
56 57
1 58
58 59
58 60
58 61
61 62
61 63
58 64
64 65
64 66
58 67
67 68
67 69
58 70
70 71
71 72
71 73
73 74
70 75
58 76
76 77
77 78
77 79
79 80
79 81
81 82
76 83
58 84
58 85
85 86
86 87
87 88
88 89
87 90
90 91
86 92
92 93
93 94
94 95
95 96
94 97
93 98
98 99
99 100
100 101
101 102
100 103
100 104
104 105
105 106
104 107
107 108
92 109
85 110
110 111
111 112
112 113
111 114
111 115
115 116
85 117
117 118
118 119
118 120
120 121
121 122
120 123
118 124
124 125
118 126
126 127
127 128
126 129
118 130
130 131
118 132
132 133
85 134
134 135
135 136
136 137
135 138
135 139
139 140
140 141
141 142
140 143
139 144
85 145
145 146
146 147
146 148
148 149
149 150
148 151
146 152
152 153
146 154
154 155
146 156
156 157
146 158
158 159
