0 1
1 2
1 3
3 4
4 5
5 6
5 7
7 8
7 9
9 10
4 11
1 12
12 13
12 14
12 15
15 16
15 17
12 18
18 19
18 20
12 21
21 22
21 23
23 24
23 25
25 26
12 27
27 28
28 29
29 30
30 31
29 32
32 33
33 34
27 35
35 36
36 37
36 38
38 39
36 40
40 41
36 42
36 43
43 44
44 45
44 46
46 47
27 48
48 49
49 50
1 51
51 52
51 53
51 54
54 55
54 56
51 57
57 58
57 59
51 60
60 61
60 62
51 63
63 64
64 65
64 66
66 67
63 68
51 69
51 70
70 71
71 72
72 73
73 74
74 75
73 76
72 77
77 78
71 79
79 80
80 81
81 82
82 83
81 84
81 85
85 86
86 87
86 88
88 89
85 90
90 91
79 92
70 93
93 94
94 95
95 96
95 97
95 98
98 99
93 100
100 101
101 102
100 103
103 104
93 105
105 106
106 107
93 108
108 109
109 110
110 111
111 112
110 113
110 114
114 115
108 116
116 117
117 118
117 119
119 120
117 121
121 122
117 123
123 124
124 125
123 126
117 127
127 128
108 129
129 130
130 131
131 132
130 133
130 134
134 135
135 136
136 137
135 138
134 139
