0 1
1 2
1 3
3 4
3 5
3 6
6 7
7 8
6 9
3 10
10 11
10 12
3 13
13 14
3 15
15 16
16 17
17 18
18 19
19 20
18 21
18 22
22 23
15 24
24 25
25 26
26 27
27 28
26 29
26 30
30 31
15 32
32 33
33 34
34 35
35 36
34 37
33 38
38 39
39 40
40 41
39 42
38 43
32 44
44 45
15 46
46 47
47 48
48 49
47 50
46 51
51 52
52 53
53 54
54 55
53 56
56 57
57 58
56 59
51 60
60 61
61 62
62 63
15 64
64 65
65 66
66 67
67 68
66 69
65 70
70 71
71 72
72 73
71 74
70 75
64 76
76 77
77 78
78 79
79 80
78 81
81 82
82 83
81 84
76 85
85 86
86 87
87 88
86 89
89 90
90 91
89 92
15 93
93 94
94 95
95 96
96 97
95 98
94 99
99 100
100 101
101 102
100 103
99 104
93 105
105 106
106 107
107 108
108 109
107 110
106 111
111 112
112 113
113 114
112 115
111 116
15 117
117 118
118 119
119 120
118 121
117 122
122 123
123 124
124 125
123 126
126 127
127 128
126 129
15 130
130 131
131 132
