0 1
1 2
1 3
3 4
3 5
3 6
6 7
7 8
6 9
3 10
10 11
10 12
3 13
13 14
3 15
15 16
16 17
17 18
18 19
19 20
18 21
18 22
22 23
23 24
15 25
25 26
26 27
27 28
28 29
27 30
26 31
31 32
15 33
33 34
34 35
35 36
36 37
35 38
35 39
39 40
34 41
41 42
42 43
41 44
41 45
45 46
15 47
47 48
48 49
49 50
50 51
49 52
48 53
47 54
54 55
55 56
56 57
57 58
56 59
55 60
60 61
61 62
62 63
63 64
62 65
65 66
66 67
65 68
55 69
69 70
70 71
71 72
72 73
54 74
74 75
75 76
76 77
75 78
78 79
79 80
78 81
15 82
82 83
83 84
84 85
85 86
84 87
83 88
88 89
89 90
90 91
91 92
90 93
89 94
88 95
88 96
96 97
97 98
98 99
97 100
96 101
15 102
102 103
103 104
104 105
103 106
