0 1
1 2
1 3
3 4
3 5
3 6
6 7
7 8
6 9
3 10
10 11
10 12
3 13
3 14
14 15
15 16
16 17
17 18
18 19
19 20
17 21
17 22
22 23
22 24
24 25
25 26
26 27
27 28
26 29
25 30
22 31
31 32
32 33
33 34
32 35
14 36
36 37
37 38
38 39
38 40
38 41
36 42
42 43
43 44
42 45
45 46
46 47
45 48
36 49
49 50
50 51
36 52
52 53
53 54
54 55
55 56
55 57
55 58
53 59
59 60
60 61
59 62
62 63
53 64
64 65
65 66
53 67
67 68
68 69
69 70
70 71
69 72
68 73
73 74
74 75
75 76
76 77
77 78
78 79
77 80
80 81
76 82
82 83
75 84
84 85
85 86
84 87
73 88
68 89
89 90
90 91
91 92
90 93
89 94
94 95
95 96
96 97
97 98
98 99
99 100
98 101
101 102
97 103
103 104
96 105
94 106
67 107
107 108
108 109
109 110
109 111
109 112
112 113
113 114
112 115
67 116
116 117
117 118
118 119
119 120
118 121
121 122
122 123
121 124
124 125
125 126
124 127
117 128
116 129
129 130
130 131
131 132
132 133
131 134
134 135
135 136
136 137
135 138
138 139
134 140
140 141
141 142
140 143
143 144
144 145
143 146
146 147
147 148
146 149
67 150
150 151
151 152
152 153
152 154
152 155
155 156
156 157
157 158
156 159
159 160
160 161
159 162
155 163
163 164
67 165
165 166
166 167
167 168
166 169
169 170
165 171
171 172
172 173
173 174
174 175
175 176
176 177
175 178
178 179
174 180
180 181
173 182
182 183
182 184
184 185
165 186
186 187
187 188
188 189
189 190
190 191
191 192
190 193
193 194
189 195
195 196
188 197
197 198
14 199
199 200
200 201
201 202
201 203
201 204
204 205
205 206
206 207
205 208
208 209
209 210
208 211
204 212
212 213
14 214
214 215
215 216
216 217
217 218
216 219
219 220
220 221
219 222
215 223
223 224
215 225
225 226
