0 1
1 2
1 3
3 4
3 5
3 6
6 7
7 8
6 9
3 10
10 11
10 12
3 13
3 14
14 15
15 16
16 17
17 18
17 19
17 20
20 21
20 22
22 23
20 24
24 25
20 26
14 27
27 28
28 29
29 30
30 31
29 32
32 33
33 34
34 35
33 36
32 37
28 38
38 39
28 40
40 41
1 42
42 43
42 44
44 45
45 46
44 47
42 48
48 49
48 50
42 51
51 52
51 53
42 54
42 55
55 56
56 57
57 58
58 59
59 60
58 61
61 62
62 63
61 64
57 65
65 66
66 67
65 68
56 69
69 70
70 71
71 72
72 73
73 74
74 75
73 76
72 77
72 78
78 79
79 80
80 81
79 82
78 83
55 84
84 85
85 86
86 87
86 88
86 89
89 90
55 91
91 92
92 93
93 94
94 95
93 96
96 97
92 98
98 99
91 100
100 101
101 102
102 103
103 104
103 105
103 106
106 107
106 108
108 109
108 110
110 111
108 112
112 113
108 114
114 115
115 116
114 117
100 118
118 119
119 120
120 121
119 122
122 123
91 124
124 125
125 126
126 127
127 128
127 129
127 130
130 131
130 132
132 133
132 134
134 135
132 136
136 137
137 138
136 139
139 140
140 141
139 142
142 143
132 144
144 145
124 146
146 147
147 148
148 149
148 150
148 151
151 152
151 153
153 154
153 155
155 156
153 157
157 158
153 159
159 160
160 161
159 162
124 163
163 164
164 165
165 166
164 167
167 168
168 169
167 170
167 171
171 172
167 173
173 174
55 175
175 176
176 177
55 178
