0 1
1 2
1 3
3 4
3 5
3 6
6 7
7 8
6 9
3 10
10 11
10 12
3 13
3 14
14 15
15 16
16 17
17 18
17 19
17 20
20 21
21 22
20 23
14 24
24 25
25 26
26 27
27 28
26 29
26 30
30 31
30 32
32 33
33 34
34 35
33 36
14 37
37 38
38 39
39 40
39 41
39 42
37 43
43 44
44 45
43 46
46 47
37 48
48 49
49 50
37 51
51 52
52 53
53 54
54 55
55 56
54 57
54 58
58 59
58 60
60 61
61 62
62 63
61 64
51 65
65 66
66 67
67 68
67 69
67 70
65 71
71 72
72 73
71 74
74 75
65 76
76 77
77 78
65 79
79 80
80 81
81 82
82 83
82 84
82 85
85 86
85 87
81 88
88 89
88 90
88 91
91 92
91 93
79 94
94 95
95 96
96 97
97 98
96 99
99 100
95 101
101 102
94 103
103 104
104 105
105 106
104 107
107 108
107 109
109 110
110 111
109 112
112 113
113 114
112 115
115 116
116 117
115 118
118 119
79 120
120 121
121 122
122 123
121 124
120 125
125 126
126 127
127 128
126 129
129 130
130 131
129 132
132 133
79 134
134 135
135 136
136 137
137 138
136 139
139 140
135 141
141 142
142 143
141 144
141 145
145 146
141 147
147 148
51 149
149 150
150 151
151 152
150 153
153 154
14 155
155 156
156 157
157 158
158 159
159 160
158 161
161 162
157 163
163 164
163 165
156 166
166 167
156 168
168 169
169 170
168 171
171 172
