0 1
1 2
1 3
3 4
3 5
3 6
6 7
7 8
6 9
3 10
10 11
10 12
3 13
3 14
14 15
15 16
16 17
17 18
18 19
17 20
17 21
21 22
21 23
23 24
24 25
25 26
24 27
14 28
28 29
29 30
30 31
29 32
29 33
33 34
29 35
35 36
14 37
37 38
38 39
38 40
40 41
38 42
42 43
38 44
44 45
1 46
46 47
46 48
46 49
49 50
50 51
49 52
46 53
53 54
53 55
46 56
46 57
57 58
58 59
59 60
60 61
59 62
58 63
63 64
64 65
57 66
66 67
67 68
68 69
67 70
66 71
71 72
72 73
73 74
57 75
75 76
76 77
77 78
77 79
77 80
80 81
81 82
80 83
57 84
84 85
85 86
86 87
86 88
86 89
84 90
90 91
91 92
90 93
93 94
94 95
93 96
84 97
97 98
98 99
84 100
100 101
101 102
102 103
103 104
103 105
103 106
106 107
106 108
108 109
106 110
110 111
111 112
110 113
113 114
114 115
113 116
116 117
100 118
118 119
119 120
120 121
119 122
122 123
118 124
124 125
125 126
126 127
127 128
126 129
129 130
130 131
129 132
129 133
133 134
129 135
135 136
135 137
137 138
57 139
139 140
140 141
141 142
142 143
143 144
142 145
145 146
146 147
145 148
140 149
149 150
140 151
151 152
1 153
153 154
153 155
153 156
156 157
157 158
156 159
153 160
160 161
160 162
153 163
163 164
164 165
163 166
153 167
153 168
168 169
169 170
170 171
171 172
170 173
169 174
174 175
175 176
168 177
177 178
178 179
179 180
178 181
177 182
182 183
183 184
184 185
168 186
186 187
187 188
188 189
189 190
188 191
191 192
187 193
193 194
186 195
195 196
196 197
197 198
198 199
197 200
200 201
168 202
202 203
203 204
204 205
204 206
204 207
207 208
208 209
207 210
168 211
211 212
212 213
213 214
213 215
213 216
211 217
217 218
218 219
217 220
220 221
221 222
220 223
211 224
224 225
225 226
211 227
227 228
228 229
229 230
230 231
230 232
230 233
233 234
233 235
235 236
233 237
237 238
238 239
237 240
240 241
241 242
240 243
243 244
233 245
245 246
227 247
227 248
248 249
249 250
250 251
249 252
252 253
248 254
254 255
255 256
256 257
257 258
256 259
259 260
260 261
259 262
259 263
263 264
259 265
265 266
265 267
267 268
168 269
269 270
270 271
271 272
270 273
273 274
274 275
273 276
269 277
277 278
278 279
279 280
280 281
281 282
280 283
283 284
279 285
285 286
269 287
287 288
288 289
289 290
290 291
291 292
290 293
293 294
289 295
295 296
168 297
297 298
298 299
299 300
298 301
301 302
