0 1
1 2
1 3
3 4
3 5
3 6
6 7
7 8
6 9
3 10
3 11
11 12
12 13
13 14
14 15
14 16
14 17
17 18
18 19
17 20
13 21
21 22
21 23
21 24
24 25
25 26
24 27
13 28
28 29
28 30
28 31
11 32
32 33
33 34
34 35
33 36
32 37
37 38
38 39
39 40
40 41
41 42
40 43
39 44
38 45
45 46
46 47
47 48
38 49
49 50
50 51
51 52
52 53
51 54
11 55
55 56
56 57
57 58
57 59
57 60
55 61
61 62
62 63
61 64
64 65
55 66
66 67
67 68
55 69
69 70
70 71
71 72
72 73
71 74
74 75
75 76
74 77
77 78
69 79
79 80
80 81
81 82
80 83
83 84
79 85
85 86
86 87
87 88
88 89
87 90
90 91
69 92
92 93
93 94
94 95
93 96
92 97
97 98
98 99
99 100
100 101
99 102
11 103
103 104
104 105
