0 1
1 2
1 3
3 4
3 5
3 6
6 7
7 8
6 9
3 10
3 11
11 12
12 13
13 14
14 15
14 16
14 17
17 18
18 19
17 20
11 21
21 22
22 23
23 24
23 25
23 26
11 27
27 28
28 29
29 30
29 31
29 32
32 33
33 34
32 35
11 36
36 37
37 38
38 39
38 40
38 41
36 42
42 43
43 44
42 45
45 46
36 47
47 48
48 49
36 50
50 51
51 52
52 53
53 54
52 55
55 56
56 57
55 58
58 59
59 60
58 61
61 62
50 63
63 64
64 65
65 66
64 67
67 68
68 69
67 70
67 71
71 72
67 73
73 74
50 75
75 76
76 77
77 78
76 79
75 80
80 81
81 82
82 83
83 84
82 85
11 86
86 87
87 88
