0 1
1 2
1 3
3 4
3 5
3 6
6 7
7 8
8 9
7 10
3 11
11 12
12 13
12 14
3 15
15 16
15 17
17 18
18 19
17 20
15 21
21 22
21 23
15 24
24 25
25 26
26 27
27 28
27 29
26 30
30 31
24 32
32 33
33 34
34 35
34 36
33 37
37 38
1 39
39 40
39 41
39 42
42 43
43 44
44 45
42 46
39 47
47 48
39 49
49 50
50 51
51 52
52 53
53 54
53 55
55 56
52 57
52 58
58 59
59 60
58 61
61 62
62 63
62 64
61 65
65 66
65 67
61 68
68 69
69 70
70 71
71 72
72 73
71 74
70 75
75 76
76 77
75 78
49 79
79 80
80 81
81 82
81 83
81 84
79 85
85 86
86 87
85 88
88 89
89 90
88 91
79 92
92 93
93 94
79 95
95 96
96 97
97 98
98 99
99 100
98 101
101 102
97 103
96 104
104 105
105 106
106 107
107 108
106 109
106 110
110 111
111 112
110 113
113 114
114 115
113 116
116 117
110 118
118 119
119 120
120 121
119 122
122 123
118 124
49 125
125 126
126 127
127 128
128 129
127 130
127 131
131 132
132 133
131 134
134 135
126 136
136 137
137 138
136 139
136 140
140 141
49 142
142 143
143 144
144 145
145 146
144 147
142 148
148 149
149 150
150 151
151 152
152 153
151 154
151 155
155 156
156 157
155 158
148 159
159 160
160 161
161 162
162 163
161 164
160 165
165 166
166 167
165 168
148 169
169 170
170 171
171 172
170 173
173 174
174 175
173 176
148 177
177 178
178 179
179 180
180 181
181 182
180 183
179 184
178 185
177 186
186 187
187 188
188 189
189 190
190 191
189 192
188 193
193 194
194 195
195 196
194 197
193 198
186 199
199 200
200 201
201 202
202 203
201 204
200 205
205 206
206 207
207 208
206 209
205 210
186 211
211 212
212 213
213 214
212 215
212 216
216 217
49 218
218 219
219 220
220 221
219 222
