0 1
1 2
1 3
3 4
3 5
3 6
6 7
7 8
6 9
3 10
10 11
11 12
10 13
3 14
14 15
3 16
16 17
17 18
18 19
19 20
18 21
17 22
22 23
23 24
24 25
17 26
26 27
27 28
28 29
27 30
26 31
31 32
32 33
33 34
16 35
35 36
36 37
37 38
38 39
37 40
37 41
41 42
42 43
41 44
44 45
16 46
46 47
47 48
48 49
49 50
48 51
48 52
52 53
16 54
54 55
55 56
56 57
57 58
56 59
56 60
60 61
16 62
62 63
63 64
64 65
65 66
64 67
64 68
68 69
16 70
70 71
71 72
72 73
73 74
72 75
71 76
76 77
77 78
76 79
70 80
80 81
81 82
82 83
83 84
84 85
83 86
82 87
87 88
88 89
87 90
81 91
91 92
92 93
93 94
94 95
95 96
94 97
93 98
98 99
91 100
100 101
101 102
102 103
101 104
104 105
105 106
104 107
81 108
108 109
109 110
110 111
111 112
112 113
111 114
110 115
115 116
108 117
117 118
118 119
119 120
118 121
121 122
122 123
121 124
80 125
125 126
126 127
127 128
126 129
129 130
130 131
129 132
16 133
133 134
134 135
135 136
134 137
133 138
138 139
139 140
140 141
141 142
142 143
141 144
140 145
145 146
133 147
147 148
148 149
149 150
148 151
147 152
152 153
153 154
154 155
155 156
156 157
155 158
154 159
159 160
16 161
161 162
162 163
163 164
162 165
1 166
166 167
166 168
166 169
169 170
170 171
171 172
169 173
166 174
174 175
166 176
176 177
177 178
178 179
179 180
180 181
179 182
178 183
177 184
184 185
185 186
176 187
187 188
188 189
189 190
190 191
189 192
188 193
187 194
194 195
195 196
196 197
197 198
196 199
187 200
200 201
201 202
202 203
203 204
202 205
201 206
200 207
207 208
208 209
209 210
209 211
211 212
212 213
211 214
209 215
215 216
216 217
215 218
176 219
219 220
220 221
221 222
222 223
221 224
221 225
225 226
225 227
227 228
228 229
227 230
225 231
231 232
232 233
231 234
176 235
235 236
236 237
237 238
237 239
237 240
235 241
241 242
242 243
241 244
244 245
245 246
244 247
235 248
248 249
249 250
235 251
251 252
252 253
253 254
254 255
255 256
254 257
254 258
258 259
259 260
258 261
261 262
251 263
263 264
264 265
265 266
264 267
267 268
267 269
269 270
267 271
271 272
176 273
273 274
274 275
