0 1
1 2
1 3
3 4
3 5
3 6
6 7
7 8
8 9
6 10
3 11
11 12
3 13
13 14
14 15
15 16
16 17
17 18
16 19
15 20
20 21
21 22
22 23
21 24
20 25
14 26
26 27
13 28
28 29
29 30
30 31
31 32
31 33
33 34
30 35
30 36
36 37
37 38
13 39
39 40
40 41
41 42
42 43
41 44
39 45
45 46
39 47
47 48
48 49
49 50
50 51
51 52
50 53
50 54
54 55
47 56
56 57
57 58
58 59
57 60
56 61
61 62
62 63
63 64
64 65
63 66
63 67
67 68
68 69
67 70
61 71
71 72
72 73
73 74
72 75
75 76
76 77
75 78
13 79
79 80
80 81
81 82
82 83
81 84
81 85
85 86
86 87
85 88
13 89
89 90
90 91
91 92
92 93
91 94
91 95
95 96
13 97
97 98
98 99
99 100
100 101
99 102
97 103
103 104
104 105
105 106
106 107
107 108
106 109
106 110
110 111
111 112
110 113
113 114
114 115
113 116
103 117
117 118
118 119
119 120
120 121
119 122
118 123
123 124
103 125
125 126
126 127
127 128
126 129
129 130
130 131
129 132
13 133
133 134
134 135
135 136
134 137
