0 1
1 2
1 3
3 4
3 5
3 6
6 7
7 8
8 9
6 10
3 11
11 12
3 13
13 14
14 15
15 16
16 17
17 18
16 19
15 20
20 21
21 22
22 23
21 24
20 25
14 26
26 27
27 28
13 29
29 30
30 31
31 32
32 33
32 34
34 35
31 36
31 37
37 38
38 39
37 40
40 41
41 42
41 43
40 44
44 45
44 46
40 47
47 48
48 49
49 50
50 51
49 52
48 53
53 54
54 55
53 56
13 57
57 58
58 59
59 60
60 61
59 62
57 63
63 64
57 65
65 66
66 67
67 68
68 69
67 70
66 71
71 72
72 73
73 74
74 75
73 76
73 77
77 78
13 79
79 80
80 81
81 82
82 83
81 84
81 85
85 86
86 87
85 88
13 89
89 90
90 91
91 92
92 93
91 94
91 95
95 96
13 97
97 98
98 99
99 100
100 101
99 102
97 103
103 104
104 105
105 106
106 107
107 108
106 109
106 110
110 111
111 112
110 113
103 114
114 115
115 116
116 117
117 118
116 119
115 120
120 121
103 122
122 123
123 124
124 125
123 126
126 127
127 128
126 129
103 130
130 131
131 132
132 133
133 134
132 135
131 136
130 137
137 138
138 139
139 140
140 141
139 142
139 143
143 144
144 145
143 146
13 147
147 148
148 149
149 150
148 151
