0 1
1 2
1 3
3 4
3 5
3 6
6 7
7 8
8 9
6 10
3 11
11 12
3 13
13 14
14 15
15 16
16 17
17 18
18 19
17 20
16 21
15 22
22 23
23 24
22 25
14 26
26 27
27 28
13 29
29 30
30 31
31 32
32 33
31 34
30 35
29 36
36 37
37 38
38 39
39 40
38 41
13 42
42 43
43 44
44 45
45 46
44 47
44 48
13 49
49 50
50 51
51 52
52 53
51 54
49 55
55 56
49 57
57 58
58 59
59 60
60 61
59 62
62 63
62 64
64 65
62 66
66 67
13 68
68 69
69 70
1 71
71 72
71 73
71 74
74 75
75 76
74 77
71 78
78 79
79 80
78 81
71 82
82 83
71 84
84 85
85 86
86 87
87 88
88 89
87 90
87 91
91 92
92 93
91 94
84 95
95 96
96 97
97 98
98 99
97 100
97 101
101 102
84 103
103 104
104 105
105 106
106 107
105 108
104 109
109 110
110 111
109 112
103 113
113 114
114 115
115 116
116 117
117 118
116 119
115 120
120 121
121 122
120 123
114 124
124 125
125 126
126 127
127 128
128 129
127 130
126 131
131 132
124 133
133 134
134 135
135 136
134 137
137 138
138 139
137 140
124 141
141 142
142 143
143 144
142 145
145 146
146 147
145 148
114 149
149 150
150 151
151 152
152 153
153 154
152 155
151 156
156 157
149 158
158 159
159 160
160 161
159 162
162 163
163 164
162 165
149 166
166 167
167 168
168 169
167 170
170 171
171 172
170 173
84 174
174 175
175 176
176 177
175 178
174 179
179 180
180 181
181 182
182 183
183 184
182 185
181 186
186 187
84 188
188 189
189 190
190 191
189 192
188 193
193 194
194 195
195 196
196 197
197 198
196 199
195 200
200 201
84 202
202 203
203 204
204 205
203 206
