0 1
1 2
1 3
1 4
4 5
4 6
4 7
7 8
8 9
9 10
7 11
4 12
12 13
4 14
14 15
15 16
16 17
17 18
18 19
18 20
20 21
18 22
22 23
17 24
17 25
25 26
26 27
14 28
28 29
29 30
30 31
31 32
31 33
33 34
30 35
30 36
36 37
37 38
14 39
39 40
40 41
41 42
42 43
41 44
39 45
45 46
39 47
47 48
48 49
49 50
50 51
49 52
48 53
53 54
54 55
55 56
56 57
55 58
55 59
59 60
60 61
59 62
53 63
63 64
64 65
65 66
64 67
64 68
68 69
69 70
68 71
64 72
72 73
73 74
74 75
73 76
73 77
77 78
78 79
77 80
73 81
72 82
53 83
83 84
84 85
85 86
84 87
87 88
88 89
87 90
14 91
91 92
92 93
93 94
94 95
93 96
93 97
97 98
98 99
97 100
100 101
14 102
102 103
103 104
104 105
105 106
104 107
104 108
108 109
14 110
110 111
111 112
112 113
113 114
112 115
110 116
116 117
117 118
118 119
119 120
119 121
119 122
122 123
123 124
122 125
116 126
126 127
127 128
128 129
129 130
128 131
128 132
132 133
133 134
132 135
135 136
116 137
137 138
138 139
139 140
140 141
139 142
138 143
143 144
116 145
145 146
146 147
147 148
146 149
149 150
150 151
149 152
116 153
153 154
154 155
155 156
156 157
155 158
155 159
159 160
160 161
159 162
159 163
163 164
116 165
165 166
166 167
167 168
168 169
167 170
166 171
171 172
172 173
171 174
165 175
175 176
176 177
177 178
178 179
177 180
177 181
181 182
177 183
183 184
184 185
183 186
165 187
187 188
188 189
189 190
190 191
189 192
189 193
193 194
14 195
195 196
196 197
197 198
196 199
