0 1
1 2
1 3
3 4
3 5
3 6
6 7
7 8
6 9
3 10
3 11
11 12
12 13
13 14
14 15
14 16
14 17
11 18
18 19
19 20
20 21
20 22
20 23
18 24
24 25
25 26
24 27
27 28
28 29
27 30
18 31
31 32
32 33
18 34
34 35
35 36
36 37
37 38
38 39
37 40
40 41
36 42
35 43
43 44
44 45
45 46
46 47
11 48
48 49
49 50
50 51
50 52
50 53
11 54
54 55
55 56
56 57
56 58
56 59
54 60
60 61
61 62
60 63
63 64
64 65
63 66
54 67
67 68
68 69
54 70
70 71
71 72
72 73
73 74
74 75
73 76
76 77
72 78
71 79
79 80
80 81
81 82
82 83
83 84
82 85
85 86
81 87
87 88
88 89
87 90
90 91
79 92
92 93
93 94
94 95
11 96
96 97
97 98
98 99
98 100
98 101
101 102
102 103
103 104
102 105
101 106
106 107
96 108
108 109
109 110
108 111
111 112
112 113
111 114
96 115
115 116
116 117
96 118
118 119
119 120
120 121
121 122
122 123
121 124
124 125
120 126
