0 1
1 2
1 3
3 4
3 5
3 6
6 7
7 8
6 9
3 10
3 11
11 12
12 13
13 14
14 15
14 16
14 17
11 18
18 19
19 20
20 21
20 22
20 23
11 24
24 25
25 26
26 27
26 28
26 29
24 30
30 31
31 32
30 33
33 34
34 35
33 36
24 37
37 38
38 39
24 40
40 41
41 42
42 43
43 44
44 45
43 46
46 47
42 48
41 49
49 50
50 51
51 52
52 53
53 54
52 55
55 56
51 57
57 58
58 59
57 60
60 61
49 62
62 63
63 64
64 65
41 66
66 67
67 68
68 69
69 70
68 71
11 72
72 73
73 74
74 75
73 76
72 77
77 78
11 79
79 80
80 81
81 82
81 83
81 84
84 85
79 86
86 87
87 88
86 89
89 90
90 91
89 92
79 93
93 94
94 95
79 96
96 97
97 98
98 99
99 100
100 101
99 102
102 103
98 104
