0 1
1 2
1 3
3 4
3 5
3 6
6 7
7 8
6 9
3 10
3 11
11 12
12 13
13 14
14 15
15 16
14 17
13 18
12 19
19 20
11 21
21 22
22 23
23 24
23 25
23 26
26 27
27 28
26 29
11 30
30 31
31 32
32 33
32 34
32 35
11 36
36 37
37 38
38 39
38 40
38 41
36 42
42 43
43 44
42 45
45 46
36 47
47 48
48 49
36 50
50 51
51 52
52 53
53 54
54 55
53 56
56 57
52 58
51 59
59 60
60 61
61 62
61 63
63 64
61 65
65 66
61 67
67 68
59 69
69 70
70 71
71 72
1 73
73 74
73 75
73 76
76 77
77 78
76 79
73 80
80 81
80 82
73 83
83 84
83 85
73 86
73 87
87 88
88 89
89 90
90 91
90 92
90 93
93 94
94 95
93 96
96 97
87 98
98 99
99 100
100 101
101 102
100 103
103 104
99 105
105 106
106 107
105 108
108 109
87 110
110 111
111 112
112 113
113 114
112 115
115 116
111 117
117 118
