0 1
1 2
1 3
3 4
3 5
3 6
6 7
7 8
6 9
3 10
3 11
11 12
12 13
13 14
14 15
14 16
14 17
11 18
18 19
19 20
20 21
20 22
20 23
11 24
24 25
25 26
26 27
26 28
24 29
29 30
24 31
31 32
32 33
33 34
34 35
33 36
32 37
37 38
38 39
39 40
31 41
41 42
42 43
43 44
42 45
41 46
46 47
47 48
48 49
49 50
50 51
49 52
52 53
48 54
54 55
46 56
56 57
57 58
58 59
11 60
60 61
61 62
62 63
62 64
62 65
65 66
66 67
67 68
66 69
65 70
70 71
60 72
72 73
73 74
72 75
75 76
76 77
75 78
60 79
79 80
80 81
60 82
82 83
83 84
84 85
85 86
86 87
85 88
88 89
84 90
