0 1
1 2
1 3
1 4
4 5
4 6
4 7
7 8
8 9
7 10
4 11
11 12
11 13
4 14
14 15
14 16
4 17
4 18
18 19
19 20
20 21
21 22
20 23
23 24
24 25
23 26
19 27
27 28
28 29
29 30
18 31
31 32
32 33
33 34
34 35
33 36
32 37
37 38
38 39
39 40
38 41
41 42
37 43
43 44
44 45
43 46
46 47
47 48
46 49
31 50
50 51
51 52
52 53
53 54
54 55
53 56
56 57
52 58
58 59
59 60
58 61
61 62
50 63
63 64
64 65
65 66
18 67
67 68
68 69
68 70
70 71
68 72
72 73
68 74
74 75
75 76
74 77
1 78
78 79
78 80
78 81
81 82
82 83
81 84
78 85
78 86
86 87
87 88
88 89
88 90
90 91
88 92
88 93
1 94
94 95
94 96
94 97
94 98
98 99
99 100
100 101
98 102
94 103
94 104
104 105
105 106
106 107
107 108
108 109
107 110
107 111
111 112
111 113
111 114
111 115
111 116
111 117
111 118
104 119
119 120
120 121
121 122
122 123
121 124
121 125
125 126
126 127
104 128
128 129
129 130
130 131
130 132
130 133
133 134
134 135
133 136
133 137
137 138
104 139
139 140
140 141
141 142
141 143
141 144
139 145
145 146
146 147
145 148
148 149
139 150
150 151
151 152
139 153
153 154
154 155
155 156
156 157
157 158
156 159
155 160
155 161
161 162
162 163
163 164
162 165
165 166
161 167
