0 1
1 2
1 3
3 4
3 5
3 6
3 7
7 8
8 9
7 10
3 11
11 12
11 13
3 14
14 15
14 16
3 17
3 18
18 19
19 20
20 21
21 22
21 23
21 24
24 25
25 26
24 27
27 28
18 29
29 30
30 31
31 32
32 33
31 34
34 35
30 36
36 37
37 38
36 39
39 40
18 41
41 42
42 43
43 44
44 45
43 46
46 47
42 48
48 49
1 50
50 51
50 52
50 53
53 54
54 55
53 56
50 57
50 58
58 59
59 60
60 61
61 62
61 63
61 64
58 65
65 66
66 67
67 68
67 69
67 70
58 71
71 72
72 73
73 74
72 75
75 76
76 77
75 78
71 79
79 80
80 81
81 82
82 83
83 84
82 85
85 86
81 87
87 88
88 89
87 90
90 91
80 92
92 93
93 94
94 95
95 96
80 97
97 98
98 99
99 100
100 101
97 102
102 103
103 104
103 105
105 106
103 107
107 108
103 109
109 110
97 111
111 112
112 113
113 114
58 115
115 116
116 117
117 118
116 119
