0 1
1 2
1 3
3 4
3 5
3 6
6 7
7 8
6 9
3 10
10 11
10 12
12 13
3 14
14 15
15 16
16 17
17 18
18 19
18 20
20 21
17 22
17 23
23 24
24 25
14 26
26 27
27 28
28 29
29 30
29 31
31 32
28 33
28 34
34 35
35 36
14 37
37 38
38 39
39 40
38 41
37 42
42 43
43 44
14 45
45 46
46 47
47 48
46 49
46 50
50 51
14 52
52 53
53 54
54 55
55 56
54 57
52 58
58 59
59 60
60 61
61 62
60 63
63 64
64 65
63 66
58 67
67 68
68 69
69 70
70 71
69 72
68 73
67 74
74 75
75 76
76 77
77 78
76 79
76 80
80 81
81 82
80 83
58 84
84 85
85 86
86 87
87 88
86 89
85 90
84 91
91 92
92 93
93 94
94 95
93 96
93 97
97 98
98 99
97 100
58 101
101 102
102 103
103 104
102 105
102 106
106 107
107 108
106 109
14 110
110 111
111 112
