0 1
1 2
1 3
3 4
3 5
3 6
6 7
7 8
6 9
3 10
10 11
3 12
12 13
13 14
14 15
15 16
15 17
15 18
18 19
19 20
20 21
19 22
18 23
12 24
24 25
25 26
26 27
27 28
26 29
26 30
30 31
30 32
32 33
33 34
34 35
33 36
12 37
37 38
38 39
39 40
38 41
37 42
42 43
43 44
44 45
45 46
46 47
45 48
48 49
44 50
43 51
51 52
52 53
53 54
54 55
55 56
54 57
57 58
53 59
51 60
60 61
61 62
62 63
63 64
62 65
65 66
66 67
65 68
61 69
51 70
70 71
71 72
72 73
71 74
43 75
75 76
76 77
77 78
78 79
79 80
78 81
81 82
77 83
75 84
84 85
85 86
86 87
87 88
86 89
89 90
90 91
89 92
85 93
75 94
12 95
95 96
96 97
97 98
98 99
97 100
96 101
95 102
102 103
103 104
104 105
105 106
106 107
105 108
104 109
102 110
110 111
111 112
95 113
113 114
114 115
115 116
