0 1
1 2
1 3
3 4
3 5
3 6
6 7
7 8
6 9
3 10
3 11
11 12
12 13
13 14
14 15
14 16
14 17
11 18
18 19
19 20
20 21
20 22
20 23
18 24
24 25
25 26
24 27
27 28
28 29
27 30
18 31
31 32
32 33
18 34
34 35
35 36
36 37
37 38
36 39
39 40
40 41
39 42
42 43
11 44
44 45
45 46
46 47
46 48
46 49
49 50
11 51
51 52
52 53
53 54
53 55
53 56
11 57
57 58
58 59
59 60
59 61
59 62
57 63
63 64
64 65
63 66
66 67
67 68
66 69
57 70
70 71
71 72
57 73
73 74
74 75
75 76
76 77
75 78
78 79
79 80
78 81
81 82
73 83
83 84
84 85
85 86
84 87
87 88
83 89
89 90
90 91
91 92
73 93
93 94
94 95
95 96
94 97
97 98
98 99
97 100
100 101
11 102
102 103
103 104
