0 1
1 2
1 3
3 4
3 5
3 6
6 7
7 8
6 9
3 10
3 11
11 12
12 13
13 14
14 15
14 16
14 17
17 18
18 19
17 20
11 21
21 22
22 23
23 24
23 25
23 26
11 27
27 28
28 29
29 30
29 31
29 32
11 33
33 34
34 35
35 36
35 37
35 38
33 39
39 40
40 41
39 42
42 43
33 44
44 45
45 46
33 47
47 48
48 49
49 50
50 51
49 52
52 53
53 54
52 55
55 56
11 57
57 58
58 59
59 60
58 61
61 62
57 63
63 64
11 65
65 66
66 67
67 68
67 69
67 70
65 71
71 72
72 73
71 74
74 75
65 76
76 77
77 78
65 79
79 80
80 81
81 82
82 83
82 84
82 85
79 86
86 87
87 88
88 89
87 90
90 91
91 92
90 93
93 94
94 95
93 96
96 97
97 98
96 99
79 100
100 101
101 102
102 103
101 104
104 105
105 106
104 107
107 108
108 109
107 110
110 111
79 112
112 113
113 114
114 115
113 116
116 117
112 118
118 119
119 120
120 121
121 122
120 123
123 124
118 125
125 126
126 127
11 128
128 129
129 130
