0 1
1 2
1 3
3 4
3 5
3 6
6 7
7 8
6 9
3 10
3 11
11 12
12 13
13 14
14 15
15 16
14 17
14 18
18 19
18 20
20 21
21 22
22 23
21 24
11 25
25 26
26 27
27 28
28 29
27 30
27 31
31 32
31 33
33 34
34 35
35 36
34 37
11 38
38 39
39 40
40 41
41 42
40 43
39 44
11 45
45 46
46 47
47 48
47 49
47 50
45 51
51 52
52 53
51 54
54 55
55 56
54 57
45 58
58 59
59 60
45 61
61 62
62 63
63 64
64 65
65 66
64 67
67 68
63 69
69 70
70 71
71 72
70 73
73 74
74 75
73 76
69 77
77 78
78 79
77 80
80 81
81 82
80 83
11 84
84 85
85 86
86 87
87 88
86 89
89 90
90 91
91 92
90 93
89 94
85 95
11 96
96 97
97 98
98 99
98 100
98 101
101 102
102 103
103 104
102 105
101 106
96 107
107 108
108 109
107 110
96 111
111 112
112 113
96 114
114 115
115 116
116 117
117 118
118 119
117 120
120 121
116 122
122 123
123 124
124 125
123 126
126 127
127 128
126 129
122 130
130 131
131 132
130 133
133 134
134 135
133 136
11 137
137 138
138 139
139 140
139 141
139 142
137 143
143 144
144 145
143 146
146 147
147 148
146 149
137 150
150 151
151 152
137 153
153 154
154 155
155 156
156 157
157 158
156 159
159 160
155 161
161 162
162 163
161 164
164 165
154 166
166 167
167 168
168 169
11 170
170 171
171 172
