0 1
1 2
1 3
3 4
3 5
3 6
6 7
7 8
6 9
3 10
3 11
11 12
12 13
13 14
14 15
14 16
14 17
13 18
18 19
18 20
18 21
11 22
22 23
23 24
24 25
24 26
24 27
22 28
28 29
29 30
28 31
31 32
32 33
31 34
22 35
35 36
36 37
22 38
38 39
39 40
40 41
39 42
42 43
43 44
42 45
45 46
11 47
47 48
48 49
49 50
49 51
49 52
47 53
53 54
54 55
53 56
56 57
57 58
56 59
47 60
60 61
61 62
47 63
63 64
64 65
65 66
66 67
65 68
68 69
64 70
70 71
71 72
72 73
63 74
74 75
75 76
76 77
77 78
76 79
75 80
75 81
81 82
82 83
83 84
82 85
81 86
86 87
63 88
88 89
89 90
90 91
89 92
92 93
93 94
94 95
93 96
92 97
88 98
98 99
99 100
100 101
99 102
102 103
103 104
102 105
105 106
106 107
105 108
63 109
109 110
110 111
111 112
110 113
113 114
114 115
113 116
116 117
11 118
118 119
119 120
