0 1
1 2
1 3
3 4
3 5
3 6
6 7
7 8
6 9
3 10
3 11
11 12
12 13
13 14
14 15
15 16
16 17
14 18
14 19
19 20
19 21
21 22
22 23
23 24
22 25
19 26
26 27
27 28
28 29
27 30
11 31
31 32
32 33
33 34
34 35
33 36
31 37
37 38
31 39
39 40
40 41
41 42
40 43
40 44
44 45
40 46
46 47
11 48
48 49
49 50
49 51
51 52
49 53
53 54
49 55
55 56
49 57
1 58
58 59
58 60
58 61
61 62
62 63
61 64
58 65
65 66
65 67
58 68
68 69
69 70
70 71
68 72
58 73
73 74
73 75
58 76
58 77
77 78
78 79
79 80
80 81
79 82
82 83
83 84
82 85
78 86
86 87
77 88
88 89
89 90
90 91
91 92
90 93
93 94
89 95
95 96
96 97
97 98
98 99
97 100
100 101
96 102
102 103
95 104
104 105
88 106
106 107
107 108
108 109
109 110
108 111
111 112
107 113
113 114
77 115
115 116
116 117
117 118
117 119
117 120
120 121
121 122
120 123
116 124
124 125
124 126
124 127
127 128
128 129
127 130
77 131
131 132
132 133
133 134
134 135
133 136
136 137
132 138
138 139
139 140
140 141
139 142
142 143
138 144
144 145
145 146
144 147
147 148
131 149
149 150
150 151
151 152
150 153
153 154
153 155
155 156
155 157
157 158
155 159
159 160
155 161
161 162
155 163
163 164
164 165
163 166
77 167
167 168
168 169
169 170
169 171
169 172
172 173
172 174
174 175
172 176
176 177
172 178
178 179
172 180
180 181
181 182
180 183
77 184
184 185
185 186
186 187
185 188
188 189
184 190
190 191
191 192
192 193
193 194
194 195
193 196
196 197
192 198
198 199
191 200
200 201
201 202
200 203
200 204
204 205
200 206
206 207
77 208
208 209
209 210
210 211
209 212
209 213
213 214
209 215
215 216
