0 1
1 2
1 3
3 4
3 5
3 6
6 7
7 8
6 9
3 10
3 11
11 12
12 13
13 14
14 15
14 16
14 17
17 18
18 19
17 20
11 21
21 22
22 23
23 24
24 25
25 26
23 27
23 28
28 29
28 30
30 31
31 32
28 33
33 34
34 35
35 36
34 37
11 38
38 39
39 40
40 41
41 42
40 43
38 44
44 45
38 46
46 47
47 48
48 49
49 50
48 51
48 52
52 53
48 54
54 55
11 56
56 57
57 58
57 59
57 60
60 61
57 62
62 63
57 64
64 65
57 66
66 67
1 68
68 69
68 70
68 71
71 72
71 73
68 74
74 75
74 76
68 77
77 78
78 79
77 80
68 81
81 82
81 83
68 84
84 85
85 86
86 87
84 88
68 89
68 90
90 91
91 92
92 93
93 94
92 95
95 96
91 97
97 98
90 99
99 100
100 101
101 102
102 103
103 104
102 105
105 106
101 107
107 108
108 109
107 110
100 111
111 112
99 113
113 114
114 115
115 116
116 117
115 118
118 119
114 120
120 121
121 122
120 123
90 124
124 125
125 126
126 127
126 128
126 129
129 130
129 131
131 132
131 133
133 134
134 135
133 136
131 137
137 138
131 139
139 140
131 141
141 142
131 143
143 144
90 145
145 146
146 147
147 148
148 149
147 150
150 151
146 152
152 153
153 154
154 155
153 156
156 157
152 158
158 159
159 160
158 161
161 162
145 163
163 164
164 165
165 166
166 167
165 168
168 169
169 170
168 171
168 172
172 173
168 174
174 175
174 176
176 177
176 178
178 179
179 180
178 181
176 182
182 183
176 184
184 185
176 186
186 187
176 188
188 189
90 190
190 191
191 192
192 193
193 194
194 195
193 196
196 197
192 198
198 199
199 200
198 201
191 202
202 203
