0 1
1 2
1 3
3 4
4 5
5 6
5 7
7 8
4 9
4 10
10 11
11 12
1 13
13 14
13 15
13 16
16 17
17 18
16 19
13 20
13 21
21 22
22 23
23 24
24 25
23 26
23 27
27 28
28 29
27 30
21 31
31 32
32 33
33 34
33 35
33 36
31 37
37 38
38 39
37 40
40 41
41 42
40 43
31 44
44 45
45 46
31 47
47 48
48 49
49 50
50 51
50 52
50 53
53 54
54 55
53 56
56 57
47 58
58 59
59 60
60 61
59 62
62 63
63 64
62 65
62 66
66 67
67 68
68 69
67 70
66 71
58 72
72 73
73 74
74 75
73 76
73 77
77 78
58 79
79 80
80 81
81 82
80 83
80 84
84 85
84 86
86 87
80 88
88 89
21 90
90 91
91 92
92 93
91 94
1 95
95 96
95 97
95 98
98 99
98 100
95 101
95 102
102 103
103 104
104 105
105 106
105 107
105 108
104 109
109 110
109 111
109 112
112 113
113 114
114 115
113 116
112 117
102 118
118 119
119 120
120 121
119 122
122 123
118 124
124 125
125 126
126 127
127 128
127 129
127 130
130 131
131 132
132 133
133 134
132 135
135 136
130 137
124 138
138 139
139 140
140 141
141 142
140 143
140 144
144 145
139 146
146 147
138 148
148 149
149 150
124 151
151 152
152 153
153 154
154 155
153 156
153 157
157 158
152 159
159 160
151 161
161 162
162 163
163 164
162 165
165 166
166 167
165 168
151 169
169 170
170 171
171 172
170 173
173 174
174 175
173 176
102 177
177 178
178 179
