0 1
1 2
1 3
3 4
3 5
3 6
6 7
7 8
6 9
3 10
10 11
10 12
3 13
13 14
13 15
3 16
16 17
17 18
18 19
16 20
3 21
3 22
22 23
23 24
24 25
25 26
24 27
27 28
28 29
27 30
23 31
31 32
22 33
33 34
34 35
35 36
36 37
37 38
36 39
39 40
35 41
41 42
42 43
41 44
34 45
45 46
33 47
47 48
48 49
49 50
50 51
49 52
52 53
48 54
54 55
55 56
54 57
22 58
58 59
59 60
60 61
60 62
60 63
22 64
64 65
65 66
66 67
67 68
66 69
69 70
65 71
71 72
72 73
73 74
72 75
75 76
71 77
77 78
78 79
77 80
80 81
64 82
82 83
83 84
84 85
85 86
84 87
87 88
87 89
89 90
89 91
91 92
89 93
93 94
94 95
93 96
89 97
97 98
89 99
99 100
22 101
101 102
102 103
103 104
103 105
103 106
106 107
106 108
108 109
106 110
110 111
111 112
110 113
106 114
114 115
106 116
116 117
22 118
118 119
119 120
120 121
121 122
122 123
121 124
124 125
120 126
126 127
127 128
126 129
119 130
130 131
131 132
130 133
130 134
134 135
130 136
136 137
22 138
138 139
139 140
140 141
141 142
140 143
143 144
139 145
145 146
146 147
145 148
1 149
149 150
149 151
149 152
152 153
153 154
152 155
149 156
149 157
157 158
158 159
159 160
160 161
160 162
160 163
163 164
164 165
163 166
157 167
167 168
168 169
169 170
170 171
171 172
169 173
169 174
174 175
174 176
176 177
177 178
178 179
177 180
174 181
181 182
182 183
183 184
182 185
157 186
186 187
187 188
188 189
188 190
188 191
186 192
192 193
193 194
192 195
195 196
186 197
197 198
198 199
186 200
200 201
201 202
202 203
203 204
202 205
202 206
206 207
207 208
206 209
209 210
202 211
211 212
157 213
213 214
214 215
214 216
216 217
214 218
214 219
219 220
214 221
221 222
