0 1
1 2
1 3
3 4
3 5
3 6
6 7
7 8
6 9
3 10
3 11
11 12
12 13
13 14
14 15
14 16
14 17
17 18
18 19
19 20
18 21
17 22
11 23
23 24
24 25
25 26
26 27
26 28
28 29
26 30
30 31
25 32
25 33
33 34
34 35
11 36
36 37
37 38
38 39
38 40
36 41
41 42
36 43
43 44
44 45
45 46
46 47
45 48
45 49
49 50
45 51
51 52
52 53
53 54
52 55
52 56
56 57
52 58
51 59
11 60
60 61
61 62
62 63
62 64
62 65
65 66
11 67
67 68
68 69
69 70
69 71
67 72
72 73
73 74
72 75
67 76
76 77
77 78
78 79
79 80
80 81
79 82
79 83
83 84
78 85
85 86
77 87
87 88
88 89
89 90
90 91
89 92
92 93
11 94
94 95
95 96
