0 1
1 2
1 3
3 4
3 5
3 6
6 7
7 8
6 9
3 10
3 11
11 12
12 13
13 14
14 15
14 16
14 17
11 18
18 19
19 20
20 21
21 22
21 23
23 24
21 25
25 26
20 27
20 28
28 29
29 30
11 31
31 32
32 33
33 34
33 35
33 36
31 37
37 38
38 39
37 40
40 41
41 42
40 43
31 44
44 45
45 46
31 47
47 48
48 49
49 50
50 51
49 52
49 53
53 54
54 55
53 56
56 57
48 58
58 59
59 60
60 61
61 62
60 63
60 64
64 65
65 66
64 67
67 68
60 69
69 70
70 71
71 72
70 73
70 74
74 75
75 76
74 77
77 78
69 79
48 80
80 81
81 82
82 83
83 84
82 85
82 86
86 87
87 88
86 89
89 90
82 91
11 92
92 93
93 94
94 95
95 96
95 97
97 98
94 99
94 100
100 101
101 102
100 103
11 104
104 105
105 106
106 107
107 108
106 109
104 110
110 111
104 112
112 113
113 114
114 115
115 116
116 117
115 118
115 119
119 120
114 121
121 122
122 123
123 124
122 125
121 126
113 127
127 128
128 129
129 130
130 131
129 132
132 133
11 134
134 135
135 136
