0 1
1 2
1 3
3 4
3 5
3 6
6 7
7 8
6 9
3 10
3 11
11 12
12 13
13 14
14 15
15 16
14 17
13 18
12 19
19 20
20 21
21 22
22 23
21 24
11 25
25 26
26 27
27 28
27 29
27 30
11 31
31 32
32 33
33 34
33 35
33 36
36 37
37 38
36 39
11 40
40 41
41 42
42 43
42 44
42 45
40 46
46 47
47 48
46 49
49 50
50 51
49 52
40 53
53 54
54 55
40 56
56 57
57 58
58 59
59 60
60 61
59 62
62 63
63 64
62 65
65 66
58 67
67 68
68 69
67 70
57 71
71 72
72 73
73 74
74 75
73 76
76 77
77 78
76 79
79 80
71 81
81 82
82 83
83 84
82 85
57 86
86 87
87 88
88 89
89 90
88 91
91 92
92 93
91 94
94 95
87 96
96 97
97 98
96 99
86 100
100 101
101 102
102 103
103 104
86 105
105 106
106 107
107 108
108 109
11 110
110 111
111 112
