0 1
1 2
1 3
3 4
3 5
3 6
6 7
7 8
6 9
3 10
3 11
11 12
12 13
13 14
13 15
15 16
13 17
13 18
18 19
19 20
20 21
19 22
18 23
11 24
24 25
25 26
26 27
25 28
28 29
29 30
30 31
29 32
28 33
1 34
34 35
34 36
34 37
34 38
38 39
39 40
38 41
34 42
42 43
42 44
34 45
45 46
45 47
34 48
34 49
49 50
50 51
51 52
52 53
51 54
54 55
50 56
56 57
49 58
58 59
59 60
60 61
60 62
60 63
63 64
64 65
63 66
66 67
67 68
68 69
69 70
68 71
71 72
66 73
49 74
74 75
75 76
75 77
77 78
75 79
79 80
75 81
81 82
49 83
83 84
84 85
84 86
86 87
84 88
88 89
89 90
88 91
84 92
92 93
49 94
94 95
95 96
95 97
97 98
95 99
99 100
95 101
101 102
95 103
103 104
1 105
105 106
105 107
105 108
105 109
109 110
110 111
109 112
105 113
113 114
113 115
105 116
116 117
116 118
105 119
119 120
119 121
105 122
105 123
123 124
124 125
125 126
126 127
126 128
126 129
129 130
123 131
131 132
132 133
133 134
133 135
133 136
136 137
137 138
136 139
123 140
140 141
141 142
142 143
142 144
142 145
123 146
146 147
147 148
148 149
149 150
148 151
148 152
152 153
152 154
154 155
155 156
156 157
157 158
156 159
159 160
155 161
123 162
162 163
163 164
164 165
165 166
164 167
167 168
163 169
169 170
170 171
169 172
172 173
162 174
174 175
175 176
176 177
177 178
178 179
177 180
180 181
176 182
182 183
183 184
182 185
185 186
175 187
187 188
188 189
189 190
190 191
191 192
190 193
193 194
189 195
195 196
196 197
195 198
198 199
187 200
200 201
201 202
202 203
175 204
204 205
205 206
206 207
207 208
208 209
207 210
210 211
206 212
212 213
213 214
212 215
215 216
204 217
217 218
218 219
219 220
174 221
221 222
222 223
223 224
123 225
225 226
226 227
227 228
226 229
229 230
225 231
231 232
232 233
233 234
234 235
235 236
234 237
237 238
238 239
233 240
240 241
241 242
240 243
243 244
244 245
123 246
246 247
247 248
248 249
247 250
250 251
246 252
252 253
253 254
254 255
255 256
256 257
255 258
258 259
259 260
254 261
261 262
262 263
261 264
264 265
265 266
123 267
267 268
268 269
269 270
268 271
267 272
272 273
273 274
272 275
275 276
267 277
277 278
278 279
277 280
280 281
281 282
280 283
267 284
284 285
285 286
267 287
287 288
288 289
267 290
290 291
291 292
292 293
293 294
294 295
293 296
296 297
292 298
298 299
299 300
298 301
301 302
