0 1
1 2
1 3
3 4
3 5
3 6
6 7
7 8
6 9
3 10
10 11
11 12
10 13
3 14
3 15
15 16
16 17
17 18
18 19
19 20
18 21
17 22
22 23
23 24
22 25
16 26
26 27
27 28
15 29
29 30
30 31
31 32
32 33
31 34
30 35
35 36
36 37
35 38
29 39
39 40
40 41
15 42
42 43
43 44
44 45
44 46
44 47
47 48
47 49
49 50
50 51
49 52
47 53
53 54
54 55
53 56
15 57
57 58
58 59
59 60
59 61
59 62
62 63
62 64
64 65
65 66
64 67
62 68
68 69
69 70
68 71
15 72
72 73
73 74
74 75
75 76
74 77
73 78
78 79
79 80
78 81
72 82
82 83
83 84
84 85
85 86
84 87
87 88
83 89
89 90
90 91
15 92
92 93
1 94
94 95
94 96
94 97
97 98
98 99
97 100
94 101
94 102
102 103
103 104
104 105
105 106
104 107
103 108
108 109
109 110
102 111
111 112
112 113
112 114
114 115
115 116
114 117
112 118
118 119
119 120
118 121
102 122
