0 1
1 2
1 3
3 4
3 5
3 6
6 7
7 8
6 9
3 10
3 11
11 12
12 13
13 14
13 15
15 16
16 17
15 18
13 19
19 20
20 21
19 22
1 23
23 24
23 25
23 26
26 27
27 28
26 29
23 30
30 31
31 32
30 33
23 34
23 35
35 36
36 37
37 38
38 39
39 40
38 41
37 42
42 43
43 44
42 45
36 46
46 47
35 48
48 49
49 50
50 51
51 52
50 53
49 54
54 55
55 56
54 57
57 58
48 59
59 60
35 61
61 62
62 63
63 64
64 65
63 66
62 67
67 68
68 69
67 70
70 71
61 72
72 73
35 74
74 75
75 76
76 77
77 78
76 79
75 80
80 81
81 82
80 83
74 84
84 85
35 86
86 87
87 88
88 89
88 90
88 91
91 92
91 93
93 94
94 95
93 96
91 97
97 98
98 99
97 100
35 101
101 102
102 103
103 104
103 105
103 106
106 107
106 108
108 109
109 110
108 111
106 112
112 113
113 114
112 115
35 116
116 117
117 118
118 119
119 120
118 121
121 122
