0 1
1 2
1 3
3 4
3 5
3 6
6 7
7 8
6 9
3 10
3 11
11 12
12 13
13 14
14 15
15 16
15 17
17 18
14 19
14 20
20 21
21 22
11 23
23 24
24 25
25 26
25 27
25 28
23 29
29 30
30 31
29 32
32 33
33 34
32 35
23 36
36 37
37 38
23 39
39 40
40 41
41 42
42 43
41 44
41 45
45 46
46 47
45 48
48 49
11 50
50 51
51 52
52 53
53 54
52 55
52 56
56 57
56 58
58 59
59 60
60 61
59 62
11 63
63 64
64 65
65 66
65 67
65 68
11 69
69 70
70 71
71 72
72 73
71 74
69 75
75 76
69 77
77 78
78 79
79 80
80 81
81 82
80 83
83 84
84 85
79 86
86 87
11 88
88 89
89 90
90 91
89 92
89 93
93 94
11 95
95 96
96 97
97 98
98 99
97 100
96 101
95 102
102 103
103 104
104 105
105 106
104 107
107 108
108 109
109 110
108 111
107 112
11 113
113 114
114 115
115 116
114 117
117 118
118 119
119 120
118 121
117 122
