0 1
1 2
1 3
3 4
3 5
3 6
6 7
7 8
6 9
3 10
3 11
11 12
12 13
13 14
14 15
14 16
14 17
17 18
18 19
17 20
11 21
21 22
22 23
23 24
23 25
23 26
26 27
27 28
26 29
11 30
30 31
31 32
32 33
32 34
32 35
35 36
36 37
35 38
11 39
39 40
40 41
41 42
41 43
39 44
44 45
39 46
46 47
47 48
48 49
49 50
50 51
51 52
50 53
53 54
49 55
55 56
56 57
55 58
58 59
48 60
60 61
61 62
60 63
63 64
47 65
65 66
46 67
67 68
68 69
69 70
68 71
71 72
67 73
73 74
74 75
75 76
76 77
75 78
78 79
73 80
80 81
81 82
82 83
81 84
84 85
73 86
86 87
87 88
88 89
87 90
90 91
67 92
92 93
93 94
94 95
93 96
96 97
92 98
98 99
99 100
100 101
101 102
100 103
103 104
98 105
105 106
106 107
107 108
106 109
109 110
92 111
111 112
112 113
113 114
112 115
115 116
111 117
117 118
118 119
119 120
120 121
119 122
122 123
11 124
124 125
125 126
126 127
127 128
126 129
129 130
130 131
129 132
125 133
133 134
133 135
135 136
125 137
137 138
137 139
139 140
