0 1
1 2
1 3
3 4
3 5
3 6
6 7
6 8
3 9
9 10
9 11
11 12
3 13
13 14
14 15
15 16
16 17
17 18
17 19
19 20
16 21
16 22
22 23
23 24
13 25
25 26
26 27
26 28
28 29
26 30
26 31
31 32
26 33
33 34
13 35
35 36
36 37
1 38
38 39
38 40
38 41
41 42
42 43
42 44
44 45
41 46
38 47
47 48
48 49
47 50
38 51
51 52
51 53
38 54
54 55
54 56
38 57
38 58
58 59
59 60
60 61
61 62
62 63
61 64
60 65
65 66
66 67
65 68
59 69
69 70
70 71
71 72
72 73
71 74
71 75
75 76
69 77
58 78
78 79
79 80
80 81
79 82
82 83
78 84
58 85
85 86
86 87
87 88
86 89
85 90
90 91
91 92
91 93
93 94
91 95
95 96
96 97
95 98
91 99
99 100
100 101
99 102
91 103
103 104
58 105
105 106
106 107
107 108
106 109
105 110
110 111
111 112
111 113
113 114
111 115
115 116
116 117
115 118
111 119
119 120
111 121
121 122
122 123
121 124
