0 1
1 2
1 3
3 4
4 5
5 6
5 7
7 8
4 9
4 10
10 11
11 12
1 13
13 14
13 15
13 16
16 17
17 18
16 19
13 20
20 21
20 22
13 23
23 24
23 25
13 26
13 27
27 28
28 29
29 30
30 31
31 32
30 33
29 34
34 35
35 36
34 37
28 38
38 39
39 40
40 41
41 42
40 43
40 44
44 45
45 46
44 47
38 48
27 49
49 50
50 51
51 52
50 53
49 54
54 55
55 56
56 57
57 58
56 59
56 60
54 61
61 62
62 63
62 64
64 65
62 66
66 67
67 68
66 69
62 70
70 71
54 72
72 73
73 74
74 75
73 76
73 77
77 78
78 79
79 80
78 81
77 82
27 83
83 84
84 85
85 86
84 87
83 88
88 89
89 90
90 91
91 92
90 93
90 94
88 95
95 96
96 97
96 98
98 99
96 100
100 101
101 102
100 103
96 104
104 105
105 106
104 107
88 108
108 109
109 110
110 111
109 112
109 113
113 114
114 115
115 116
114 117
113 118
1 119
119 120
119 121
119 122
122 123
122 124
119 125
125 126
125 127
127 128
119 129
129 130
130 131
131 132
132 133
133 134
132 135
132 136
136 137
137 138
129 139
139 140
140 141
140 142
142 143
140 144
140 145
145 146
129 147
147 148
148 149
