0 1
1 2
1 3
3 4
3 5
3 6
6 7
7 8
6 9
3 10
3 11
11 12
12 13
13 14
14 15
14 16
14 17
17 18
18 19
17 20
11 21
21 22
22 23
23 24
23 25
23 26
26 27
27 28
26 29
11 30
30 31
31 32
32 33
32 34
32 35
35 36
36 37
35 38
11 39
39 40
40 41
41 42
41 43
41 44
11 45
45 46
46 47
47 48
47 49
47 50
11 51
51 52
52 53
53 54
52 55
55 56
56 57
55 58
51 59
59 60
60 61
61 62
62 63
63 64
62 65
65 66
66 67
65 68
61 69
69 70
70 71
71 72
70 73
73 74
69 75
75 76
76 77
75 78
78 79
79 80
78 81
60 82
82 83
83 84
84 85
85 86
84 87
59 88
88 89
89 90
90 91
89 92
92 93
93 94
92 95
95 96
59 97
97 98
98 99
99 100
100 101
99 102
102 103
103 104
102 105
98 106
106 107
107 108
108 109
107 110
110 111
106 112
112 113
113 114
112 115
115 116
116 117
115 118
97 119
119 120
120 121
121 122
122 123
121 124
59 125
125 126
126 127
127 128
126 129
129 130
130 131
129 132
132 133
59 134
134 135
135 136
136 137
135 138
138 139
139 140
138 141
141 142
11 143
143 144
144 145
