0 1
1 2
1 3
3 4
3 5
3 6
6 7
7 8
6 9
3 10
3 11
11 12
12 13
13 14
14 15
14 16
14 17
17 18
18 19
17 20
11 21
21 22
22 23
23 24
23 25
23 26
11 27
27 28
28 29
29 30
29 31
29 32
32 33
11 34
34 35
35 36
36 37
36 38
36 39
11 40
40 41
41 42
42 43
41 44
44 45
40 46
46 47
47 48
48 49
49 50
50 51
49 52
52 53
53 54
52 55
48 56
56 57
57 58
56 59
59 60
47 61
61 62
62 63
63 64
64 65
63 66
66 67
62 68
68 69
69 70
70 71
71 72
70 73
73 74
74 75
75 76
74 77
77 78
78 79
77 80
73 81
81 82
68 83
83 84
84 85
85 86
84 87
87 88
47 89
89 90
90 91
91 92
92 93
91 94
94 95
95 96
94 97
90 98
98 99
99 100
98 101
101 102
89 103
103 104
104 105
105 106
106 107
105 108
108 109
109 110
110 111
109 112
112 113
108 114
114 115
115 116
114 117
117 118
118 119
117 120
108 121
121 122
122 123
121 124
121 125
125 126
121 127
127 128
128 129
127 130
130 131
131 132
130 133
46 134
134 135
135 136
136 137
11 138
138 139
139 140
140 141
139 142
142 143
138 144
144 145
145 146
146 147
147 148
146 149
149 150
150 151
151 152
150 153
153 154
154 155
153 156
149 157
157 158
11 159
159 160
160 161
