0 1
1 2
1 3
3 4
3 5
3 6
6 7
7 8
6 9
3 10
3 11
11 12
12 13
13 14
14 15
14 16
14 17
17 18
18 19
17 20
11 21
21 22
22 23
23 24
23 25
23 26
11 27
27 28
28 29
29 30
29 31
29 32
27 33
33 34
34 35
33 36
36 37
27 38
38 39
39 40
27 41
41 42
42 43
43 44
44 45
45 46
44 47
47 48
43 49
49 50
50 51
49 52
52 53
53 54
52 55
42 56
56 57
57 58
58 59
59 60
58 61
61 62
62 63
63 64
62 65
65 66
61 67
67 68
68 69
67 70
70 71
71 72
70 73
11 74
74 75
75 76
1 77
77 78
77 79
77 80
77 81
81 82
82 83
83 84
81 85
77 86
77 87
87 88
88 89
89 90
90 91
91 92
90 93
90 94
94 95
95 96
94 97
97 98
98 99
97 100
87 101
101 102
102 103
103 104
103 105
103 106
106 107
107 108
106 109
87 110
110 111
111 112
112 113
113 114
112 115
112 116
116 117
116 118
118 119
119 120
87 121
121 122
122 123
123 124
123 125
123 126
121 127
127 128
128 129
127 130
130 131
121 132
132 133
133 134
121 135
135 136
136 137
137 138
138 139
139 140
138 141
141 142
137 143
143 144
144 145
143 146
