0 1
1 2
1 3
3 4
3 5
3 6
6 7
7 8
6 9
3 10
10 11
3 12
12 13
13 14
14 15
15 16
16 17
15 18
15 19
19 20
19 21
21 22
22 23
23 24
22 25
12 26
26 27
27 28
28 29
29 30
28 31
27 32
12 33
33 34
34 35
35 36
35 37
35 38
33 39
39 40
40 41
39 42
42 43
43 44
42 45
33 46
46 47
47 48
33 49
49 50
50 51
51 52
52 53
53 54
52 55
55 56
51 57
57 58
58 59
59 60
58 61
61 62
62 63
61 64
57 65
65 66
66 67
65 68
68 69
69 70
68 71
12 72
72 73
73 74
74 75
74 76
74 77
12 78
78 79
79 80
80 81
80 82
80 83
83 84
84 85
85 86
84 87
83 88
78 89
89 90
90 91
89 92
78 93
93 94
94 95
78 96
96 97
97 98
98 99
99 100
98 101
101 102
102 103
101 104
104 105
96 106
106 107
107 108
108 109
109 110
108 111
111 112
112 113
111 114
107 115
115 116
116 117
117 118
116 119
119 120
120 121
119 122
115 123
123 124
12 125
125 126
126 127
