0 1
1 2
1 3
3 4
3 5
3 6
6 7
7 8
6 9
3 10
10 11
3 12
12 13
13 14
14 15
15 16
16 17
15 18
15 19
19 20
19 21
21 22
22 23
23 24
22 25
12 26
26 27
27 28
28 29
29 30
28 31
27 32
12 33
33 34
34 35
35 36
35 37
35 38
33 39
39 40
40 41
39 42
42 43
43 44
42 45
33 46
46 47
47 48
33 49
49 50
50 51
51 52
52 53
53 54
52 55
55 56
51 57
57 58
58 59
59 60
58 61
61 62
62 63
61 64
57 65
65 66
66 67
65 68
68 69
69 70
68 71
12 72
72 73
73 74
74 75
75 76
74 77
74 78
78 79
78 80
80 81
81 82
82 83
81 84
12 85
85 86
86 87
87 88
87 89
87 90
12 91
91 92
92 93
93 94
93 95
93 96
96 97
97 98
98 99
97 100
96 101
91 102
102 103
103 104
102 105
91 106
106 107
107 108
91 109
109 110
110 111
111 112
112 113
113 114
112 115
115 116
111 117
117 118
118 119
119 120
118 121
121 122
117 123
123 124
109 125
125 126
126 127
127 128
126 129
129 130
130 131
129 132
132 133
12 134
134 135
135 136
