0 1
1 2
1 3
3 4
3 5
3 6
6 7
7 8
6 9
3 10
10 11
3 12
12 13
13 14
14 15
15 16
16 17
15 18
15 19
19 20
19 21
21 22
22 23
23 24
22 25
12 26
26 27
27 28
28 29
29 30
28 31
28 32
32 33
32 34
34 35
35 36
36 37
35 38
12 39
39 40
40 41
41 42
42 43
41 44
41 45
45 46
45 47
47 48
48 49
49 50
48 51
12 52
52 53
53 54
54 55
55 56
54 57
53 58
12 59
59 60
60 61
61 62
62 63
61 64
64 65
65 66
66 67
65 68
64 69
60 70
12 71
71 72
72 73
73 74
73 75
73 76
71 77
77 78
78 79
77 80
80 81
81 82
80 83
71 84
84 85
85 86
71 87
87 88
88 89
89 90
90 91
91 92
90 93
93 94
89 95
95 96
96 97
97 98
96 99
99 100
100 101
99 102
95 103
103 104
104 105
103 106
106 107
107 108
106 109
87 110
110 111
111 112
112 113
113 114
112 115
115 116
116 117
117 118
118 119
117 120
116 121
115 122
122 123
111 124
124 125
125 126
126 127
125 128
128 129
129 130
130 131
129 132
128 133
133 134
124 135
135 136
136 137
135 138
138 139
139 140
140 141
139 142
138 143
143 144
12 145
145 146
146 147
147 148
147 149
147 150
145 151
151 152
152 153
151 154
154 155
155 156
154 157
145 158
158 159
159 160
145 161
161 162
162 163
163 164
164 165
165 166
164 167
167 168
163 169
169 170
170 171
171 172
170 173
173 174
169 175
175 176
176 177
175 178
178 179
12 180
180 181
181 182
