0 1
1 2
1 3
3 4
3 5
3 6
6 7
6 8
3 9
9 10
9 11
11 12
3 13
13 14
14 15
15 16
16 17
17 18
17 19
19 20
16 21
16 22
22 23
23 24
13 25
25 26
26 27
26 28
28 29
26 30
26 31
26 32
26 33
33 34
13 35
35 36
36 37
1 38
38 39
38 40
38 41
41 42
42 43
42 44
44 45
41 46
38 47
47 48
48 49
47 50
38 51
51 52
51 53
38 54
54 55
54 56
38 57
57 58
57 59
38 60
38 61
61 62
62 63
63 64
64 65
65 66
64 67
67 68
63 69
69 70
70 71
69 72
72 73
62 74
74 75
75 76
76 77
77 78
76 79
76 80
80 81
61 82
82 83
83 84
84 85
83 86
86 87
82 88
88 89
89 90
90 91
90 92
92 93
90 94
94 95
95 96
94 97
90 98
98 99
99 100
98 101
90 102
102 103
90 104
104 105
61 106
106 107
107 108
108 109
107 110
110 111
106 112
112 113
113 114
114 115
114 116
116 117
114 118
118 119
119 120
118 121
114 122
122 123
114 124
124 125
125 126
124 127
114 128
128 129
