0 1
1 2
1 3
3 4
3 5
3 6
6 7
6 8
3 9
9 10
9 11
11 12
3 13
13 14
14 15
15 16
16 17
17 18
17 19
19 20
16 21
16 22
22 23
23 24
13 25
25 26
26 27
26 28
28 29
26 30
30 31
26 32
32 33
33 34
26 35
35 36
13 37
37 38
38 39
1 40
40 41
40 42
40 43
43 44
43 45
40 46
46 47
46 48
40 49
49 50
50 51
49 52
40 53
53 54
54 55
54 56
56 57
53 58
40 59
40 60
60 61
61 62
62 63
63 64
64 65
63 66
62 67
67 68
68 69
67 70
61 71
71 72
72 73
73 74
74 75
73 76
73 77
77 78
78 79
78 80
80 81
81 82
80 83
77 84
71 85
60 86
86 87
87 88
88 89
87 90
86 91
91 92
92 93
93 94
94 95
93 96
93 97
91 98
98 99
99 100
99 101
101 102
102 103
101 104
99 105
105 106
99 107
107 108
99 109
109 110
91 111
111 112
112 113
113 114
112 115
112 116
116 117
117 118
118 119
117 120
116 121
60 122
122 123
123 124
124 125
123 126
126 127
122 128
128 129
129 130
130 131
131 132
130 133
130 134
128 135
135 136
136 137
136 138
138 139
136 140
140 141
141 142
140 143
136 144
144 145
136 146
146 147
128 148
148 149
149 150
150 151
149 152
149 153
153 154
154 155
155 156
154 157
153 158
1 159
159 160
159 161
159 162
159 163
163 164
164 165
165 166
163 167
159 168
159 169
169 170
170 171
171 172
172 173
173 174
172 175
172 176
176 177
177 178
169 179
179 180
180 181
181 182
182 183
181 184
181 185
185 186
186 187
185 188
188 189
189 190
188 191
169 192
192 193
193 194
194 195
194 196
194 197
197 198
198 199
197 200
169 201
201 202
202 203
203 204
204 205
204 206
206 207
203 208
203 209
209 210
210 211
209 212
209 213
213 214
169 215
215 216
216 217
217 218
218 219
217 220
216 221
216 222
222 223
