0 1
1 2
1 3
3 4
3 5
3 6
6 7
6 8
3 9
9 10
9 11
11 12
3 13
13 14
14 15
15 16
16 17
17 18
17 19
19 20
16 21
16 22
22 23
23 24
13 25
25 26
26 27
26 28
26 29
26 30
26 31
31 32
26 33
33 34
13 35
35 36
36 37
1 38
38 39
38 40
38 41
38 42
42 43
42 44
38 45
45 46
45 47
38 48
48 49
49 50
48 51
38 52
52 53
52 54
38 55
55 56
56 57
56 58
58 59
55 60
38 61
38 62
62 63
63 64
64 65
65 66
66 67
65 68
68 69
64 70
70 71
71 72
72 73
71 74
74 75
70 76
76 77
77 78
76 79
63 80
80 81
81 82
82 83
83 84
82 85
82 86
86 87
80 88
62 89
89 90
90 91
91 92
90 93
93 94
89 95
95 96
96 97
97 98
97 99
99 100
100 101
99 102
97 103
103 104
97 105
105 106
106 107
105 108
97 109
109 110
97 111
111 112
62 113
113 114
114 115
115 116
114 117
117 118
113 119
119 120
120 121
121 122
121 123
123 124
121 125
125 126
126 127
125 128
121 129
129 130
130 131
129 132
121 133
133 134
121 135
135 136
