0 1
1 2
1 3
3 4
3 5
3 6
6 7
7 8
7 9
9 10
6 11
3 12
12 13
12 14
3 15
15 16
15 17
3 18
18 19
19 20
18 21
3 22
22 23
22 24
3 25
3 26
26 27
27 28
28 29
29 30
30 31
29 32
28 33
33 34
34 35
33 36
27 37
37 38
38 39
39 40
40 41
39 42
39 43
43 44
37 45
26 46
46 47
47 48
48 49
47 50
50 51
46 52
52 53
53 54
53 55
55 56
53 57
57 58
58 59
57 60
53 61
61 62
53 63
63 64
64 65
63 66
53 67
67 68
26 69
69 70
70 71
71 72
70 73
73 74
69 75
75 76
76 77
76 78
78 79
76 80
80 81
76 82
82 83
83 84
82 85
76 86
86 87
87 88
86 89
76 90
90 91
1 92
92 93
92 94
92 95
95 96
95 97
92 98
98 99
98 100
100 101
92 102
102 103
103 104
104 105
105 106
106 107
106 108
108 109
105 110
105 111
111 112
112 113
102 114
114 115
115 116
115 117
117 118
115 119
115 120
115 121
115 122
122 123
102 124
124 125
125 126
