0 1
1 2
1 3
3 4
3 5
3 6
6 7
6 8
3 9
9 10
9 11
3 12
12 13
12 14
14 15
14 16
16 17
3 18
18 19
19 20
20 21
21 22
22 23
22 24
24 25
24 26
26 27
21 28
21 29
29 30
30 31
18 32
32 33
33 34
34 35
35 36
34 37
34 38
38 39
38 40
40 41
41 42
18 43
43 44
44 45
45 46
45 47
45 48
43 49
49 50
50 51
49 52
52 53
53 54
52 55
43 56
56 57
57 58
43 59
59 60
60 61
61 62
62 63
61 64
64 65
60 66
66 67
67 68
66 69
18 70
70 71
71 72
71 73
71 74
74 75
71 76
76 77
77 78
71 79
79 80
71 81
81 82
18 83
83 84
84 85
1 86
86 87
86 88
86 89
86 90
90 91
90 92
86 93
93 94
94 95
93 96
86 97
97 98
98 99
98 100
100 101
97 102
86 103
103 104
104 105
104 106
106 107
106 108
108 109
103 110
86 111
111 112
111 113
86 114
86 115
115 116
116 117
117 118
118 119
117 120
120 121
121 122
120 123
116 124
124 125
125 126
126 127
127 128
128 129
127 130
126 131
131 132
125 133
133 134
134 135
135 136
134 137
134 138
138 139
139 140
138 141
141 142
124 143
115 144
144 145
145 146
146 147
145 148
145 149
149 150
150 151
149 152
152 153
115 154
154 155
155 156
155 157
157 158
158 159
157 160
155 161
161 162
155 163
163 164
155 165
165 166
155 167
167 168
115 169
169 170
170 171
171 172
170 173
170 174
174 175
175 176
176 177
175 178
174 179
115 180
180 181
181 182
181 183
183 184
184 185
183 186
181 187
187 188
181 189
189 190
181 191
191 192
181 193
193 194
