0 1
1 2
1 3
3 4
4 5
5 6
5 7
7 8
7 9
9 10
4 11
4 12
12 13
13 14
1 15
15 16
15 17
15 18
18 19
18 20
15 21
21 22
21 23
15 24
24 25
24 26
26 27
26 28
28 29
15 30
30 31
31 32
32 33
32 34
34 35
32 36
36 37
32 38
32 39
39 40
40 41
32 42
30 43
43 44
44 45
1 46
46 47
46 48
46 49
49 50
49 51
46 52
52 53
52 54
46 55
55 56
55 57
46 58
58 59
59 60
59 61
61 62
58 63
46 64
64 65
64 66
46 67
46 68
68 69
69 70
70 71
71 72
70 73
73 74
69 75
75 76
76 77
77 78
76 79
76 80
80 81
81 82
80 83
83 84
69 85
85 86
86 87
87 88
88 89
88 90
88 91
91 92
86 93
93 94
94 95
93 96
96 97
86 98
98 99
99 100
86 101
101 102
102 103
103 104
104 105
103 106
103 107
107 108
101 109
109 110
110 111
110 112
112 113
110 114
114 115
110 116
116 117
117 118
116 119
110 120
120 121
110 122
122 123
123 124
122 125
101 126
126 127
127 128
128 129
127 130
127 131
131 132
