0 1
1 2
1 3
3 4
3 5
3 6
6 7
6 8
3 9
9 10
9 11
3 12
12 13
12 14
14 15
14 16
16 17
3 18
18 19
19 20
20 21
21 22
22 23
22 24
24 25
24 26
26 27
21 28
21 29
29 30
30 31
18 32
32 33
33 34
34 35
34 36
34 37
18 38
38 39
39 40
39 41
41 42
39 43
43 44
44 45
39 46
46 47
39 48
48 49
39 50
50 51
18 52
52 53
53 54
1 55
55 56
55 57
55 58
58 59
58 60
55 61
61 62
62 63
61 64
55 65
65 66
66 67
66 68
68 69
68 70
70 71
65 72
55 73
73 74
73 75
55 76
76 77
76 78
55 79
55 80
80 81
81 82
82 83
83 84
82 85
81 86
86 87
87 88
88 89
89 90
88 91
88 92
92 93
93 94
92 95
95 96
86 97
80 98
98 99
99 100
100 101
100 102
100 103
103 104
98 105
105 106
106 107
105 108
108 109
98 110
110 111
111 112
98 113
113 114
114 115
115 116
116 117
115 118
115 119
119 120
113 121
121 122
122 123
122 124
124 125
125 126
124 127
122 128
128 129
122 130
130 131
122 132
132 133
122 134
134 135
135 136
134 137
113 138
138 139
139 140
140 141
139 142
139 143
143 144
144 145
145 146
144 147
143 148
