0 1
1 2
1 3
3 4
3 5
3 6
6 7
6 8
3 9
9 10
9 11
3 12
12 13
12 14
14 15
14 16
16 17
3 18
18 19
19 20
20 21
21 22
22 23
22 24
24 25
24 26
26 27
21 28
21 29
29 30
30 31
18 32
32 33
33 34
33 35
35 36
33 37
37 38
38 39
33 40
40 41
33 42
42 43
33 44
18 45
45 46
46 47
1 48
48 49
48 50
48 51
51 52
52 53
52 54
54 55
54 56
56 57
51 58
48 59
59 60
60 61
60 62
62 63
59 64
48 65
65 66
65 67
48 68
68 69
68 70
48 71
71 72
71 73
48 74
48 75
75 76
76 77
77 78
78 79
77 80
76 81
81 82
82 83
83 84
84 85
83 86
83 87
87 88
88 89
87 90
90 91
81 92
75 93
93 94
94 95
95 96
95 97
95 98
98 99
93 100
100 101
101 102
100 103
103 104
93 105
105 106
106 107
93 108
108 109
109 110
110 111
111 112
110 113
110 114
114 115
108 116
116 117
117 118
117 119
119 120
117 121
121 122
117 123
123 124
117 125
125 126
126 127
125 128
117 129
129 130
130 131
129 132
108 133
133 134
134 135
135 136
134 137
134 138
138 139
139 140
140 141
139 142
138 143
