0 1
1 2
1 3
3 4
3 5
5 6
5 7
3 8
8 9
8 10
3 11
11 12
11 13
3 14
14 15
15 16
15 17
17 18
14 19
3 20
20 21
20 22
3 23
23 24
24 25
24 26
26 27
26 28
28 29
23 30
3 31
3 32
32 33
33 34
34 35
35 36
34 37
37 38
33 39
39 40
40 41
41 42
42 43
41 44
41 45
45 46
46 47
45 48
48 49
39 50
32 51
51 52
52 53
53 54
54 55
53 56
56 57
57 58
56 59
52 60
60 61
61 62
62 63
63 64
62 65
65 66
61 67
67 68
60 69
69 70
70 71
69 72
51 73
73 74
32 75
75 76
76 77
77 78
76 79
76 80
80 81
32 82
82 83
83 84
83 85
85 86
83 87
87 88
83 89
89 90
90 91
89 92
83 93
93 94
83 95
95 96
96 97
95 98
83 99
99 100
32 101
101 102
102 103
103 104
102 105
102 106
106 107
32 108
108 109
109 110
109 111
111 112
109 113
113 114
109 115
115 116
116 117
115 118
109 119
119 120
109 121
121 122
109 123
123 124
1 125
125 126
125 127
125 128
128 129
128 130
125 131
131 132
131 133
125 134
134 135
134 136
136 137
136 138
138 139
125 140
140 141
141 142
142 143
143 144
144 145
144 146
146 147
146 148
148 149
143 150
143 151
151 152
152 153
140 154
154 155
155 156
155 157
157 158
155 159
159 160
155 161
155 162
162 163
163 164
155 165
155 166
166 167
140 168
168 169
169 170
