0 1
1 2
1 3
3 4
3 5
3 6
6 7
7 8
6 9
3 10
10 11
11 12
10 13
3 14
3 15
15 16
16 17
17 18
18 19
18 20
18 21
17 22
22 23
22 24
22 25
17 26
26 27
26 28
26 29
15 30
30 31
31 32
32 33
32 34
32 35
35 36
36 37
35 38
15 39
39 40
40 41
41 42
40 43
43 44
39 45
45 46
46 47
47 48
48 49
47 50
50 51
51 52
52 53
51 54
54 55
55 56
54 57
57 58
50 59
59 60
60 61
59 62
62 63
63 64
62 65
65 66
45 67
67 68
68 69
69 70
70 71
69 72
68 73
68 74
74 75
75 76
76 77
77 78
78 79
77 80
76 81
81 82
75 83
74 84
84 85
45 86
86 87
87 88
88 89
89 90
88 91
87 92
92 93
93 94
92 95
95 96
96 97
97 98
98 99
97 100
95 101
101 102
86 103
103 104
104 105
105 106
106 107
107 108
106 109
105 110
110 111
105 112
112 113
45 114
114 115
115 116
116 117
115 118
114 119
119 120
120 121
121 122
122 123
121 124
119 125
125 126
126 127
127 128
126 129
129 130
130 131
129 132
119 133
133 134
134 135
135 136
134 137
137 138
114 139
139 140
140 141
141 142
142 143
15 144
144 145
145 146
