0 1
1 2
1 3
3 4
3 5
3 6
6 7
7 8
6 9
3 10
10 11
11 12
10 13
3 14
3 15
15 16
16 17
17 18
18 19
19 20
20 21
19 22
18 23
17 24
24 25
25 26
26 27
25 28
24 29
29 30
30 31
29 32
16 33
33 34
34 35
35 36
15 37
37 38
38 39
39 40
40 41
41 42
40 43
39 44
38 45
45 46
46 47
47 48
46 49
45 50
50 51
51 52
50 53
37 54
54 55
55 56
15 57
57 58
58 59
59 60
59 61
59 62
57 63
63 64
64 65
63 66
66 67
67 68
66 69
57 70
70 71
71 72
57 73
73 74
74 75
75 76
76 77
77 78
76 79
79 80
75 81
81 82
82 83
81 84
84 85
74 86
86 87
87 88
88 89
88 90
90 91
88 92
92 93
88 94
94 95
87 96
96 97
97 98
98 99
15 100
100 101
101 102
1 103
103 104
103 105
103 106
103 107
107 108
108 109
107 110
103 111
111 112
112 113
111 114
103 115
115 116
115 117
103 118
103 119
119 120
120 121
121 122
122 123
122 124
122 125
119 126
126 127
127 128
128 129
128 130
128 131
119 132
132 133
133 134
134 135
134 136
134 137
137 138
132 139
139 140
140 141
139 142
142 143
143 144
142 145
132 146
146 147
147 148
132 149
149 150
150 151
151 152
152 153
151 154
154 155
155 156
154 157
157 158
149 159
159 160
160 161
161 162
160 163
163 164
164 165
165 166
164 167
167 168
163 169
169 170
170 171
169 172
172 173
149 174
174 175
175 176
176 177
175 178
174 179
179 180
180 181
119 182
182 183
183 184
184 185
184 186
184 187
182 188
188 189
189 190
188 191
191 192
182 193
193 194
194 195
182 196
196 197
197 198
198 199
199 200
198 201
201 202
202 203
201 204
204 205
196 206
206 207
207 208
208 209
207 210
210 211
211 212
212 213
211 214
214 215
210 216
216 217
217 218
216 219
219 220
196 221
221 222
222 223
223 224
222 225
221 226
226 227
227 228
119 229
229 230
