0 1
1 2
1 3
3 4
3 5
3 6
6 7
7 8
6 9
3 10
10 11
10 12
3 13
13 14
3 15
15 16
16 17
17 18
18 19
19 20
18 21
18 22
22 23
15 24
24 25
25 26
26 27
27 28
26 29
26 30
30 31
15 32
32 33
33 34
34 35
34 36
34 37
15 38
38 39
39 40
40 41
39 42
38 43
43 44
44 45
45 46
46 47
43 48
48 49
49 50
50 51
49 52
52 53
53 54
52 55
15 56
56 57
57 58
58 59
57 60
60 61
15 62
62 63
63 64
64 65
63 66
62 67
67 68
68 69
69 70
70 71
69 72
15 73
73 74
74 75
75 76
74 77
73 78
78 79
79 80
80 81
81 82
80 83
83 84
79 85
85 86
86 87
87 88
88 89
88 90
88 91
86 92
92 93
93 94
92 95
95 96
96 97
95 98
98 99
86 100
100 101
101 102
86 103
103 104
104 105
105 106
106 107
105 108
108 109
109 110
108 111
78 112
112 113
113 114
114 115
113 116
116 117
112 118
118 119
119 120
120 121
121 122
120 123
123 124
124 125
123 126
15 127
127 128
128 129
129 130
130 131
129 132
128 133
127 134
134 135
135 136
136 137
137 138
138 139
137 140
136 141
141 142
142 143
143 144
142 145
141 146
15 147
147 148
148 149
