0 1
1 2
1 3
1 4
4 5
4 6
4 7
4 8
8 9
9 10
9 11
11 12
8 13
4 14
14 15
14 16
4 17
4 18
18 19
19 20
20 21
21 22
20 23
19 24
24 25
18 26
26 27
27 28
28 29
29 30
29 31
31 32
31 33
33 34
29 35
35 36
35 37
37 38
28 39
28 40
40 41
41 42
18 43
43 44
44 45
45 46
46 47
46 48
48 49
45 50
45 51
51 52
51 53
53 54
51 55
55 56
51 57
57 58
18 59
59 60
60 61
61 62
62 63
62 64
64 65
64 66
66 67
62 68
68 69
61 70
61 71
71 72
72 73
18 74
74 75
75 76
76 77
77 78
77 79
79 80
79 81
81 82
76 83
76 84
84 85
85 86
18 87
87 88
88 89
89 90
88 91
88 92
92 93
18 94
94 95
95 96
96 97
95 98
95 99
99 100
95 101
18 102
102 103
103 104
104 105
104 106
104 107
18 108
108 109
109 110
110 111
111 112
110 113
108 114
114 115
115 116
116 117
117 118
117 119
117 120
120 121
121 122
120 123
114 124
124 125
125 126
126 127
126 128
126 129
124 130
130 131
131 132
130 133
133 134
124 135
135 136
136 137
124 138
138 139
139 140
140 141
141 142
142 143
142 144
144 145
141 146
141 147
147 148
148 149
147 150
138 151
151 152
152 153
153 154
154 155
155 156
154 157
153 158
152 159
159 160
160 161
161 162
160 163
160 164
164 165
165 166
164 167
151 168
168 169
169 170
170 171
171 172
170 173
170 174
174 175
175 176
174 177
168 178
178 179
179 180
180 181
179 182
179 183
183 184
184 185
183 186
179 187
138 188
188 189
189 190
190 191
191 192
192 193
191 194
190 195
189 196
196 197
197 198
198 199
197 200
197 201
201 202
202 203
201 204
188 205
205 206
206 207
207 208
208 209
207 210
207 211
211 212
212 213
211 214
205 215
215 216
216 217
217 218
216 219
216 220
220 221
221 222
220 223
216 224
138 225
225 226
226 227
227 228
228 229
227 230
227 231
231 232
226 233
233 234
234 235
235 236
234 237
234 238
238 239
239 240
238 241
238 242
242 243
225 244
244 245
245 246
246 247
247 248
246 249
246 250
250 251
251 252
250 253
250 254
254 255
244 256
256 257
257 258
258 259
257 260
257 261
261 262
262 263
261 264
261 265
265 266
257 267
114 268
268 269
269 270
270 271
18 272
272 273
273 274
274 275
273 276
1 277
277 278
277 279
277 280
280 281
281 282
281 283
283 284
280 285
277 286
286 287
287 288
287 289
289 290
289 291
291 292
287 293
293 294
293 295
295 296
286 297
277 298
298 299
298 300
277 301
301 302
301 303
303 304
277 305
305 306
306 307
307 308
308 309
309 310
309 311
311 312
311 313
313 314
308 315
308 316
316 317
317 318
305 319
319 320
320 321
321 322
320 323
320 324
324 325
305 326
326 327
327 328
328 329
329 330
329 331
331 332
328 333
328 334
334 335
335 336
335 337
337 338
334 339
339 340
305 341
341 342
342 343
343 344
344 345
343 346
341 347
347 348
348 349
349 350
350 351
351 352
351 353
353 354
350 355
350 356
356 357
357 358
356 359
347 360
360 361
361 362
362 363
363 364
362 365
361 366
366 367
360 368
368 369
369 370
370 371
369 372
372 373
347 374
374 375
375 376
376 377
377 378
376 379
375 380
374 381
381 382
382 383
383 384
384 385
383 386
383 387
387 388
388 389
387 390
381 391
391 392
392 393
393 394
392 395
392 396
396 397
397 398
396 399
392 400
400 401
347 402
402 403
403 404
404 405
405 406
404 407
403 408
402 409
409 410
410 411
411 412
412 413
411 414
411 415
415 416
416 417
415 418
409 419
419 420
420 421
421 422
420 423
420 424
424 425
425 426
424 427
420 428
428 429
305 430
430 431
431 432
