0 1
1 2
1 3
3 4
3 5
3 6
6 7
7 8
6 9
3 10
10 11
10 12
3 13
13 14
3 15
15 16
16 17
17 18
18 19
19 20
18 21
18 22
22 23
15 24
24 25
25 26
26 27
27 28
26 29
26 30
30 31
15 32
32 33
33 34
34 35
35 36
33 37
32 38
38 39
39 40
40 41
41 42
40 43
43 44
44 45
43 46
15 47
47 48
48 49
49 50
48 51
47 52
52 53
53 54
54 55
55 56
54 57
15 58
58 59
59 60
60 61
61 62
60 63
59 64
58 65
65 66
66 67
67 68
68 69
67 70
70 71
71 72
70 73
65 74
74 75
75 76
76 77
75 78
78 79
79 80
78 81
15 82
82 83
83 84
84 85
85 86
84 87
83 88
88 89
89 90
90 91
89 92
88 93
15 94
94 95
95 96
