0 1
1 2
1 3
3 4
3 5
5 6
6 7
5 8
3 9
9 10
3 11
11 12
12 13
13 14
14 15
15 16
14 17
14 18
18 19
19 20
18 21
11 22
22 23
23 24
24 25
25 26
24 27
23 28
22 29
29 30
30 31
31 32
30 33
33 34
34 35
33 36
11 37
37 38
38 39
1 40
40 41
40 42
42 43
43 44
42 45
40 46
46 47
47 48
46 49
40 50
50 51
40 52
52 53
53 54
54 55
55 56
56 57
57 58
56 59
55 60
60 61
54 62
62 63
63 64
64 65
63 66
62 67
67 68
53 69
69 70
70 71
52 72
72 73
73 74
74 75
75 76
74 77
74 78
78 79
79 80
78 81
52 82
82 83
83 84
84 85
85 86
84 87
83 88
88 89
82 90
90 91
91 92
92 93
91 94
94 95
95 96
94 97
52 98
98 99
99 100
1 101
101 102
101 103
101 104
104 105
105 106
104 107
101 108
108 109
108 110
101 111
111 112
101 113
113 114
114 115
115 116
116 117
115 118
114 119
119 120
120 121
113 122
122 123
123 124
124 125
125 126
124 127
123 128
128 129
122 130
130 131
131 132
132 133
133 134
132 135
131 136
136 137
136 138
138 139
139 140
138 141
136 142
142 143
113 144
144 145
145 146
146 147
147 148
146 149
145 150
150 151
144 152
152 153
153 154
154 155
155 156
154 157
153 158
158 159
158 160
160 161
161 162
160 163
158 164
164 165
113 166
166 167
167 168
168 169
169 170
168 171
167 172
172 173
166 174
174 175
175 176
176 177
177 178
178 179
179 180
178 181
177 182
176 183
183 184
184 185
185 186
184 187
183 188
175 189
189 190
175 191
191 192
192 193
193 194
194 195
195 196
194 197
193 198
192 199
199 200
200 201
201 202
200 203
199 204
191 205
205 206
206 207
207 208
208 209
209 210
208 211
207 212
206 213
213 214
214 215
215 216
214 217
206 218
218 219
219 220
220 221
219 222
191 223
223 224
224 225
225 226
226 227
227 228
226 229
225 230
224 231
231 232
232 233
233 234
232 235
231 236
223 237
237 238
238 239
239 240
240 241
241 242
240 243
240 244
244 245
244 246
246 247
237 248
248 249
249 250
250 251
251 252
250 253
250 254
254 255
254 256
256 257
254 258
258 259
237 260
260 261
261 262
262 263
261 264
264 265
260 266
266 267
267 268
268 269
269 270
270 271
269 272
268 273
273 274
274 275
273 276
266 277
277 278
278 279
237 280
280 281
281 282
282 283
283 284
282 285
281 286
286 287
287 288
286 289
237 290
290 291
291 292
292 293
293 294
292 295
291 296
296 297
297 298
296 299
237 300
300 301
301 302
302 303
303 304
302 305
301 306
306 307
307 308
306 309
237 310
310 311
311 312
113 313
313 314
314 315
