0 1
1 2
1 3
3 4
3 5
3 6
6 7
7 8
6 9
3 10
10 11
10 12
3 13
13 14
3 15
15 16
16 17
17 18
18 19
17 20
16 21
21 22
22 23
15 24
24 25
25 26
26 27
27 28
26 29
25 30
30 31
24 32
32 33
33 34
34 35
35 36
36 37
35 38
34 39
33 40
40 41
41 42
42 43
43 44
42 45
32 46
46 47
47 48
48 49
49 50
48 51
47 52
52 53
52 54
54 55
55 56
54 57
52 58
58 59
15 60
60 61
61 62
62 63
63 64
62 65
61 66
66 67
60 68
68 69
69 70
70 71
71 72
72 73
71 74
70 75
75 76
75 77
77 78
78 79
77 80
75 81
81 82
60 83
83 84
84 85
85 86
86 87
87 88
86 89
85 90
90 91
90 92
92 93
93 94
92 95
90 96
96 97
15 98
98 99
99 100
1 101
101 102
101 103
101 104
104 105
105 106
104 107
101 108
108 109
109 110
108 111
101 112
112 113
101 114
114 115
115 116
116 117
117 118
118 119
117 120
116 121
121 122
122 123
121 124
114 125
125 126
126 127
127 128
128 129
127 130
126 131
125 132
132 133
133 134
134 135
135 136
134 137
114 138
138 139
139 140
140 141
141 142
140 143
139 144
144 145
144 146
146 147
147 148
146 149
144 150
150 151
114 152
152 153
153 154
