0 1
1 2
1 3
3 4
3 5
3 6
6 7
7 8
6 9
3 10
10 11
10 12
3 13
13 14
3 15
15 16
16 17
17 18
18 19
17 20
16 21
21 22
22 23
15 24
24 25
25 26
26 27
27 28
26 29
25 30
30 31
24 32
32 33
33 34
34 35
35 36
36 37
37 38
36 39
35 40
34 41
41 42
42 43
43 44
42 45
41 46
33 47
47 48
48 49
33 50
50 51
51 52
52 53
53 54
54 55
53 56
52 57
51 58
58 59
59 60
60 61
59 62
58 63
50 64
64 65
65 66
66 67
67 68
68 69
67 70
66 71
65 72
72 73
73 74
74 75
75 76
74 77
65 78
78 79
79 80
80 81
81 82
80 83
50 84
84 85
85 86
86 87
87 88
87 89
87 90
90 91
90 92
92 93
93 94
92 95
84 96
96 97
97 98
98 99
99 100
98 101
97 102
102 103
84 104
104 105
105 106
106 107
107 108
106 109
105 110
110 111
110 112
112 113
113 114
112 115
110 116
116 117
84 118
118 119
119 120
24 121
121 122
122 123
123 124
124 125
123 126
122 127
127 128
121 129
129 130
130 131
131 132
132 133
133 134
132 135
131 136
136 137
136 138
138 139
139 140
138 141
136 142
142 143
121 144
144 145
145 146
146 147
147 148
146 149
145 150
150 151
144 152
152 153
153 154
154 155
155 156
156 157
155 158
154 159
159 160
159 161
161 162
162 163
161 164
159 165
165 166
15 167
167 168
168 169
1 170
170 171
170 172
170 173
173 174
174 175
173 176
170 177
170 178
178 179
179 180
180 181
181 182
182 183
181 184
180 185
179 186
186 187
187 188
188 189
188 190
190 191
191 192
190 193
178 194
194 195
195 196
196 197
195 198
