0 1
1 2
1 3
3 4
3 5
3 6
6 7
7 8
6 9
3 10
10 11
10 12
3 13
13 14
3 15
15 16
16 17
17 18
18 19
17 20
16 21
21 22
22 23
15 24
24 25
25 26
26 27
27 28
26 29
25 30
30 31
24 32
32 33
33 34
33 35
35 36
15 37
37 38
38 39
39 40
40 41
39 42
39 43
43 44
15 45
45 46
46 47
47 48
46 49
45 50
50 51
51 52
52 53
53 54
54 55
53 56
52 57
57 58
51 59
59 60
60 61
61 62
62 63
63 64
64 65
63 66
62 67
61 68
68 69
69 70
70 71
71 72
70 73
69 74
68 75
75 76
60 77
77 78
78 79
79 80
80 81
81 82
80 83
79 84
84 85
84 86
86 87
87 88
86 89
77 90
59 91
91 92
92 93
93 94
92 95
95 96
96 97
95 98
51 99
99 100
100 101
101 102
102 103
103 104
104 105
103 106
102 107
101 108
108 109
109 110
110 111
111 112
110 113
109 114
108 115
115 116
100 117
117 118
118 119
119 120
120 121
121 122
120 123
119 124
124 125
124 126
126 127
127 128
126 129
117 130
99 131
131 132
132 133
133 134
132 135
135 136
136 137
135 138
15 139
139 140
140 141
1 142
142 143
142 144
142 145
145 146
146 147
145 148
142 149
149 150
142 151
151 152
152 153
153 154
154 155
155 156
154 157
153 158
152 159
159 160
160 161
161 162
162 163
161 164
152 165
165 166
166 167
167 168
168 169
167 170
166 171
165 172
172 173
173 174
174 175
173 176
165 177
177 178
178 179
179 180
180 181
181 182
180 183
180 184
184 185
185 186
184 187
177 188
188 189
189 190
190 191
191 192
190 193
190 194
194 195
194 196
196 197
197 198
196 199
177 200
200 201
201 202
202 203
203 204
202 205
201 206
206 207
177 208
208 209
209 210
210 211
209 212
1 213
213 214
213 215
213 216
216 217
217 218
216 219
213 220
220 221
213 222
222 223
223 224
224 225
225 226
226 227
225 228
224 229
223 230
230 231
231 232
222 233
233 234
234 235
234 236
236 237
237 238
236 239
