0 1
1 2
1 3
3 4
3 5
3 6
6 7
7 8
6 9
3 10
10 11
10 12
3 13
13 14
3 15
15 16
16 17
17 18
18 19
17 20
16 21
21 22
22 23
15 24
24 25
25 26
26 27
25 28
28 29
29 30
28 31
24 32
32 33
33 34
34 35
35 36
34 37
33 38
38 39
38 40
40 41
41 42
40 43
38 44
44 45
24 46
46 47
47 48
48 49
47 50
50 51
51 52
50 53
46 54
54 55
55 56
56 57
57 58
56 59
55 60
60 61
60 62
62 63
63 64
62 65
60 66
66 67
46 68
68 69
69 70
70 71
71 72
72 73
71 74
70 75
69 76
76 77
77 78
78 79
77 80
69 81
81 82
82 83
83 84
84 85
83 86
82 87
81 88
88 89
89 90
90 91
89 92
81 93
93 94
94 95
95 96
96 97
96 98
96 99
99 100
99 101
101 102
102 103
101 104
93 105
105 106
106 107
107 108
108 109
107 110
106 111
111 112
93 113
113 114
114 115
115 116
116 117
115 118
114 119
119 120
119 121
121 122
122 123
121 124
119 125
125 126
126 127
125 128
15 129
129 130
130 131
1 132
132 133
132 134
132 135
135 136
136 137
135 138
132 139
132 140
140 141
141 142
142 143
143 144
144 145
143 146
142 147
141 148
148 149
149 150
150 151
149 152
140 153
153 154
154 155
154 156
156 157
157 158
156 159
