0 1
1 2
1 3
3 4
3 5
3 6
6 7
7 8
6 9
3 10
10 11
10 12
3 13
13 14
3 15
15 16
16 17
17 18
18 19
17 20
16 21
21 22
15 23
23 24
24 25
25 26
26 27
25 28
24 29
29 30
23 31
31 32
32 33
33 34
34 35
33 36
32 37
37 38
37 39
39 40
40 41
39 42
37 43
43 44
23 45
45 46
46 47
47 48
48 49
47 50
46 51
51 52
45 53
53 54
54 55
55 56
56 57
55 58
54 59
59 60
59 61
61 62
62 63
61 64
59 65
65 66
45 67
67 68
68 69
69 70
70 71
71 72
70 73
69 74
68 75
75 76
76 77
77 78
76 79
68 80
80 81
81 82
82 83
83 84
82 85
81 86
80 87
87 88
88 89
89 90
88 91
80 92
92 93
93 94
94 95
95 96
96 97
95 98
95 99
99 100
100 101
99 102
92 103
103 104
104 105
105 106
106 107
105 108
104 109
109 110
110 111
111 112
110 113
109 114
103 115
115 116
116 117
117 118
118 119
117 120
120 121
121 122
120 123
92 124
124 125
125 126
126 127
127 128
126 129
125 130
130 131
131 132
130 133
92 134
134 135
135 136
136 137
137 138
136 139
135 140
140 141
140 142
142 143
143 144
142 145
140 146
146 147
147 148
146 149
15 150
150 151
151 152
