0 1
1 2
1 3
3 4
3 5
3 6
6 7
7 8
6 9
3 10
10 11
11 12
10 13
3 14
14 15
3 16
16 17
17 18
18 19
19 20
19 21
19 22
16 23
23 24
24 25
25 26
26 27
25 28
25 29
29 30
30 31
16 32
32 33
33 34
34 35
35 36
34 37
34 38
38 39
16 40
40 41
41 42
42 43
43 44
44 45
43 46
42 47
47 48
48 49
47 50
41 51
51 52
52 53
51 54
40 55
55 56
56 57
57 58
58 59
58 60
55 61
61 62
62 63
63 64
63 65
55 66
66 67
67 68
68 69
67 70
66 71
71 72
72 73
73 74
74 75
73 76
66 77
77 78
78 79
79 80
80 81
79 82
82 83
83 84
82 85
55 86
86 87
87 88
88 89
87 90
86 91
91 92
92 93
93 94
94 95
93 96
86 97
97 98
98 99
99 100
100 101
99 102
102 103
103 104
102 105
55 106
106 107
107 108
108 109
108 110
108 111
111 112
112 113
113 114
112 115
115 116
111 117
117 118
55 119
119 120
120 121
121 122
120 123
119 124
124 125
125 126
126 127
127 128
126 129
124 130
130 131
131 132
132 133
131 134
134 135
135 136
134 137
119 138
138 139
139 140
140 141
141 142
140 143
55 144
144 145
145 146
146 147
147 148
146 149
145 150
150 151
55 152
152 153
153 154
154 155
155 156
154 157
153 158
158 159
159 160
160 161
159 162
158 163
152 164
164 165
165 166
166 167
167 168
166 169
169 170
170 171
169 172
152 173
173 174
174 175
175 176
176 177
175 178
55 179
179 180
180 181
181 182
182 183
181 184
180 185
185 186
186 187
187 188
186 189
185 190
179 191
191 192
192 193
193 194
194 195
193 196
196 197
197 198
196 199
179 200
200 201
201 202
202 203
203 204
202 205
55 206
206 207
207 208
208 209
209 210
210 211
209 212
208 213
213 214
214 215
213 216
207 217
217 218
218 219
217 220
206 221
221 222
222 223
223 224
224 225
225 226
224 227
223 228
228 229
229 230
221 231
231 232
232 233
233 234
232 235
235 236
236 237
235 238
16 239
239 240
240 241
