0 1
1 2
1 3
3 4
3 5
3 6
6 7
7 8
6 9
3 10
10 11
11 12
10 13
3 14
14 15
3 16
16 17
17 18
18 19
19 20
20 21
19 22
18 23
23 24
24 25
23 26
17 27
27 28
16 29
29 30
30 31
31 32
30 33
29 34
34 35
35 36
16 37
37 38
38 39
39 40
38 41
37 42
42 43
43 44
16 45
45 46
46 47
47 48
48 49
47 50
47 51
51 52
52 53
51 54
16 55
55 56
56 57
57 58
58 59
57 60
57 61
61 62
16 63
63 64
64 65
65 66
65 67
65 68
16 69
69 70
70 71
71 72
72 73
71 74
70 75
75 76
76 77
75 78
69 79
79 80
80 81
81 82
82 83
82 84
82 85
85 86
86 87
87 88
88 89
87 90
85 91
91 92
92 93
91 94
85 95
79 96
96 97
97 98
98 99
98 100
98 101
101 102
102 103
103 104
104 105
103 106
101 107
107 108
108 109
107 110
101 111
79 112
112 113
113 114
114 115
114 116
114 117
117 118
118 119
119 120
118 121
121 122
117 123
123 124
79 125
125 126
126 127
127 128
126 129
129 130
130 131
129 132
79 133
133 134
134 135
135 136
136 137
135 138
134 139
139 140
140 141
139 142
142 143
143 144
142 145
79 146
146 147
147 148
148 149
147 150
150 151
151 152
150 153
79 154
154 155
155 156
156 157
155 158
154 159
159 160
160 161
161 162
160 163
163 164
164 165
163 166
79 167
167 168
168 169
169 170
168 171
167 172
172 173
173 174
174 175
173 176
176 177
177 178
176 179
16 180
180 181
181 182
182 183
181 184
180 185
185 186
186 187
187 188
188 189
189 190
188 191
187 192
192 193
193 194
192 195
195 196
16 197
197 198
198 199
199 200
198 201
