0 1
1 2
1 3
3 4
3 5
3 6
6 7
7 8
6 9
3 10
10 11
11 12
10 13
3 14
14 15
3 16
16 17
17 18
18 19
19 20
19 21
19 22
18 23
23 24
23 25
16 26
26 27
27 28
28 29
29 30
28 31
28 32
32 33
33 34
32 35
16 36
36 37
37 38
38 39
39 40
38 41
38 42
42 43
37 44
44 45
45 46
44 47
44 48
48 49
37 50
50 51
51 52
50 53
50 54
54 55
16 56
56 57
57 58
58 59
59 60
60 61
59 62
58 63
63 64
64 65
63 66
57 67
67 68
68 69
67 70
56 71
71 72
72 73
73 74
74 75
73 76
76 77
71 78
78 79
79 80
80 81
79 82
78 83
83 84
84 85
85 86
86 87
85 88
88 89
89 90
88 91
83 92
92 93
93 94
94 95
93 96
96 97
97 98
96 99
71 100
100 101
101 102
102 103
101 104
100 105
105 106
106 107
107 108
108 109
107 110
110 111
111 112
110 113
105 114
114 115
115 116
116 117
115 118
118 119
119 120
118 121
71 122
122 123
123 124
124 125
123 126
126 127
127 128
126 129
71 130
130 131
131 132
132 133
133 134
132 135
131 136
136 137
137 138
136 139
139 140
140 141
139 142
71 143
143 144
144 145
145 146
144 147
147 148
148 149
147 150
16 151
151 152
152 153
153 154
152 155
