0 1
1 2
1 3
3 4
3 5
3 6
6 7
7 8
6 9
3 10
10 11
11 12
10 13
3 14
14 15
3 16
16 17
17 18
18 19
19 20
20 21
19 22
19 23
23 24
24 25
23 26
16 27
27 28
28 29
29 30
30 31
29 32
29 33
33 34
16 35
35 36
36 37
37 38
37 39
37 40
16 41
41 42
42 43
43 44
44 45
45 46
44 47
43 48
48 49
49 50
48 51
42 52
52 53
53 54
52 55
41 56
56 57
57 58
58 59
59 60
59 61
59 62
62 63
63 64
64 65
63 66
62 67
67 68
68 69
67 70
62 71
56 72
72 73
73 74
74 75
74 76
74 77
77 78
78 79
79 80
78 81
77 82
82 83
83 84
82 85
77 86
56 87
87 88
88 89
89 90
89 91
89 92
92 93
93 94
94 95
93 96
96 97
92 98
98 99
56 100
100 101
101 102
102 103
101 104
100 105
105 106
106 107
107 108
108 109
107 110
110 111
111 112
110 113
105 114
114 115
115 116
116 117
115 118
100 119
119 120
120 121
121 122
122 123
121 124
56 125
125 126
126 127
127 128
128 129
127 130
126 131
131 132
132 133
131 134
134 135
56 136
136 137
137 138
138 139
137 140
140 141
141 142
140 143
56 144
144 145
145 146
146 147
145 148
148 149
149 150
150 151
149 152
148 153
153 154
154 155
153 156
148 157
56 158
158 159
159 160
160 161
159 162
162 163
163 164
164 165
163 166
162 167
167 168
168 169
167 170
162 171
16 172
172 173
173 174
174 175
173 176
