0 1
1 2
1 3
3 4
3 5
3 6
6 7
7 8
6 9
3 10
10 11
11 12
10 13
3 14
14 15
3 16
16 17
17 18
18 19
19 20
19 21
16 22
22 23
23 24
24 25
24 26
24 27
16 28
28 29
29 30
30 31
31 32
30 33
30 34
34 35
16 36
36 37
37 38
38 39
39 40
40 41
39 42
38 43
37 44
44 45
45 46
46 47
45 48
44 49
36 50
50 51
51 52
52 53
53 54
52 55
55 56
56 57
57 58
56 59
55 60
60 61
61 62
60 63
50 64
64 65
65 66
66 67
67 68
68 69
67 70
66 71
65 72
72 73
73 74
72 75
75 76
50 77
77 78
78 79
79 80
80 81
79 82
78 83
83 84
84 85
83 86
86 87
50 88
88 89
89 90
90 91
89 92
92 93
93 94
92 95
50 96
96 97
97 98
98 99
97 100
100 101
101 102
100 103
16 104
104 105
105 106
106 107
105 108
108 109
109 110
110 111
109 112
108 113
113 114
114 115
113 116
16 117
117 118
118 119
119 120
120 121
121 122
120 123
119 124
118 125
125 126
126 127
127 128
126 129
125 130
117 131
131 132
132 133
133 134
134 135
135 136
134 137
133 138
138 139
139 140
138 141
141 142
131 143
143 144
144 145
145 146
144 147
147 148
143 149
149 150
150 151
151 152
152 153
151 154
150 155
155 156
156 157
155 158
155 159
131 160
160 161
161 162
117 163
163 164
164 165
165 166
166 167
165 168
164 169
163 170
170 171
171 172
172 173
173 174
174 175
173 176
172 177
177 178
178 179
177 180
16 181
181 182
182 183
183 184
184 185
183 186
182 187
187 188
188 189
187 190
190 191
16 192
192 193
193 194
194 195
195 196
196 197
195 198
194 199
193 200
200 201
201 202
200 203
203 204
16 205
205 206
206 207
207 208
206 209
209 210
210 211
209 212
16 213
213 214
214 215
215 216
216 217
217 218
216 219
215 220
220 221
214 222
222 223
223 224
224 225
223 226
222 227
213 228
228 229
229 230
230 231
231 232
232 233
233 234
232 235
231 236
230 237
228 238
238 239
239 240
240 241
241 242
240 243
239 244
244 245
245 246
246 247
245 248
244 249
249 250
228 251
228 252
252 253
253 254
254 255
253 256
256 257
257 258
256 259
16 260
260 261
261 262
262 263
263 264
262 265
261 266
266 267
260 268
268 269
269 270
270 271
271 272
272 273
271 274
270 275
275 276
268 277
277 278
278 279
279 280
280 281
279 282
278 283
283 284
284 285
283 286
283 287
16 288
288 289
289 290
