0 1
1 2
1 3
3 4
3 5
3 6
6 7
7 8
6 9
3 10
10 11
11 12
10 13
3 14
14 15
3 16
16 17
17 18
18 19
19 20
20 21
19 22
19 23
23 24
24 25
16 26
26 27
27 28
28 29
29 30
28 31
28 32
32 33
16 34
34 35
35 36
36 37
36 38
36 39
16 40
40 41
41 42
42 43
42 44
42 45
16 46
46 47
47 48
48 49
49 50
48 51
47 52
52 53
53 54
52 55
46 56
56 57
57 58
58 59
59 60
60 61
59 62
58 63
63 64
64 65
63 66
57 67
67 68
68 69
69 70
68 71
71 72
72 73
73 74
74 75
73 76
72 77
77 78
78 79
77 80
71 81
81 82
57 83
83 84
84 85
85 86
84 87
83 88
88 89
89 90
90 91
89 92
92 93
93 94
94 95
93 96
92 97
97 98
83 99
99 100
100 101
101 102
100 103
99 104
104 105
105 106
106 107
105 108
108 109
109 110
110 111
109 112
108 113
113 114
56 115
115 116
116 117
117 118
116 119
115 120
120 121
121 122
122 123
121 124
124 125
125 126
124 127
56 128
128 129
129 130
130 131
129 132
128 133
133 134
134 135
135 136
134 137
137 138
138 139
137 140
56 141
141 142
142 143
143 144
142 145
141 146
146 147
147 148
148 149
149 150
150 151
149 152
148 153
153 154
154 155
153 156
146 157
157 158
158 159
159 160
158 161
141 162
162 163
163 164
164 165
165 166
166 167
165 168
164 169
169 170
162 171
171 172
172 173
173 174
172 175
56 176
176 177
177 178
178 179
179 180
178 181
177 182
182 183
183 184
182 185
176 186
186 187
187 188
188 189
189 190
190 191
189 192
188 193
193 194
194 195
186 196
196 197
197 198
198 199
197 200
200 201
201 202
200 203
16 204
204 205
205 206
206 207
205 208
204 209
209 210
210 211
211 212
212 213
213 214
212 215
211 216
216 217
217 218
216 219
16 220
220 221
221 222
