0 1
1 2
1 3
3 4
3 5
3 6
6 7
7 8
6 9
3 10
10 11
11 12
10 13
3 14
14 15
3 16
16 17
17 18
18 19
19 20
20 21
19 22
19 23
23 24
16 25
25 26
26 27
27 28
28 29
27 30
27 31
31 32
16 33
33 34
34 35
35 36
35 37
35 38
16 39
39 40
40 41
41 42
42 43
41 44
41 45
45 46
46 47
16 48
48 49
49 50
50 51
51 52
50 53
50 54
54 55
16 56
56 57
57 58
58 59
59 60
60 61
59 62
58 63
63 64
64 65
63 66
57 67
67 68
68 69
67 70
56 71
71 72
72 73
73 74
74 75
75 76
74 77
73 78
78 79
79 80
78 81
72 82
82 83
83 84
84 85
85 86
86 87
85 88
84 89
82 90
90 91
91 92
71 93
93 94
94 95
95 96
94 97
93 98
98 99
99 100
100 101
101 102
101 103
101 104
104 105
105 106
104 107
107 108
108 109
107 110
98 111
111 112
112 113
113 114
112 115
115 116
116 117
115 118
98 119
119 120
120 121
121 122
120 123
123 124
124 125
123 126
98 127
127 128
128 129
129 130
128 131
131 132
132 133
131 134
98 135
135 136
136 137
137 138
138 139
137 140
136 141
141 142
98 143
143 144
144 145
145 146
146 147
147 148
146 149
145 150
150 151
151 152
150 153
144 154
154 155
155 156
154 157
143 158
158 159
159 160
98 161
161 162
162 163
163 164
164 165
163 166
162 167
167 168
168 169
98 170
170 171
171 172
172 173
171 174
174 175
175 176
174 177
98 178
71 179
179 180
180 181
181 182
180 183
179 184
184 185
185 186
186 187
187 188
187 189
187 190
190 191
191 192
190 193
193 194
194 195
193 196
184 197
197 198
198 199
199 200
198 201
201 202
202 203
201 204
184 205
205 206
206 207
207 208
206 209
209 210
210 211
209 212
184 213
213 214
214 215
215 216
214 217
217 218
218 219
217 220
184 221
221 222
222 223
223 224
224 225
223 226
222 227
227 228
184 229
229 230
230 231
231 232
232 233
233 234
232 235
231 236
236 237
237 238
236 239
230 240
240 241
241 242
240 243
229 244
244 245
245 246
184 247
247 248
248 249
249 250
250 251
249 252
248 253
253 254
254 255
184 256
256 257
257 258
258 259
257 260
260 261
261 262
260 263
184 264
71 265
265 266
266 267
267 268
267 269
267 270
270 271
271 272
272 273
271 274
274 275
275 276
274 277
270 278
278 279
279 280
278 281
71 282
282 283
283 284
284 285
283 286
286 287
287 288
286 289
71 290
290 291
291 292
292 293
291 294
71 295
295 296
296 297
297 298
296 299
299 300
300 301
299 302
71 303
303 304
304 305
305 306
304 307
307 308
308 309
307 310
71 311
311 312
312 313
313 314
314 315
313 316
312 317
317 318
71 319
319 320
320 321
321 322
322 323
323 324
322 325
321 326
326 327
327 328
326 329
320 330
330 331
331 332
330 333
319 334
334 335
335 336
71 337
337 338
338 339
339 340
340 341
339 342
338 343
343 344
344 345
71 346
346 347
347 348
348 349
347 350
350 351
351 352
350 353
16 354
354 355
355 356
