0 1
1 2
1 3
3 4
3 5
3 6
3 7
7 8
8 9
7 10
3 11
11 12
12 13
11 14
3 15
3 16
16 17
17 18
18 19
19 20
20 21
19 22
18 23
23 24
24 25
23 26
17 27
27 28
28 29
29 30
28 31
31 32
16 33
33 34
34 35
35 36
36 37
35 38
34 39
39 40
40 41
39 42
33 43
43 44
16 45
45 46
46 47
47 48
47 49
49 50
50 51
49 52
47 53
53 54
54 55
53 56
46 57
57 58
57 59
59 60
60 61
59 62
57 63
63 64
64 65
63 66
1 67
67 68
67 69
67 70
70 71
71 72
70 73
67 74
67 75
75 76
76 77
77 78
78 79
77 80
76 81
81 82
75 83
83 84
84 85
84 86
86 87
87 88
86 89
84 90
90 91
91 92
90 93
