0 1
1 2
1 3
3 4
3 5
3 6
6 7
7 8
6 9
3 10
3 11
11 12
12 13
13 14
14 15
13 16
12 17
17 18
11 19
19 20
20 21
21 22
22 23
22 24
24 25
21 26
21 27
27 28
28 29
11 30
30 31
31 32
32 33
31 34
31 35
35 36
11 37
37 38
38 39
39 40
40 41
39 42
37 43
43 44
44 45
45 46
46 47
46 48
46 49
49 50
50 51
49 52
43 53
53 54
54 55
55 56
56 57
56 58
58 59
55 60
55 61
61 62
62 63
43 64
64 65
65 66
66 67
66 68
66 69
64 70
70 71
71 72
70 73
73 74
64 75
75 76
76 77
64 78
78 79
79 80
80 81
81 82
82 83
81 84
81 85
85 86
86 87
85 88
78 89
89 90
90 91
91 92
90 93
89 94
94 95
95 96
96 97
97 98
96 99
96 100
89 101
101 102
102 103
103 104
104 105
103 106
103 107
107 108
108 109
107 110
101 111
111 112
112 113
113 114
112 115
112 116
116 117
117 118
116 119
101 120
120 121
121 122
122 123
121 124
121 125
125 126
126 127
125 128
43 129
129 130
130 131
131 132
131 133
131 134
130 135
135 136
135 137
135 138
138 139
139 140
140 141
139 142
138 143
129 144
144 145
145 146
144 147
147 148
129 149
149 150
150 151
129 152
152 153
153 154
129 155
155 156
156 157
157 158
158 159
157 160
157 161
161 162
156 163
163 164
164 165
163 166
163 167
167 168
155 169
169 170
11 171
171 172
