0 1
1 2
1 3
3 4
3 5
3 6
6 7
7 8
6 9
3 10
10 11
10 12
3 13
13 14
3 15
15 16
16 17
17 18
18 19
19 20
18 21
18 22
22 23
17 24
24 25
25 26
24 27
24 28
28 29
29 30
15 31
31 32
32 33
33 34
33 35
35 36
32 37
37 38
31 39
39 40
40 41
41 42
40 43
15 44
44 45
45 46
46 47
46 48
46 49
44 50
50 51
51 52
50 53
53 54
54 55
55 56
56 57
56 58
58 59
55 60
60 61
54 62
44 63
63 64
64 65
44 66
66 67
67 68
68 69
69 70
68 71
71 72
72 73
71 74
15 75
75 76
76 77
77 78
76 79
79 80
80 81
79 82
15 83
83 84
84 85
85 86
86 87
85 88
84 89
89 90
90 91
89 92
15 93
93 94
94 95
95 96
96 97
95 98
94 99
15 100
100 101
101 102
1 103
103 104
103 105
103 106
106 107
107 108
106 109
103 110
103 111
111 112
112 113
113 114
114 115
115 116
114 117
114 118
118 119
111 120
120 121
121 122
122 123
122 124
122 125
111 126
126 127
127 128
128 129
129 130
128 131
127 132
126 133
133 134
134 135
135 136
136 137
135 138
138 139
139 140
138 141
133 142
142 143
143 144
144 145
111 146
146 147
147 148
