0 1
1 2
1 3
3 4
3 5
3 6
6 7
7 8
6 9
3 10
10 11
10 12
3 13
13 14
3 15
15 16
16 17
17 18
18 19
19 20
18 21
18 22
22 23
15 24
24 25
25 26
26 27
27 28
26 29
26 30
30 31
15 32
32 33
33 34
34 35
34 36
34 37
15 38
38 39
39 40
40 41
39 42
38 43
43 44
44 45
45 46
46 47
43 48
48 49
49 50
50 51
49 52
52 53
53 54
52 55
15 56
56 57
57 58
58 59
58 60
58 61
61 62
62 63
61 64
64 65
15 66
66 67
67 68
68 69
67 70
66 71
71 72
72 73
73 74
74 75
73 76
15 77
77 78
78 79
79 80
78 81
77 82
82 83
83 84
84 85
85 86
84 87
87 88
88 89
87 90
82 91
91 92
92 93
93 94
15 95
95 96
96 97
97 98
98 99
97 100
96 101
101 102
102 103
103 104
102 105
101 106
15 107
107 108
108 109
