0 1
1 2
1 3
3 4
3 5
3 6
6 7
7 8
6 9
3 10
10 11
10 12
3 13
13 14
3 15
15 16
16 17
17 18
18 19
17 20
16 21
21 22
15 23
23 24
24 25
25 26
26 27
25 28
25 29
29 30
15 31
31 32
32 33
33 34
33 35
33 36
15 37
37 38
38 39
39 40
38 41
37 42
42 43
43 44
44 45
45 46
44 47
47 48
48 49
47 50
42 51
51 52
52 53
53 54
15 55
55 56
56 57
57 58
56 59
55 60
60 61
15 62
62 63
63 64
64 65
63 66
66 67
62 68
68 69
69 70
70 71
69 72
15 73
73 74
74 75
75 76
75 77
75 78
15 79
79 80
80 81
81 82
80 83
83 84
15 85
85 86
86 87
87 88
86 89
89 90
90 91
91 92
90 93
93 94
89 95
85 96
96 97
97 98
98 99
99 100
98 101
101 102
102 103
101 104
96 105
105 106
106 107
107 108
15 109
109 110
110 111
111 112
112 113
111 114
110 115
115 116
116 117
117 118
116 119
115 120
15 121
121 122
122 123
