0 1
1 2
1 3
3 4
4 5
5 6
4 7
1 8
8 9
8 10
10 11
11 12
10 13
8 14
14 15
14 16
8 17
8 18
18 19
19 20
20 21
21 22
20 23
19 24
24 25
18 26
26 27
27 28
28 29
28 30
28 31
31 32
31 33
33 34
34 35
33 36
31 37
37 38
18 39
39 40
40 41
41 42
40 43
43 44
39 45
45 46
46 47
47 48
48 49
47 50
50 51
51 52
50 53
45 54
54 55
55 56
56 57
57 58
56 59
55 60
60 61
61 62
62 63
61 64
60 65
18 66
66 67
67 68
68 69
67 70
1 71
71 72
71 73
71 74
74 75
75 76
74 77
71 78
78 79
78 80
71 81
81 82
71 83
83 84
84 85
85 86
86 87
85 88
84 89
89 90
83 91
91 92
92 93
93 94
93 95
93 96
96 97
96 98
98 99
96 100
100 101
83 102
102 103
103 104
104 105
103 106
106 107
102 108
108 109
109 110
110 111
111 112
110 113
83 114
114 115
115 116
