0 1
1 2
1 3
3 4
3 5
3 6
6 7
7 8
6 9
3 10
10 11
10 12
3 13
13 14
13 15
3 16
3 17
17 18
18 19
19 20
20 21
19 22
18 23
23 24
24 25
17 26
26 27
27 28
28 29
27 30
30 31
31 32
32 33
31 34
34 35
35 36
34 37
17 38
38 39
39 40
40 41
41 42
42 43
41 44
40 45
39 46
46 47
47 48
48 49
47 50
46 51
38 52
52 53
53 54
54 55
55 56
54 57
57 58
53 59
59 60
60 61
52 62
62 63
17 64
64 65
65 66
66 67
66 68
66 69
69 70
69 71
71 72
72 73
71 74
69 75
75 76
69 77
77 78
17 79
79 80
80 81
81 82
81 83
81 84
84 85
84 86
86 87
87 88
86 89
84 90
90 91
84 92
92 93
17 94
94 95
95 96
96 97
97 98
96 99
99 100
1 101
101 102
101 103
101 104
104 105
105 106
104 107
101 108
108 109
108 110
101 111
101 112
112 113
113 114
114 115
114 116
116 117
114 118
114 119
119 120
