0 1
1 2
1 3
3 4
3 5
3 6
6 7
7 8
6 9
3 10
10 11
10 12
3 13
3 14
14 15
15 16
16 17
17 18
16 19
15 20
20 21
21 22
14 23
23 24
24 25
24 26
26 27
24 28
28 29
24 30
1 31
31 32
31 33
31 34
34 35
35 36
34 37
31 38
38 39
38 40
31 41
41 42
41 43
31 44
31 45
45 46
46 47
47 48
48 49
47 50
46 51
51 52
52 53
45 54
54 55
55 56
56 57
55 58
58 59
59 60
58 61
45 62
62 63
63 64
64 65
65 66
66 67
67 68
66 69
65 70
64 71
71 72
72 73
73 74
72 75
71 76
63 77
77 78
78 79
77 80
80 81
62 82
82 83
83 84
45 85
85 86
86 87
87 88
87 89
89 90
90 91
89 92
87 93
93 94
87 95
95 96
86 97
97 98
97 99
99 100
100 101
99 102
97 103
103 104
97 105
105 106
