0 1
1 2
1 3
3 4
3 5
3 6
6 7
6 8
3 9
3 10
10 11
11 12
12 13
13 14
14 15
13 16
13 17
17 18
17 19
19 20
20 21
21 22
20 23
10 24
24 25
25 26
26 27
25 28
25 29
29 30
25 31
31 32
10 33
33 34
34 35
35 36
35 37
35 38
38 39
38 40
40 41
38 42
42 43
10 44
44 45
45 46
1 47
47 48
47 49
47 50
50 51
50 52
47 53
53 54
54 55
53 56
47 57
47 58
58 59
59 60
60 61
61 62
60 63
59 64
64 65
58 66
66 67
67 68
68 69
69 70
68 71
71 72
67 73
73 74
66 75
75 76
76 77
77 78
76 79
79 80
58 81
81 82
82 83
83 84
84 85
83 86
86 87
82 88
88 89
89 90
89 91
91 92
92 93
91 94
89 95
95 96
88 97
97 98
97 99
99 100
100 101
99 102
97 103
103 104
58 105
105 106
106 107
107 108
106 109
109 110
