0 1
1 2
1 3
3 4
3 5
3 6
6 7
7 8
6 9
3 10
10 11
10 12
3 13
3 14
14 15
15 16
16 17
17 18
18 19
18 20
20 21
18 22
22 23
17 24
17 25
25 26
26 27
14 28
28 29
29 30
30 31
30 32
30 33
28 34
34 35
35 36
34 37
37 38
38 39
37 40
28 41
41 42
42 43
28 44
44 45
45 46
46 47
47 48
46 49
46 50
50 51
51 52
50 53
53 54
45 55
55 56
56 57
57 58
58 59
59 60
58 61
58 62
62 63
63 64
64 65
63 66
63 67
67 68
68 69
67 70
70 71
62 72
72 73
57 74
74 75
56 76
76 77
77 78
56 79
79 80
80 81
81 82
82 83
81 84
81 85
85 86
86 87
85 88
88 89
81 90
90 91
45 92
92 93
93 94
94 95
95 96
94 97
94 98
98 99
99 100
98 101
101 102
94 103
103 104
14 105
105 106
