0 1
1 2
1 3
3 4
3 5
3 6
6 7
7 8
6 9
3 10
10 11
10 12
3 13
3 14
14 15
15 16
16 17
17 18
18 19
17 20
16 21
15 22
22 23
14 24
24 25
25 26
26 27
27 28
27 29
29 30
27 31
31 32
26 33
26 34
34 35
35 36
14 37
37 38
38 39
39 40
39 41
39 42
37 43
43 44
44 45
43 46
46 47
47 48
46 49
37 50
50 51
51 52
37 53
53 54
54 55
55 56
56 57
55 58
55 59
59 60
60 61
59 62
62 63
54 64
64 65
65 66
66 67
67 68
68 69
67 70
67 71
71 72
72 73
71 74
74 75
75 76
74 77
74 78
78 79
79 80
78 81
81 82
66 83
83 84
65 85
85 86
53 87
87 88
88 89
89 90
88 91
88 92
92 93
93 94
92 95
95 96
88 97
97 98
14 99
99 100
