0 1
1 2
1 3
3 4
3 5
3 6
6 7
7 8
6 9
3 10
10 11
10 12
3 13
3 14
14 15
15 16
16 17
17 18
16 19
15 20
20 21
21 22
22 23
23 24
24 25
23 26
22 27
21 28
28 29
29 30
20 31
31 32
15 33
33 34
34 35
35 36
34 37
33 38
38 39
39 40
40 41
41 42
42 43
41 44
40 45
39 46
46 47
47 48
38 49
49 50
14 51
51 52
52 53
53 54
53 55
53 56
56 57
57 58
56 59
14 60
60 61
61 62
62 63
62 64
62 65
60 66
66 67
67 68
66 69
69 70
70 71
69 72
60 73
73 74
74 75
60 76
76 77
77 78
78 79
79 80
79 81
79 82
82 83
83 84
82 85
77 86
86 87
87 88
86 89
89 90
90 91
89 92
77 93
93 94
94 95
77 96
96 97
97 98
98 99
99 100
100 101
101 102
100 103
103 104
99 105
105 106
106 107
105 108
108 109
98 110
110 111
111 112
112 113
111 114
111 115
115 116
116 117
115 118
118 119
110 120
120 121
97 122
122 123
123 124
14 125
125 126
