0 1
1 2
1 3
3 4
3 5
3 6
6 7
7 8
6 9
3 10
10 11
10 12
3 13
3 14
14 15
15 16
16 17
17 18
17 19
17 20
20 21
21 22
20 23
14 24
24 25
25 26
26 27
27 28
27 29
29 30
27 31
31 32
26 33
26 34
34 35
35 36
14 37
37 38
38 39
39 40
39 41
39 42
37 43
43 44
44 45
43 46
46 47
37 48
48 49
49 50
37 51
51 52
52 53
53 54
54 55
54 56
54 57
57 58
58 59
57 60
60 61
51 62
62 63
63 64
64 65
65 66
64 67
64 68
68 69
62 70
70 71
71 72
72 73
73 74
72 75
72 76
76 77
72 78
78 79
62 80
80 81
81 82
82 83
83 84
83 85
83 86
86 87
87 88
86 89
89 90
90 91
89 92
89 93
93 94
80 95
95 96
96 97
97 98
96 99
96 100
100 101
96 102
102 103
80 104
104 105
105 106
106 107
105 108
108 109
104 110
110 111
111 112
14 113
113 114
