0 1
1 2
1 3
3 4
3 5
3 6
6 7
7 8
6 9
3 10
10 11
10 12
3 13
3 14
14 15
15 16
16 17
17 18
17 19
17 20
15 21
21 22
22 23
21 24
24 25
25 26
24 27
15 28
28 29
29 30
15 31
31 32
32 33
33 34
34 35
34 36
34 37
37 38
38 39
37 40
32 41
41 42
42 43
41 44
44 45
45 46
44 47
32 48
48 49
49 50
32 51
51 52
52 53
53 54
54 55
55 56
54 57
54 58
58 59
59 60
58 61
61 62
53 63
63 64
52 65
65 66
51 67
67 68
68 69
69 70
70 71
71 72
70 73
73 74
69 75
75 76
76 77
75 78
78 79
68 80
80 81
81 82
82 83
81 84
81 85
85 86
86 87
85 88
88 89
80 90
90 91
67 92
92 93
93 94
14 95
95 96
