0 1
1 2
1 3
3 4
3 5
3 6
6 7
7 8
6 9
3 10
10 11
10 12
3 13
3 14
14 15
15 16
16 17
17 18
16 19
15 20
20 21
14 22
22 23
23 24
24 25
25 26
25 27
27 28
25 29
29 30
29 31
31 32
24 33
24 34
34 35
35 36
14 37
37 38
38 39
39 40
39 41
39 42
37 43
43 44
44 45
43 46
46 47
47 48
46 49
37 50
50 51
51 52
37 53
53 54
54 55
55 56
56 57
56 58
56 59
59 60
60 61
59 62
62 63
53 64
64 65
65 66
66 67
65 68
65 69
69 70
64 71
71 72
72 73
73 74
74 75
75 76
75 77
77 78
74 79
74 80
80 81
81 82
80 83
80 84
84 85
71 86
86 87
87 88
88 89
89 90
88 91
91 92
92 93
91 94
91 95
95 96
96 97
97 98
96 99
95 100
87 101
101 102
86 103
103 104
104 105
71 106
106 107
107 108
108 109
109 110
108 111
108 112
112 113
107 114
107 115
115 116
64 117
117 118
118 119
119 120
120 121
121 122
121 123
123 124
120 125
120 126
126 127
127 128
117 129
129 130
130 131
131 132
130 133
130 134
134 135
117 136
136 137
137 138
138 139
137 140
137 141
141 142
137 143
143 144
14 145
145 146
