0 1
1 2
1 3
3 4
3 5
3 6
6 7
7 8
6 9
3 10
3 11
11 12
12 13
13 14
14 15
14 16
14 17
17 18
18 19
17 20
11 21
21 22
22 23
23 24
22 25
21 26
26 27
11 28
28 29
29 30
30 31
30 32
30 33
11 34
34 35
35 36
36 37
36 38
36 39
11 40
40 41
41 42
42 43
41 44
44 45
40 46
46 47
47 48
48 49
49 50
49 51
49 52
46 53
53 54
54 55
55 56
56 57
55 58
58 59
54 60
60 61
61 62
62 63
61 64
64 65
60 66
66 67
67 68
66 69
69 70
70 71
69 72
53 73
73 74
74 75
75 76
76 77
73 78
78 79
79 80
80 81
46 82
82 83
83 84
84 85
84 86
84 87
87 88
88 89
87 90
90 91
91 92
90 93
46 94
94 95
95 96
96 97
95 98
94 99
99 100
100 101
101 102
102 103
102 104
102 105
99 106
106 107
107 108
108 109
109 110
107 111
106 112
112 113
113 114
114 115
115 116
116 117
115 118
118 119
119 120
114 121
121 122
94 123
123 124
124 125
125 126
126 127
127 128
125 129
124 130
130 131
131 132
132 133
133 134
134 135
133 136
136 137
137 138
132 139
139 140
46 141
141 142
142 143
143 144
11 145
145 146
146 147
