0 1
1 2
1 3
3 4
3 5
3 6
6 7
7 8
6 9
3 10
3 11
11 12
12 13
13 14
14 15
14 16
14 17
17 18
18 19
17 20
11 21
21 22
22 23
23 24
23 25
23 26
11 27
27 28
28 29
29 30
29 31
29 32
11 33
33 34
34 35
35 36
35 37
35 38
33 39
39 40
40 41
39 42
42 43
43 44
42 45
33 46
46 47
47 48
33 49
49 50
50 51
51 52
52 53
51 54
54 55
55 56
54 57
57 58
50 59
59 60
60 61
61 62
62 63
61 64
60 65
65 66
66 67
67 68
68 69
69 70
68 71
71 72
72 73
67 74
74 75
75 76
74 77
77 78
65 79
79 80
80 81
81 82
60 83
83 84
83 85
83 86
50 87
87 88
88 89
89 90
90 91
89 92
92 93
93 94
92 95
95 96
87 97
97 98
98 99
99 100
100 101
99 102
102 103
103 104
98 105
105 106
106 107
105 108
108 109
87 110
110 111
111 112
112 113
111 114
11 115
115 116
116 117
