0 1
1 2
1 3
3 4
3 5
3 6
6 7
7 8
6 9
3 10
3 11
11 12
12 13
13 14
14 15
14 16
14 17
11 18
18 19
19 20
20 21
20 22
20 23
11 24
24 25
25 26
26 27
26 28
26 29
29 30
30 31
29 32
11 33
33 34
34 35
35 36
35 37
35 38
38 39
39 40
38 41
11 42
42 43
43 44
44 45
44 46
44 47
11 48
48 49
49 50
50 51
51 52
50 53
53 54
49 55
55 56
56 57
55 58
58 59
48 60
60 61
61 62
62 63
63 64
64 65
63 66
66 67
62 68
68 69
69 70
68 71
71 72
61 73
73 74
74 75
75 76
76 77
75 78
73 79
79 80
80 81
81 82
61 83
83 84
84 85
85 86
84 87
87 88
88 89
89 90
90 91
89 92
87 93
93 94
94 95
95 96
96 97
95 98
98 99
99 100
94 101
101 102
102 103
101 104
104 105
87 106
106 107
107 108
108 109
109 110
108 111
108 112
112 113
113 114
113 115
115 116
116 117
117 118
116 119
119 120
112 121
87 122
122 123
123 124
124 125
124 126
124 127
122 128
128 129
129 130
128 131
131 132
132 133
131 134
122 135
135 136
136 137
122 138
138 139
139 140
140 141
141 142
142 143
141 144
144 145
145 146
140 147
147 148
148 149
147 150
147 151
151 152
87 153
153 154
154 155
155 156
154 157
157 158
87 159
159 160
160 161
161 162
160 163
163 164
164 165
163 166
84 167
167 168
168 169
169 170
170 171
171 172
170 173
173 174
174 175
169 176
176 177
177 178
176 179
179 180
167 181
181 182
182 183
183 184
167 185
185 186
186 187
187 188
167 189
11 190
190 191
191 192
190 193
193 194
194 195
195 196
196 197
197 198
196 199
199 200
200 201
195 202
202 203
203 204
202 205
205 206
193 207
207 208
208 209
209 210
210 211
209 212
209 213
213 214
214 215
214 216
216 217
217 218
218 219
217 220
220 221
213 222
193 223
223 224
224 225
225 226
225 227
225 228
223 229
229 230
230 231
229 232
232 233
233 234
232 235
223 236
236 237
237 238
223 239
239 240
240 241
241 242
242 243
243 244
242 245
245 246
246 247
241 248
248 249
249 250
248 251
248 252
252 253
190 254
254 255
255 256
256 257
257 258
256 259
259 260
255 261
261 262
262 263
263 264
264 265
265 266
264 267
267 268
268 269
263 270
270 271
271 272
270 273
273 274
11 275
275 276
276 277
11 278
11 279
