0 1
1 2
1 3
3 4
3 5
3 6
6 7
7 8
6 9
3 10
3 11
11 12
12 13
13 14
14 15
14 16
14 17
17 18
18 19
17 20
11 21
21 22
22 23
23 24
24 25
23 26
23 27
27 28
28 29
11 30
30 31
31 32
32 33
32 34
32 35
35 36
36 37
35 38
11 39
39 40
40 41
41 42
40 43
40 44
44 45
11 46
46 47
47 48
48 49
47 50
46 51
51 52
52 53
11 54
54 55
55 56
56 57
56 58
56 59
11 60
60 61
61 62
62 63
62 64
62 65
60 66
66 67
67 68
66 69
69 70
60 71
71 72
72 73
60 74
74 75
75 76
76 77
77 78
77 79
77 80
80 81
81 82
80 83
83 84
74 85
85 86
86 87
87 88
86 89
89 90
85 91
91 92
92 93
93 94
94 95
85 96
96 97
97 98
98 99
99 100
98 101
97 102
102 103
103 104
104 105
105 106
104 107
104 108
108 109
102 110
110 111
111 112
112 113
111 114
96 115
115 116
116 117
117 118
116 119
116 120
120 121
74 122
122 123
123 124
124 125
123 126
126 127
74 128
128 129
129 130
130 131
129 132
132 133
133 134
132 135
128 136
136 137
137 138
138 139
139 140
138 141
137 142
142 143
143 144
144 145
145 146
144 147
144 148
148 149
11 150
150 151
151 152
152 153
152 154
152 155
150 156
156 157
157 158
156 159
159 160
160 161
159 162
150 163
163 164
164 165
150 166
166 167
167 168
168 169
169 170
170 171
169 172
172 173
168 174
174 175
175 176
174 177
174 178
178 179
11 180
180 181
181 182
182 183
181 184
