0 1
1 2
1 3
3 4
3 5
3 6
6 7
7 8
6 9
3 10
3 11
11 12
12 13
13 14
14 15
15 16
14 17
13 18
12 19
19 20
11 21
21 22
22 23
23 24
24 25
23 26
23 27
27 28
28 29
11 30
30 31
31 32
32 33
32 34
32 35
35 36
36 37
35 38
11 39
39 40
40 41
41 42
41 43
41 44
11 45
45 46
46 47
47 48
47 49
45 50
50 51
45 52
52 53
53 54
54 55
55 56
54 57
57 58
53 59
59 60
60 61
61 62
62 63
53 64
64 65
65 66
66 67
67 68
66 69
65 70
70 71
71 72
72 73
73 74
72 75
72 76
76 77
70 78
78 79
79 80
80 81
79 82
82 83
70 84
84 85
85 86
86 87
85 88
65 89
89 90
90 91
91 92
92 93
91 94
91 95
95 96
89 97
97 98
98 99
99 100
98 101
98 102
102 103
103 104
102 105
102 106
106 107
89 108
108 109
109 110
110 111
109 112
112 113
89 114
114 115
115 116
116 117
115 118
11 119
119 120
120 121
121 122
120 123
119 124
124 125
125 126
126 127
127 128
128 129
127 130
127 131
131 132
126 133
126 134
134 135
135 136
134 137
134 138
138 139
119 140
140 141
141 142
142 143
143 144
142 145
142 146
146 147
11 148
148 149
149 150
150 151
150 152
150 153
11 154
154 155
155 156
156 157
156 158
154 159
159 160
160 161
161 162
160 163
159 164
154 165
165 166
166 167
167 168
168 169
169 170
168 171
171 172
167 173
173 174
165 175
175 176
176 177
177 178
11 179
179 180
180 181
181 182
180 183
