0 1
1 2
1 3
3 4
3 5
3 6
6 7
7 8
6 9
3 10
10 11
10 12
3 13
13 14
3 15
15 16
16 17
17 18
18 19
18 20
18 21
21 22
21 23
23 24
15 25
25 26
26 27
27 28
28 29
27 30
27 31
31 32
32 33
31 34
31 35
35 36
15 37
37 38
38 39
39 40
39 41
39 42
15 43
43 44
44 45
45 46
46 47
45 48
45 49
49 50
15 51
51 52
52 53
53 54
54 55
53 56
53 57
57 58
15 59
59 60
60 61
61 62
62 63
61 64
61 65
65 66
60 67
67 68
68 69
67 70
67 71
60 72
72 73
73 74
72 75
72 76
15 77
77 78
78 79
79 80
78 81
77 82
82 83
83 84
84 85
85 86
84 87
87 88
82 89
89 90
90 91
91 92
90 93
82 94
94 95
95 96
96 97
95 98
82 99
99 100
100 101
101 102
101 103
101 104
99 105
105 106
106 107
105 108
108 109
99 110
110 111
111 112
99 113
113 114
114 115
115 116
116 117
115 118
118 119
119 120
118 121
113 122
122 123
123 124
124 125
125 126
124 127
123 128
128 129
113 130
130 131
131 132
132 133
131 134
134 135
113 136
136 137
137 138
138 139
137 140
140 141
82 142
142 143
143 144
144 145
143 146
146 147
82 148
148 149
149 150
150 151
151 152
150 153
149 154
154 155
82 156
156 157
157 158
158 159
157 160
160 161
82 162
162 163
163 164
164 165
165 166
164 167
167 168
163 169
169 170
162 171
171 172
172 173
173 174
174 175
175 176
174 177
173 178
178 179
171 180
15 181
181 182
182 183
183 184
182 185
1 186
186 187
186 188
186 189
189 190
190 191
189 192
186 193
186 194
194 195
195 196
196 197
197 198
198 199
197 200
197 201
201 202
194 203
203 204
204 205
205 206
205 207
205 208
194 209
209 210
210 211
211 212
210 213
209 214
214 215
215 216
216 217
217 218
214 219
219 220
220 221
221 222
220 223
223 224
224 225
223 226
194 227
227 228
228 229
