0 1
1 2
1 3
3 4
3 5
3 6
6 7
7 8
6 9
3 10
10 11
10 12
3 13
13 14
3 15
15 16
16 17
17 18
18 19
19 20
18 21
18 22
22 23
15 24
24 25
25 26
26 27
27 28
26 29
26 30
15 31
31 32
32 33
33 34
32 35
31 36
36 37
37 38
38 39
39 40
40 41
39 42
39 43
43 44
43 45
45 46
43 47
47 48
36 49
49 50
50 51
51 52
50 53
49 54
54 55
55 56
56 57
57 58
56 59
55 60
60 61
61 62
62 63
63 64
62 65
61 66
66 67
54 68
36 69
69 70
70 71
71 72
72 73
71 74
71 75
75 76
76 77
75 78
36 79
79 80
80 81
81 82
82 83
81 84
80 85
36 86
86 87
87 88
87 89
89 90
36 91
91 92
92 93
93 94
92 95
95 96
91 97
97 98
98 99
99 100
98 101
101 102
91 103
103 104
104 105
105 106
106 107
107 108
106 109
105 110
110 111
36 112
112 113
113 114
114 115
113 116
116 117
36 118
118 119
119 120
120 121
119 122
122 123
15 124
124 125
125 126
1 127
127 128
127 129
127 130
130 131
131 132
130 133
127 134
127 135
135 136
136 137
137 138
138 139
139 140
138 141
138 142
142 143
135 144
144 145
145 146
146 147
147 148
146 149
146 150
135 151
151 152
152 153
153 154
152 155
151 156
156 157
157 158
158 159
159 160
160 161
159 162
159 163
163 164
164 165
163 166
156 167
167 168
168 169
169 170
170 171
169 172
168 173
173 174
156 175
175 176
176 177
177 178
176 179
179 180
156 181
181 182
182 183
183 184
182 185
185 186
1 187
187 188
187 189
187 190
190 191
191 192
190 193
187 194
194 195
194 196
187 197
197 198
187 199
199 200
200 201
201 202
202 203
203 204
202 205
202 206
206 207
199 208
208 209
209 210
210 211
211 212
210 213
209 214
214 215
215 216
214 217
208 218
218 219
219 220
220 221
221 222
220 223
223 224
224 225
223 226
218 227
227 228
228 229
229 230
199 231
231 232
232 233
233 234
232 235
231 236
236 237
237 238
199 239
239 240
