0 1
1 2
1 3
3 4
3 5
3 6
6 7
7 8
6 9
3 10
10 11
10 12
3 13
13 14
3 15
15 16
16 17
17 18
18 19
19 20
18 21
17 22
22 23
23 24
24 25
23 26
22 27
16 28
28 29
29 30
15 31
31 32
32 33
33 34
34 35
33 36
33 37
37 38
15 39
39 40
40 41
41 42
42 43
41 44
41 45
15 46
46 47
47 48
48 49
49 50
48 51
48 52
52 53
53 54
15 55
55 56
56 57
57 58
58 59
57 60
57 61
61 62
15 63
63 64
64 65
65 66
65 67
65 68
68 69
15 70
70 71
71 72
72 73
72 74
72 75
15 76
76 77
77 78
78 79
79 80
78 81
78 82
15 83
83 84
84 85
85 86
86 87
85 88
85 89
15 90
90 91
91 92
92 93
92 94
92 95
15 96
96 97
97 98
98 99
97 100
96 101
101 102
102 103
103 104
104 105
103 106
106 107
102 108
108 109
109 110
110 111
111 112
110 113
113 114
101 115
115 116
116 117
117 118
116 119
115 120
120 121
121 122
122 123
123 124
122 125
125 126
126 127
125 128
120 129
129 130
130 131
131 132
132 133
131 134
130 135
120 136
136 137
137 138
138 139
139 140
138 141
138 142
142 143
142 144
144 145
120 146
146 147
147 148
148 149
149 150
148 151
147 152
152 153
120 154
154 155
155 156
156 157
155 158
158 159
120 160
160 161
161 162
162 163
161 164
164 165
165 166
164 167
120 168
168 169
169 170
170 171
169 172
120 173
173 174
174 175
175 176
174 177
177 178
120 179
179 180
180 181
181 182
180 183
101 184
184 185
185 186
186 187
185 188
184 189
189 190
190 191
191 192
192 193
191 194
194 195
195 196
194 197
101 198
198 199
199 200
200 201
199 202
101 203
203 204
204 205
205 206
101 207
207 208
208 209
209 210
15 211
211 212
212 213
213 214
212 215
211 216
216 217
217 218
218 219
219 220
218 221
217 222
222 223
15 224
224 225
225 226
226 227
225 228
1 229
229 230
229 231
229 232
232 233
233 234
232 235
229 236
236 237
229 238
238 239
239 240
240 241
241 242
242 243
241 244
240 245
239 246
246 247
247 248
238 249
249 250
250 251
251 252
252 253
251 254
251 255
255 256
255 257
257 258
258 259
257 260
238 261
261 262
262 263
263 264
264 265
263 266
263 267
267 268
268 269
267 270
238 271
271 272
272 273
273 274
274 275
273 276
272 277
277 278
238 279
279 280
280 281
281 282
282 283
281 284
280 285
238 286
286 287
287 288
