0 1
1 2
1 3
3 4
3 5
3 6
6 7
7 8
6 9
3 10
10 11
10 12
3 13
13 14
3 15
15 16
16 17
17 18
18 19
19 20
20 21
19 22
18 23
23 24
24 25
23 26
17 27
27 28
28 29
29 30
28 31
27 32
16 33
33 34
34 35
15 36
36 37
37 38
38 39
38 40
38 41
41 42
42 43
42 44
44 45
41 46
46 47
15 48
48 49
49 50
50 51
51 52
50 53
50 54
54 55
15 56
56 57
57 58
58 59
59 60
58 61
58 62
62 63
63 64
62 65
62 66
66 67
15 68
68 69
69 70
70 71
71 72
70 73
70 74
74 75
15 76
76 77
77 78
78 79
79 80
78 81
78 82
82 83
15 84
84 85
85 86
86 87
85 88
84 89
89 90
90 91
91 92
92 93
92 94
92 95
90 96
96 97
97 98
96 99
99 100
90 101
101 102
102 103
90 104
104 105
105 106
106 107
107 108
106 109
109 110
110 111
109 112
89 113
113 114
114 115
115 116
116 117
115 118
114 119
119 120
119 121
121 122
119 123
123 124
89 125
125 126
126 127
127 128
128 129
127 130
126 131
125 132
132 133
133 134
134 135
135 136
134 137
137 138
138 139
137 140
89 141
141 142
142 143
143 144
144 145
143 146
142 147
147 148
89 149
149 150
150 151
151 152
150 153
153 154
89 155
155 156
156 157
157 158
15 159
159 160
160 161
161 162
160 163
1 164
164 165
164 166
164 167
167 168
168 169
167 170
164 171
164 172
172 173
173 174
174 175
175 176
175 177
175 178
172 179
179 180
180 181
181 182
180 183
179 184
184 185
185 186
186 187
187 188
184 189
189 190
190 191
191 192
190 193
193 194
194 195
193 196
172 197
197 198
198 199
1 200
200 201
200 202
200 203
203 204
204 205
203 206
200 207
207 208
207 209
200 210
210 211
200 212
212 213
213 214
214 215
215 216
216 217
215 218
215 219
214 220
220 221
221 222
220 223
220 224
224 225
212 226
226 227
227 228
228 229
228 230
228 231
212 232
232 233
233 234
234 235
233 236
236 237
232 238
238 239
239 240
240 241
241 242
242 243
241 244
241 245
245 246
246 247
245 248
238 249
249 250
250 251
251 252
252 253
251 254
250 255
255 256
238 257
257 258
258 259
259 260
258 261
261 262
238 263
263 264
264 265
265 266
264 267
267 268
238 269
269 270
270 271
271 272
212 273
273 274
274 275
