0 1
1 2
1 3
3 4
3 5
3 6
6 7
7 8
6 9
3 10
10 11
10 12
3 13
13 14
3 15
15 16
16 17
17 18
18 19
19 20
18 21
18 22
22 23
17 24
24 25
25 26
24 27
24 28
28 29
17 30
30 31
31 32
30 33
30 34
34 35
15 36
36 37
37 38
38 39
39 40
38 41
38 42
15 43
43 44
44 45
45 46
45 47
45 48
48 49
15 50
50 51
51 52
52 53
51 54
50 55
55 56
56 57
15 58
58 59
59 60
60 61
59 62
58 63
63 64
64 65
65 66
66 67
65 68
68 69
63 70
70 71
71 72
72 73
71 74
70 75
75 76
76 77
77 78
78 79
77 80
80 81
81 82
80 83
75 84
84 85
85 86
86 87
85 88
84 89
89 90
90 91
75 92
92 93
93 94
94 95
63 96
96 97
97 98
98 99
97 100
100 101
100 102
102 103
100 104
104 105
63 106
106 107
107 108
108 109
107 110
110 111
106 112
112 113
113 114
114 115
115 116
114 117
117 118
106 119
119 120
120 121
121 122
122 123
123 124
122 125
121 126
126 127
63 128
128 129
129 130
130 131
129 132
132 133
63 134
134 135
135 136
136 137
135 138
138 139
139 140
138 141
63 142
142 143
143 144
144 145
143 146
146 147
15 148
148 149
149 150
1 151
151 152
151 153
151 154
154 155
155 156
154 157
151 158
158 159
159 160
158 161
151 162
162 163
151 164
164 165
165 166
166 167
167 168
168 169
167 170
167 171
171 172
164 173
173 174
174 175
175 176
176 177
175 178
175 179
174 180
180 181
181 182
180 183
164 184
184 185
185 186
186 187
185 188
188 189
184 190
190 191
191 192
192 193
193 194
192 195
195 196
196 197
195 198
190 199
199 200
200 201
201 202
202 203
201 204
200 205
205 206
190 207
207 208
208 209
209 210
208 211
211 212
190 213
213 214
214 215
215 216
214 217
217 218
164 219
219 220
220 221
221 222
222 223
221 224
220 225
225 226
226 227
225 228
164 229
229 230
230 231
231 232
232 233
231 234
230 235
235 236
164 237
237 238
238 239
239 240
238 241
241 242
164 243
243 244
244 245
