0 1
1 2
1 3
3 4
3 5
3 6
6 7
7 8
6 9
3 10
10 11
10 12
3 13
13 14
3 15
15 16
16 17
17 18
18 19
19 20
18 21
18 22
22 23
23 24
15 25
25 26
26 27
27 28
28 29
27 30
27 31
31 32
15 33
33 34
34 35
35 36
36 37
35 38
35 39
39 40
15 41
41 42
42 43
43 44
42 45
41 46
46 47
47 48
48 49
49 50
50 51
51 52
49 53
49 54
54 55
54 56
56 57
54 58
58 59
46 60
60 61
61 62
62 63
63 64
62 65
61 66
66 67
67 68
66 69
46 70
70 71
71 72
72 73
71 74
74 75
75 76
74 77
46 78
78 79
79 80
80 81
79 82
82 83
83 84
82 85
15 86
86 87
87 88
88 89
87 90
1 91
91 92
91 93
91 94
94 95
95 96
94 97
91 98
98 99
98 100
91 101
101 102
102 103
91 104
104 105
105 106
106 107
107 108
107 109
107 110
110 111
104 112
112 113
113 114
114 115
115 116
114 117
114 118
104 119
119 120
120 121
121 122
122 123
121 124
121 125
125 126
104 127
127 128
128 129
129 130
130 131
129 132
128 133
133 134
134 135
133 136
127 137
137 138
138 139
139 140
140 141
141 142
140 143
140 144
144 145
145 146
144 147
137 148
148 149
149 150
150 151
151 152
150 153
149 154
154 155
137 156
156 157
157 158
158 159
157 160
160 161
137 162
162 163
163 164
164 165
163 166
166 167
137 168
168 169
169 170
170 171
104 172
172 173
173 174
174 175
173 176
172 177
177 178
178 179
179 180
180 181
181 182
182 183
180 184
180 185
185 186
186 187
185 188
188 189
177 190
190 191
191 192
192 193
193 194
192 195
191 196
196 197
177 198
198 199
199 200
200 201
201 202
200 203
199 204
204 205
177 206
206 207
207 208
208 209
209 210
208 211
207 212
212 213
177 214
214 215
215 216
172 217
217 218
218 219
219 220
219 221
221 222
219 223
223 224
224 225
223 226
226 227
