0 1
1 2
1 3
3 4
3 5
3 6
6 7
7 8
6 9
3 10
10 11
10 12
3 13
13 14
3 15
15 16
16 17
17 18
18 19
19 20
18 21
18 22
22 23
22 24
24 25
15 26
26 27
27 28
28 29
28 30
28 31
26 32
32 33
33 34
32 35
35 36
36 37
35 38
26 39
39 40
40 41
26 42
42 43
43 44
44 45
45 46
45 47
45 48
48 49
49 50
48 51
51 52
42 53
53 54
54 55
55 56
55 57
55 58
58 59
59 60
58 61
53 62
62 63
63 64
62 65
65 66
66 67
65 68
53 69
69 70
70 71
53 72
72 73
73 74
74 75
75 76
75 77
75 78
78 79
79 80
78 81
81 82
72 83
83 84
84 85
85 86
86 87
85 88
88 89
84 90
90 91
83 92
92 93
93 94
94 95
95 96
96 97
95 98
94 99
99 100
92 101
101 102
102 103
103 104
104 105
103 106
102 107
107 108
92 109
15 110
110 111
111 112
