0 1
1 2
1 3
1 4
4 5
4 6
4 7
7 8
8 9
7 10
4 11
11 12
11 13
4 14
14 15
4 16
16 17
17 18
18 19
19 20
20 21
20 22
22 23
20 24
24 25
19 26
19 27
27 28
28 29
28 30
30 31
28 32
32 33
16 34
34 35
35 36
36 37
36 38
36 39
34 40
40 41
41 42
40 43
43 44
44 45
43 46
34 47
47 48
48 49
34 50
50 51
51 52
52 53
53 54
52 55
52 56
56 57
57 58
56 59
59 60
60 61
59 62
62 63
51 64
64 65
65 66
66 67
66 68
66 69
69 70
70 71
71 72
70 73
70 74
74 75
75 76
74 77
77 78
78 79
77 80
80 81
69 82
82 83
50 84
84 85
85 86
86 87
85 88
85 89
89 90
90 91
89 92
92 93
85 94
94 95
16 96
96 97
