0 1
1 2
1 3
3 4
3 5
3 6
6 7
7 8
6 9
3 10
10 11
11 12
10 13
3 14
3 15
15 16
16 17
17 18
18 19
18 20
18 21
15 22
22 23
23 24
24 25
25 26
24 27
24 28
28 29
29 30
28 31
15 32
32 33
33 34
34 35
35 36
34 37
34 38
38 39
39 40
38 41
15 42
42 43
43 44
44 45
44 46
44 47
42 48
48 49
49 50
48 51
51 52
52 53
51 54
42 55
55 56
56 57
42 58
58 59
59 60
60 61
61 62
62 63
61 64
64 65
65 66
64 67
60 68
68 69
69 70
70 71
69 72
72 73
68 74
74 75
75 76
74 77
77 78
59 79
79 80
80 81
81 82
82 83
15 84
84 85
85 86
86 87
85 88
88 89
89 90
88 91
