0 1
1 2
1 3
3 4
3 5
3 6
6 7
7 8
6 9
3 10
10 11
11 12
10 13
3 14
3 15
15 16
16 17
17 18
18 19
19 20
18 21
17 22
22 23
23 24
22 25
22 26
16 27
27 28
28 29
15 30
30 31
31 32
32 33
33 34
32 35
32 36
36 37
37 38
36 39
15 40
40 41
41 42
42 43
43 44
42 45
42 46
46 47
47 48
46 49
15 50
50 51
51 52
52 53
52 54
52 55
15 56
56 57
57 58
58 59
58 60
56 61
61 62
56 63
63 64
64 65
65 66
66 67
65 68
68 69
69 70
68 71
64 72
72 73
63 74
74 75
75 76
76 77
75 78
78 79
79 80
78 81
81 82
74 83
83 84
84 85
85 86
86 87
15 88
88 89
89 90
90 91
89 92
92 93
93 94
92 95
88 96
96 97
97 98
15 99
99 100
