0 1
1 2
1 3
3 4
3 5
3 6
6 7
7 8
6 9
3 10
10 11
11 12
10 13
3 14
3 15
15 16
16 17
17 18
18 19
18 20
18 21
17 22
22 23
22 24
22 25
15 26
26 27
27 28
28 29
28 30
28 31
31 32
26 33
33 34
34 35
33 36
36 37
37 38
36 39
26 40
40 41
41 42
26 43
43 44
44 45
45 46
46 47
45 48
48 49
49 50
48 51
44 52
52 53
53 54
54 55
55 56
56 57
55 58
55 59
59 60
54 61
61 62
62 63
61 64
61 65
65 66
53 67
67 68
68 69
69 70
70 71
69 72
72 73
73 74
72 75
67 76
76 77
77 78
78 79
67 80
53 81
81 82
82 83
83 84
84 85
15 86
86 87
87 88
88 89
87 90
90 91
91 92
90 93
86 94
94 95
95 96
15 97
97 98
