0 1
1 2
1 3
3 4
3 5
3 6
6 7
7 8
6 9
3 10
10 11
10 12
12 13
3 14
14 15
15 16
16 17
17 18
18 19
18 20
20 21
17 22
17 23
23 24
24 25
14 26
26 27
27 28
27 29
29 30
27 31
31 32
27 33
33 34
34 35
14 36
36 37
37 38
1 39
39 40
39 41
39 42
42 43
43 44
42 45
39 46
46 47
47 48
47 49
49 50
46 51
39 52
52 53
53 54
53 55
55 56
52 57
39 58
39 59
59 60
60 61
61 62
62 63
61 64
60 65
65 66
59 67
67 68
68 69
69 70
68 71
68 72
72 73
59 74
74 75
75 76
76 77
77 78
78 79
77 80
76 81
75 82
82 83
83 84
84 85
83 86
82 87
74 88
88 89
89 90
90 91
91 92
92 93
91 94
91 95
88 96
96 97
97 98
98 99
99 100
98 101
97 102
96 103
103 104
104 105
105 106
106 107
105 108
108 109
109 110
110 111
109 112
109 113
108 114
96 115
115 116
116 117
117 118
118 119
118 120
118 121
116 122
122 123
123 124
122 125
125 126
126 127
127 128
126 129
125 130
116 131
131 132
132 133
116 134
134 135
135 136
136 137
137 138
136 139
139 140
140 141
141 142
142 143
143 144
142 145
142 146
146 147
141 148
140 149
115 150
150 151
151 152
152 153
151 154
154 155
155 156
156 157
155 158
155 159
159 160
160 161
161 162
160 163
159 164
154 165
88 166
166 167
167 168
168 169
167 170
167 171
171 172
59 173
173 174
174 175
174 176
176 177
177 178
176 179
174 180
180 181
174 182
182 183
59 184
184 185
185 186
185 187
187 188
188 189
187 190
185 191
191 192
185 193
193 194
59 195
195 196
196 197
197 198
196 199
196 200
200 201
201 202
202 203
201 204
200 205
