0 1
1 2
1 3
3 4
3 5
5 6
6 7
6 8
8 9
5 10
5 11
11 12
12 13
1 14
14 15
14 16
14 17
17 18
18 19
17 20
14 21
21 22
21 23
23 24
14 25
25 26
26 27
27 28
28 29
27 30
26 31
31 32
32 33
33 34
33 35
35 36
33 37
25 38
38 39
39 40
1 41
41 42
41 43
41 44
44 45
45 46
44 47
41 48
48 49
49 50
48 51
41 52
41 53
53 54
54 55
55 56
56 57
55 58
54 59
59 60
53 61
61 62
62 63
63 64
64 65
65 66
64 67
63 68
62 69
69 70
70 71
71 72
70 73
69 74
61 75
75 76
76 77
77 78
78 79
77 80
77 81
81 82
82 83
81 84
84 85
85 86
84 87
53 88
88 89
89 90
90 91
89 92
92 93
93 94
94 95
93 96
92 97
53 98
98 99
99 100
99 101
101 102
102 103
101 104
99 105
105 106
53 107
107 108
108 109
108 110
110 111
111 112
110 113
108 114
114 115
