0 1
1 2
1 3
3 4
3 5
3 6
6 7
7 8
6 9
3 10
10 11
10 12
12 13
3 14
14 15
15 16
16 17
17 18
18 19
18 20
20 21
17 22
17 23
23 24
24 25
24 26
26 27
14 28
28 29
29 30
29 31
31 32
29 33
29 34
34 35
14 36
36 37
37 38
1 39
39 40
39 41
39 42
42 43
43 44
42 45
39 46
46 47
47 48
46 49
39 50
50 51
51 52
51 53
53 54
50 55
39 56
39 57
57 58
58 59
59 60
60 61
59 62
58 63
57 64
64 65
65 66
66 67
67 68
68 69
67 70
66 71
65 72
72 73
73 74
74 75
73 76
72 77
64 78
78 79
79 80
80 81
79 82
79 83
83 84
84 85
83 86
86 87
87 88
86 89
57 90
90 91
91 92
91 93
93 94
94 95
93 96
91 97
97 98
98 99
99 100
98 101
101 102
102 103
101 104
97 105
91 106
106 107
57 108
108 109
109 110
109 111
111 112
112 113
111 114
109 115
115 116
116 117
117 118
116 119
119 120
120 121
119 122
115 123
109 124
124 125
