0 1
1 2
1 3
3 4
3 5
3 6
6 7
7 8
6 9
3 10
10 11
10 12
12 13
3 14
14 15
15 16
16 17
17 18
18 19
18 20
20 21
17 22
17 23
23 24
24 25
14 26
26 27
27 28
27 29
29 30
27 31
31 32
27 33
14 34
34 35
35 36
36 37
36 38
36 39
34 40
40 41
41 42
40 43
43 44
44 45
43 46
34 47
47 48
48 49
34 50
50 51
51 52
52 53
53 54
52 55
52 56
56 57
52 58
58 59
59 60
60 61
59 62
59 63
63 64
58 65
58 66
14 67
67 68
68 69
1 70
70 71
70 72
70 73
73 74
74 75
73 76
70 77
77 78
78 79
78 80
80 81
77 82
70 83
83 84
84 85
83 86
70 87
70 88
88 89
89 90
90 91
91 92
90 93
89 94
88 95
95 96
96 97
97 98
98 99
99 100
98 101
97 102
96 103
103 104
104 105
105 106
104 107
103 108
95 109
109 110
110 111
111 112
112 113
111 114
111 115
115 116
116 117
117 118
116 119
115 120
120 121
121 122
120 123
88 124
124 125
125 126
126 127
125 128
128 129
129 130
130 131
129 132
128 133
133 134
134 135
133 136
88 137
137 138
138 139
138 140
140 141
141 142
140 143
138 144
144 145
138 146
146 147
88 148
148 149
149 150
149 151
151 152
152 153
151 154
149 155
155 156
149 157
157 158
