0 1
1 2
1 3
3 4
3 5
3 6
6 7
7 8
6 9
3 10
10 11
10 12
3 13
3 14
14 15
15 16
16 17
17 18
17 19
17 20
20 21
21 22
22 23
23 24
22 25
21 26
26 27
27 28
26 29
20 30
30 31
31 32
30 33
33 34
34 35
35 36
34 37
33 38
14 39
39 40
40 41
41 42
40 43
40 44
44 45
14 46
46 47
47 48
48 49
48 50
48 51
46 52
52 53
53 54
52 55
55 56
56 57
57 58
56 59
55 60
46 61
61 62
62 63
46 64
64 65
65 66
66 67
67 68
67 69
67 70
70 71
71 72
70 73
64 74
74 75
75 76
76 77
76 78
76 79
79 80
80 81
81 82
80 83
79 84
64 85
85 86
86 87
87 88
86 89
89 90
85 91
91 92
92 93
93 94
94 95
94 96
94 97
97 98
98 99
99 100
100 101
99 102
102 103
98 104
104 105
105 106
104 107
107 108
97 109
109 110
110 111
109 112
112 113
91 114
114 115
115 116
116 117
115 118
118 119
114 120
120 121
121 122
122 123
123 124
122 125
114 126
126 127
127 128
128 129
129 130
128 131
91 132
132 133
133 134
134 135
135 136
134 137
134 138
138 139
139 140
138 141
141 142
133 143
143 144
144 145
143 146
143 147
147 148
148 149
147 150
150 151
132 152
152 153
153 154
154 155
155 156
154 157
157 158
14 159
159 160
160 161
