0 1
1 2
1 3
3 4
3 5
3 6
6 7
7 8
6 9
3 10
10 11
10 12
3 13
3 14
14 15
15 16
16 17
17 18
16 19
16 20
20 21
14 22
22 23
23 24
24 25
24 26
24 27
27 28
28 29
29 30
30 31
29 32
28 33
33 34
34 35
33 36
27 37
37 38
38 39
37 40
14 41
41 42
42 43
43 44
43 45
43 46
41 47
47 48
48 49
47 50
50 51
51 52
52 53
51 54
50 55
41 56
56 57
57 58
41 59
59 60
60 61
61 62
62 63
62 64
62 65
65 66
66 67
65 68
59 69
69 70
70 71
71 72
71 73
71 74
74 75
75 76
76 77
75 78
74 79
59 80
80 81
81 82
82 83
81 84
84 85
80 86
86 87
87 88
88 89
89 90
89 91
89 92
92 93
93 94
94 95
95 96
94 97
97 98
93 99
99 100
100 101
99 102
102 103
92 104
104 105
105 106
104 107
107 108
86 109
109 110
110 111
111 112
110 113
113 114
109 115
115 116
116 117
117 118
86 119
119 120
120 121
121 122
122 123
121 124
121 125
125 126
126 127
125 128
128 129
120 130
130 131
131 132
130 133
130 134
134 135
135 136
134 137
137 138
119 139
139 140
140 141
141 142
142 143
141 144
144 145
86 146
146 147
147 148
148 149
147 150
150 151
146 152
152 153
153 154
154 155
155 156
146 157
157 158
158 159
159 160
160 161
86 162
14 163
163 164
164 165
14 166
14 167
14 168
