0 1
1 2
1 3
3 4
3 5
3 6
6 7
7 8
8 9
6 10
3 11
3 12
12 13
13 14
14 15
15 16
15 17
15 18
18 19
19 20
18 21
12 22
22 23
23 24
24 25
24 26
24 27
27 28
28 29
29 30
28 31
27 32
12 33
33 34
34 35
35 36
36 37
37 38
35 39
35 40
40 41
40 42
42 43
43 44
40 45
45 46
46 47
12 48
48 49
49 50
50 51
50 52
50 53
48 54
54 55
55 56
54 57
57 58
48 59
59 60
60 61
48 62
62 63
63 64
64 65
65 66
65 67
65 68
63 69
69 70
70 71
69 72
72 73
63 74
74 75
75 76
63 77
77 78
78 79
79 80
80 81
81 82
82 83
81 84
84 85
80 86
86 87
79 88
88 89
89 90
90 91
89 92
92 93
88 94
94 95
12 96
96 97
97 98
98 99
98 100
98 101
96 102
102 103
103 104
102 105
105 106
96 107
107 108
108 109
96 110
110 111
111 112
112 113
113 114
113 115
113 116
111 117
117 118
118 119
117 120
120 121
111 122
122 123
123 124
111 125
125 126
126 127
127 128
128 129
129 130
130 131
129 132
132 133
128 134
134 135
127 136
136 137
137 138
138 139
137 140
140 141
136 142
142 143
143 144
144 145
143 146
146 147
142 148
