0 1
1 2
1 3
3 4
3 5
3 6
6 7
7 8
8 9
6 10
3 11
3 12
12 13
13 14
14 15
14 16
16 17
12 18
18 19
19 20
19 21
21 22
1 23
23 24
23 25
23 26
26 27
27 28
28 29
26 30
23 31
23 32
32 33
33 34
34 35
35 36
35 37
35 38
38 39
39 40
38 41
32 42
42 43
43 44
44 45
44 46
44 47
42 48
48 49
49 50
48 51
51 52
42 53
53 54
54 55
42 56
56 57
57 58
58 59
59 60
59 61
59 62
62 63
57 64
64 65
65 66
64 67
67 68
57 69
69 70
70 71
57 72
72 73
73 74
74 75
75 76
75 77
75 78
78 79
79 80
80 81
79 82
82 83
78 84
84 85
72 86
86 87
87 88
88 89
89 90
90 91
89 92
92 93
88 94
94 95
87 96
96 97
97 98
98 99
97 100
100 101
96 102
102 103
72 104
104 105
105 106
106 107
107 108
108 109
107 110
110 111
106 112
112 113
105 114
114 115
1 116
116 117
116 118
116 119
119 120
120 121
121 122
119 123
116 124
116 125
125 126
126 127
127 128
128 129
128 130
128 131
131 132
132 133
131 134
125 135
135 136
136 137
137 138
137 139
137 140
135 141
141 142
142 143
141 144
144 145
135 146
146 147
147 148
135 149
149 150
150 151
151 152
152 153
152 154
152 155
150 156
156 157
157 158
156 159
159 160
160 161
159 162
150 163
163 164
164 165
150 166
166 167
167 168
168 169
169 170
169 171
169 172
172 173
173 174
174 175
173 176
176 177
172 178
178 179
166 180
180 181
181 182
182 183
183 184
184 185
183 186
186 187
182 188
188 189
181 190
190 191
191 192
192 193
191 194
194 195
190 196
196 197
197 198
198 199
197 200
196 201
201 202
166 203
203 204
204 205
205 206
206 207
207 208
206 209
209 210
205 211
211 212
212 213
213 214
212 215
211 216
216 217
204 218
218 219
