0 1
1 2
1 3
3 4
3 5
3 6
6 7
7 8
8 9
6 10
3 11
3 12
12 13
13 14
14 15
15 16
15 17
15 18
13 19
19 20
20 21
19 22
22 23
23 24
22 25
13 26
26 27
27 28
13 29
29 30
30 31
31 32
32 33
32 34
32 35
35 36
30 37
37 38
38 39
37 40
40 41
41 42
42 43
41 44
40 45
30 46
46 47
47 48
30 49
49 50
50 51
51 52
52 53
52 54
52 55
55 56
56 57
57 58
56 59
59 60
55 61
61 62
49 63
63 64
64 65
65 66
66 67
67 68
66 69
69 70
65 71
71 72
64 73
73 74
74 75
75 76
74 77
77 78
73 79
79 80
49 81
81 82
82 83
83 84
84 85
85 86
84 87
87 88
83 89
89 90
82 91
91 92
12 93
93 94
94 95
95 96
95 97
95 98
93 99
99 100
100 101
99 102
102 103
103 104
102 105
93 106
106 107
107 108
93 109
109 110
110 111
111 112
112 113
112 114
112 115
109 116
116 117
117 118
118 119
118 120
118 121
121 122
122 123
123 124
122 125
121 126
109 127
127 128
128 129
129 130
128 131
131 132
127 133
133 134
134 135
135 136
136 137
136 138
136 139
139 140
140 141
141 142
140 143
143 144
139 145
145 146
133 147
147 148
148 149
149 150
150 151
151 152
150 153
153 154
149 155
155 156
148 157
157 158
158 159
159 160
158 161
161 162
157 163
163 164
133 165
165 166
166 167
167 168
168 169
169 170
168 171
171 172
167 173
173 174
166 175
175 176
133 177
177 178
178 179
179 180
133 181
181 182
182 183
183 184
