0 1
1 2
1 3
3 4
3 5
3 6
6 7
7 8
8 9
6 10
3 11
3 12
12 13
13 14
14 15
15 16
15 17
15 18
13 19
19 20
20 21
19 22
22 23
23 24
22 25
13 26
26 27
27 28
13 29
29 30
30 31
31 32
32 33
32 34
32 35
35 36
30 37
37 38
38 39
37 40
40 41
41 42
42 43
41 44
40 45
30 46
46 47
47 48
30 49
49 50
50 51
51 52
52 53
52 54
52 55
55 56
56 57
57 58
56 59
59 60
55 61
61 62
49 63
63 64
64 65
65 66
66 67
67 68
66 69
69 70
65 71
71 72
64 73
73 74
74 75
75 76
74 77
77 78
73 79
79 80
49 81
81 82
82 83
83 84
84 85
85 86
84 87
87 88
83 89
89 90
82 91
91 92
12 93
93 94
94 95
95 96
95 97
95 98
93 99
99 100
100 101
99 102
102 103
103 104
102 105
93 106
106 107
107 108
93 109
109 110
110 111
111 112
112 113
112 114
112 115
110 116
116 117
117 118
116 119
119 120
120 121
121 122
122 123
121 124
120 125
119 126
110 127
127 128
128 129
110 130
130 131
131 132
132 133
133 134
133 135
133 136
136 137
137 138
138 139
137 140
140 141
136 142
142 143
130 144
144 145
145 146
146 147
147 148
148 149
147 150
150 151
146 152
152 153
145 154
154 155
155 156
156 157
155 158
158 159
154 160
160 161
161 162
162 163
163 164
162 165
161 166
160 167
167 168
130 169
169 170
170 171
171 172
172 173
173 174
172 175
175 176
171 177
177 178
178 179
179 180
180 181
179 182
178 183
177 184
184 185
170 186
186 187
