0 1
1 2
1 3
3 4
3 5
3 6
6 7
7 8
8 9
6 10
3 11
3 12
12 13
13 14
14 15
15 16
16 17
16 18
18 19
15 20
15 21
21 22
22 23
12 24
24 25
25 26
26 27
26 28
26 29
24 30
30 31
31 32
30 33
33 34
34 35
33 36
24 37
37 38
38 39
24 40
40 41
41 42
42 43
43 44
44 45
43 46
43 47
47 48
48 49
47 50
50 51
40 52
52 53
53 54
54 55
53 56
53 57
57 58
40 59
59 60
60 61
61 62
62 63
61 64
60 65
60 66
59 67
67 68
68 69
69 70
70 71
69 72
67 73
73 74
74 75
75 76
76 77
75 78
75 79
79 80
80 81
79 82
67 83
83 84
84 85
85 86
86 87
85 88
85 89
89 90
90 91
89 92
67 93
93 94
94 95
95 96
95 97
95 98
98 99
99 100
100 101
99 102
99 103
103 104
98 105
105 106
106 107
105 108
105 109
109 110
67 111
111 112
112 113
113 114
112 115
112 116
116 117
117 118
116 119
116 120
120 121
59 122
122 123
123 124
124 125
125 126
124 127
123 128
123 129
122 130
130 131
131 132
132 133
133 134
132 135
130 136
136 137
137 138
138 139
139 140
138 141
138 142
142 143
143 144
142 145
130 146
146 147
147 148
148 149
149 150
148 151
148 152
152 153
153 154
152 155
130 156
156 157
157 158
158 159
158 160
158 161
161 162
162 163
163 164
162 165
162 166
166 167
161 168
168 169
169 170
168 171
168 172
172 173
130 174
174 175
175 176
176 177
175 178
175 179
179 180
180 181
179 182
179 183
183 184
122 185
185 186
186 187
187 188
188 189
187 190
186 191
186 192
185 193
193 194
194 195
195 196
196 197
195 198
193 199
199 200
200 201
201 202
202 203
201 204
201 205
205 206
206 207
205 208
193 209
209 210
210 211
211 212
212 213
211 214
211 215
215 216
216 217
215 218
193 219
219 220
220 221
221 222
221 223
221 224
224 225
225 226
226 227
225 228
225 229
229 230
224 231
231 232
232 233
231 234
231 235
235 236
193 237
237 238
238 239
239 240
238 241
238 242
242 243
243 244
242 245
242 246
246 247
185 248
248 249
249 250
250 251
251 252
250 253
249 254
249 255
248 256
256 257
257 258
258 259
259 260
258 261
256 262
262 263
263 264
264 265
265 266
264 267
264 268
268 269
269 270
268 271
256 272
272 273
273 274
274 275
275 276
274 277
274 278
278 279
279 280
278 281
256 282
282 283
283 284
284 285
284 286
284 287
287 288
288 289
289 290
288 291
288 292
292 293
287 294
294 295
295 296
294 297
294 298
298 299
256 300
300 301
301 302
302 303
301 304
301 305
305 306
306 307
305 308
305 309
309 310
248 311
311 312
12 313
313 314
314 315
315 316
314 317
314 318
318 319
319 320
318 321
