0 1
1 2
1 3
3 4
3 5
5 6
6 7
5 8
3 9
3 10
10 11
11 12
12 13
13 14
14 15
15 16
14 17
14 18
18 19
12 20
20 21
11 22
22 23
23 24
24 25
23 26
22 27
27 28
28 29
1 30
30 31
30 32
30 33
33 34
34 35
35 36
33 37
30 38
30 39
39 40
40 41
41 42
42 43
43 44
43 45
45 46
42 47
42 48
48 49
49 50
39 51
51 52
52 53
53 54
53 55
53 56
39 57
57 58
58 59
59 60
58 61
61 62
62 63
61 64
57 65
65 66
66 67
67 68
67 69
69 70
70 71
69 72
72 73
66 74
74 75
75 76
76 77
77 78
77 79
77 80
80 81
81 82
80 83
80 84
84 85
85 86
84 87
87 88
74 89
89 90
90 91
91 92
90 93
90 94
94 95
66 96
96 97
97 98
98 99
99 100
99 101
99 102
96 103
103 104
104 105
105 106
105 107
105 108
108 109
109 110
108 111
96 112
112 113
113 114
114 115
113 116
96 117
117 118
118 119
119 120
119 121
119 122
122 123
123 124
122 125
96 126
126 127
127 128
128 129
127 130
96 131
131 132
132 133
133 134
134 135
133 136
136 137
132 138
132 139
131 140
140 141
141 142
142 143
143 144
142 145
145 146
146 147
145 148
148 149
131 150
150 151
151 152
152 153
153 154
152 155
155 156
151 157
151 158
150 159
159 160
160 161
161 162
162 163
161 164
164 165
165 166
164 167
167 168
150 169
169 170
170 171
171 172
172 173
171 174
174 175
170 176
170 177
169 178
178 179
179 180
180 181
181 182
180 183
183 184
184 185
183 186
186 187
169 188
188 189
189 190
190 191
191 192
190 193
193 194
189 195
189 196
188 197
197 198
198 199
199 200
200 201
199 202
202 203
203 204
202 205
205 206
96 207
207 208
208 209
209 210
208 211
208 212
212 213
65 214
214 215
215 216
216 217
39 218
218 219
219 220
220 221
219 222
