0 1
1 2
1 3
3 4
3 5
3 6
6 7
7 8
8 9
6 10
3 11
3 12
12 13
13 14
14 15
15 16
16 17
16 18
18 19
15 20
15 21
21 22
22 23
12 24
24 25
25 26
26 27
26 28
26 29
24 30
30 31
31 32
30 33
33 34
34 35
33 36
24 37
37 38
38 39
24 40
40 41
41 42
42 43
43 44
44 45
45 46
46 47
47 48
46 49
49 50
45 51
45 52
44 53
53 54
54 55
55 56
54 57
57 58
53 59
53 60
43 61
61 62
62 63
63 64
62 65
65 66
61 67
61 68
42 69
69 70
70 71
71 72
70 73
73 74
69 75
69 76
41 77
77 78
78 79
79 80
80 81
81 82
80 83
83 84
79 85
79 86
78 87
87 88
88 89
89 90
90 91
90 92
90 93
93 94
94 95
93 96
87 97
97 98
98 99
99 100
99 101
99 102
102 103
103 104
102 105
87 106
106 107
107 108
108 109
107 110
107 111
111 112
112 113
111 114
114 115
78 116
116 117
117 118
118 119
119 120
118 121
121 122
117 123
117 124
116 125
125 126
126 127
127 128
128 129
128 130
128 131
131 132
132 133
131 134
125 135
135 136
136 137
137 138
137 139
137 140
140 141
141 142
140 143
125 144
144 145
145 146
146 147
145 148
145 149
149 150
150 151
149 152
152 153
116 154
154 155
155 156
156 157
157 158
156 159
159 160
155 161
155 162
154 163
163 164
164 165
165 166
166 167
166 168
166 169
169 170
170 171
169 172
163 173
173 174
174 175
175 176
175 177
175 178
178 179
179 180
178 181
163 182
182 183
183 184
184 185
183 186
183 187
187 188
188 189
187 190
190 191
154 192
192 193
193 194
194 195
195 196
194 197
197 198
193 199
193 200
192 201
201 202
202 203
203 204
204 205
204 206
204 207
207 208
208 209
207 210
201 211
211 212
212 213
213 214
213 215
213 216
216 217
217 218
216 219
201 220
220 221
221 222
222 223
221 224
221 225
225 226
226 227
225 228
228 229
41 230
230 231
231 232
232 233
233 234
233 235
233 236
236 237
237 238
236 239
236 240
240 241
241 242
240 243
243 244
230 245
245 246
246 247
247 248
246 249
246 250
250 251
12 252
252 253
253 254
254 255
253 256
