0 1
1 2
1 3
3 4
3 5
3 6
6 7
7 8
8 9
6 10
3 11
3 12
12 13
13 14
14 15
15 16
15 17
15 18
18 19
19 20
18 21
12 22
22 23
23 24
24 25
25 26
25 27
27 28
24 29
24 30
30 31
31 32
12 33
33 34
34 35
35 36
35 37
35 38
33 39
39 40
40 41
39 42
42 43
33 44
44 45
45 46
33 47
47 48
48 49
49 50
50 51
50 52
47 53
53 54
54 55
55 56
56 57
57 58
56 59
59 60
60 61
59 62
59 63
63 64
64 65
63 66
66 67
54 68
68 69
69 70
70 71
69 72
69 73
73 74
53 75
75 76
76 77
77 78
76 79
75 80
80 81
81 82
82 83
83 84
83 85
83 86
86 87
87 88
86 89
80 90
90 91
91 92
92 93
92 94
92 95
95 96
96 97
95 98
80 99
99 100
100 101
101 102
100 103
103 104
99 105
105 106
105 107
107 108
108 109
109 110
108 111
108 112
112 113
113 114
112 115
115 116
105 117
99 118
118 119
118 120
120 121
121 122
122 123
121 124
121 125
125 126
126 127
125 128
128 129
118 130
99 131
131 132
131 133
133 134
134 135
135 136
134 137
134 138
138 139
138 140
140 141
141 142
142 143
141 144
144 145
131 146
99 147
147 148
147 149
149 150
150 151
151 152
150 153
150 154
154 155
155 156
154 157
157 158
147 159
12 160
160 161
161 162
162 163
161 164
