0 1
1 2
1 3
3 4
3 5
3 6
3 7
7 8
8 9
9 10
7 11
3 12
3 13
13 14
14 15
15 16
16 17
17 18
17 19
19 20
16 21
16 22
22 23
23 24
13 25
25 26
26 27
27 28
28 29
28 30
30 31
27 32
27 33
33 34
34 35
33 36
33 37
33 38
33 39
33 40
13 41
41 42
42 43
43 44
44 45
43 46
41 47
47 48
41 49
49 50
50 51
51 52
52 53
53 54
52 55
52 56
56 57
50 58
58 59
59 60
60 61
61 62
60 63
60 64
64 65
50 66
66 67
67 68
68 69
69 70
70 71
69 72
69 73
73 74
74 75
73 76
73 77
77 78
78 79
77 80
66 81
81 82
82 83
83 84
84 85
83 86
83 87
87 88
88 89
87 90
87 91
91 92
92 93
91 94
66 95
95 96
96 97
97 98
96 99
96 100
100 101
101 102
100 103
100 104
104 105
104 106
106 107
104 108
108 109
104 110
110 111
66 112
13 113
113 114
114 115
115 116
114 117
114 118
118 119
119 120
118 121
1 122
122 123
122 124
122 125
122 126
126 127
126 128
122 129
129 130
130 131
129 132
122 133
133 134
133 135
122 136
122 137
137 138
138 139
139 140
138 141
141 142
141 143
143 144
144 145
145 146
144 147
147 148
138 149
149 150
149 151
151 152
152 153
153 154
152 155
155 156
138 157
157 158
157 159
159 160
160 161
161 162
160 163
163 164
138 165
165 166
165 167
167 168
168 169
169 170
168 171
167 172
172 173
173 174
174 175
175 176
174 177
177 178
137 179
179 180
