0 1
1 2
1 3
3 4
3 5
3 6
6 7
6 8
3 9
9 10
9 11
3 12
12 13
13 14
12 15
3 16
3 17
17 18
18 19
19 20
20 21
19 22
19 23
18 24
24 25
25 26
26 27
27 28
26 29
29 30
17 31
31 32
32 33
33 34
32 35
32 36
31 37
37 38
38 39
39 40
40 41
39 42
42 43
17 44
44 45
45 46
46 47
45 48
45 49
44 50
50 51
51 52
52 53
53 54
52 55
55 56
44 57
57 58
58 59
59 60
58 61
61 62
1 63
63 64
63 65
63 66
66 67
67 68
66 69
63 70
63 71
71 72
72 73
73 74
74 75
75 76
76 77
77 78
76 79
76 80
75 81
81 82
82 83
81 84
81 85
74 86
86 87
87 88
86 89
86 90
73 91
91 92
92 93
91 94
91 95
1 96
96 97
96 98
96 99
99 100
100 101
101 102
99 103
96 104
96 105
105 106
106 107
107 108
108 109
109 110
109 111
111 112
108 113
108 114
114 115
115 116
105 117
117 118
118 119
119 120
119 121
119 122
105 123
123 124
124 125
125 126
126 127
125 128
123 129
129 130
123 131
131 132
132 133
133 134
133 135
135 136
132 137
137 138
138 139
139 140
140 141
140 142
140 143
143 144
144 145
143 146
137 147
147 148
148 149
149 150
149 151
149 152
152 153
153 154
152 155
137 156
156 157
157 158
158 159
158 160
158 161
161 162
161 163
163 164
161 165
165 166
161 167
167 168
137 169
169 170
170 171
171 172
170 173
170 174
174 175
132 176
176 177
177 178
178 179
179 180
178 181
178 182
182 183
183 184
182 185
182 186
186 187
105 188
188 189
189 190
190 191
189 192
