0 1
1 2
1 3
3 4
3 5
3 6
6 7
7 8
8 9
6 10
3 11
3 12
12 13
13 14
14 15
15 16
16 17
16 18
18 19
15 20
15 21
21 22
22 23
12 24
24 25
25 26
26 27
26 28
26 29
24 30
30 31
31 32
30 33
33 34
34 35
33 36
24 37
37 38
38 39
24 40
40 41
41 42
42 43
43 44
44 45
43 46
43 47
47 48
48 49
47 50
50 51
40 52
52 53
53 54
53 55
55 56
52 57
57 58
58 59
59 60
60 61
60 62
60 63
63 64
64 65
63 66
57 67
67 68
68 69
69 70
69 71
69 72
72 73
73 74
72 75
57 76
76 77
77 78
78 79
77 80
77 81
81 82
81 83
83 84
81 85
85 86
81 87
87 88
52 89
89 90
90 91
91 92
92 93
91 94
91 95
95 96
96 97
95 98
95 99
99 100
12 101
101 102
102 103
103 104
102 105
1 106
106 107
106 108
106 109
109 110
110 111
109 112
106 113
106 114
114 115
115 116
116 117
117 118
118 119
117 120
117 121
114 122
122 123
123 124
124 125
123 126
123 127
127 128
1 129
129 130
129 131
129 132
132 133
132 134
129 135
135 136
135 137
129 138
138 139
139 140
138 141
129 142
129 143
143 144
144 145
145 146
146 147
146 148
146 149
143 150
150 151
151 152
150 153
153 154
153 155
155 156
156 157
157 158
156 159
159 160
160 161
159 162
162 163
153 164
150 165
165 166
165 167
167 168
168 169
169 170
168 171
171 172
172 173
171 174
174 175
165 176
150 177
177 178
177 179
179 180
180 181
181 182
180 183
183 184
184 185
183 186
186 187
177 188
150 189
189 190
189 191
191 192
192 193
193 194
192 195
195 196
196 197
195 198
198 199
189 200
150 201
201 202
202 203
203 204
143 205
205 206
206 207
