0 1
1 2
1 3
3 4
3 5
3 6
6 7
7 8
8 9
6 10
3 11
3 12
12 13
13 14
14 15
15 16
16 17
16 18
18 19
15 20
15 21
21 22
22 23
22 24
24 25
12 26
26 27
27 28
28 29
28 30
28 31
26 32
32 33
33 34
32 35
35 36
36 37
35 38
26 39
39 40
40 41
26 42
42 43
43 44
44 45
45 46
46 47
47 48
48 49
49 50
50 51
49 52
52 53
48 54
48 55
46 56
56 57
57 58
58 59
59 60
58 61
61 62
57 63
57 64
45 65
65 66
66 67
67 68
68 69
67 70
70 71
66 72
66 73
44 74
74 75
75 76
76 77
77 78
76 79
79 80
75 81
75 82
43 83
83 84
84 85
85 86
86 87
85 88
85 89
89 90
90 91
89 92
89 93
93 94
94 95
93 96
96 97
43 98
98 99
99 100
100 101
101 102
102 103
103 104
104 105
103 106
106 107
102 108
102 109
101 110
110 111
111 112
112 113
111 114
114 115
110 116
110 117
100 118
118 119
119 120
120 121
119 122
122 123
118 124
118 125
99 126
126 127
127 128
128 129
127 130
130 131
126 132
126 133
98 134
134 135
135 136
136 137
137 138
137 139
137 140
140 141
141 142
140 143
134 144
144 145
145 146
146 147
146 148
146 149
149 150
150 151
149 152
134 153
153 154
154 155
155 156
156 157
155 158
158 159
154 160
154 161
153 162
162 163
163 164
164 165
165 166
164 167
164 168
168 169
169 170
168 171
171 172
153 173
173 174
174 175
175 176
176 177
175 178
178 179
174 180
174 181
173 182
182 183
183 184
184 185
185 186
184 187
184 188
188 189
189 190
188 191
191 192
173 193
193 194
194 195
195 196
196 197
195 198
198 199
194 200
194 201
193 202
202 203
203 204
204 205
205 206
204 207
204 208
208 209
209 210
208 211
211 212
193 213
213 214
214 215
215 216
216 217
215 218
218 219
214 220
214 221
213 222
222 223
223 224
224 225
225 226
224 227
224 228
228 229
229 230
228 231
231 232
12 233
233 234
234 235
235 236
234 237
