0 1
1 2
1 3
3 4
3 5
3 6
6 7
7 8
6 9
3 10
10 11
10 12
12 13
3 14
14 15
15 16
16 17
17 18
18 19
18 20
20 21
17 22
17 23
23 24
24 25
14 26
26 27
27 28
28 29
27 30
30 31
30 32
32 33
30 34
34 35
14 36
36 37
37 38
1 39
39 40
39 41
39 42
42 43
43 44
43 45
45 46
42 47
39 48
48 49
49 50
48 51
39 52
52 53
52 54
54 55
39 56
56 57
57 58
58 59
59 60
58 61
57 62
62 63
63 64
64 65
56 66
66 67
67 68
67 69
69 70
67 71
71 72
72 73
71 74
56 75
75 76
76 77
77 78
76 79
76 80
80 81
81 82
80 83
56 84
84 85
85 86
85 87
87 88
85 89
89 90
90 91
89 92
56 93
93 94
94 95
