0 1
1 2
1 3
3 4
3 5
3 6
6 7
7 8
6 9
3 10
3 11
11 12
12 13
13 14
14 15
15 16
14 17
13 18
18 19
19 20
20 21
19 22
18 23
12 24
24 25
25 26
11 27
27 28
28 29
29 30
28 31
28 32
32 33
11 34
34 35
35 36
36 37
36 38
36 39
11 40
40 41
41 42
42 43
42 44
42 45
11 46
46 47
47 48
48 49
48 50
48 51
46 52
52 53
53 54
52 55
55 56
56 57
55 58
46 59
59 60
60 61
46 62
62 63
63 64
64 65
65 66
66 67
65 68
68 69
64 70
70 71
71 72
70 73
73 74
74 75
73 76
63 77
77 78
78 79
79 80
80 81
81 82
82 83
81 84
84 85
80 86
86 87
87 88
86 89
89 90
90 91
89 92
79 93
78 94
94 95
95 96
96 97
97 98
78 99
99 100
100 101
101 102
102 103
101 104
104 105
105 106
104 107
104 108
108 109
104 110
110 111
99 112
112 113
113 114
114 115
113 116
11 117
117 118
118 119
119 120
118 121
121 122
122 123
121 124
121 125
125 126
121 127
127 128
11 129
129 130
130 131
