0 1
1 2
1 3
3 4
3 5
3 6
6 7
7 8
6 9
3 10
3 11
11 12
12 13
13 14
14 15
14 16
14 17
17 18
18 19
17 20
11 21
21 22
22 23
23 24
24 25
23 26
22 27
27 28
28 29
27 30
21 31
31 32
32 33
11 34
34 35
35 36
36 37
37 38
37 39
39 40
36 41
36 42
42 43
43 44
11 45
45 46
46 47
47 48
47 49
47 50
45 51
51 52
52 53
51 54
54 55
45 56
56 57
57 58
45 59
59 60
60 61
61 62
62 63
61 64
61 65
65 66
66 67
65 68
68 69
11 70
70 71
71 72
72 73
72 74
72 75
75 76
76 77
75 78
11 79
79 80
80 81
81 82
81 83
79 84
84 85
79 86
86 87
87 88
88 89
89 90
90 91
89 92
89 93
93 94
88 95
95 96
96 97
97 98
96 99
96 100
100 101
101 102
100 103
87 104
104 105
105 106
106 107
107 108
107 109
107 110
104 111
111 112
112 113
113 114
112 115
112 116
116 117
117 118
116 119
119 120
111 121
121 122
122 123
123 124
124 125
123 126
123 127
127 128
128 129
127 130
130 131
121 132
132 133
133 134
134 135
104 136
136 137
137 138
138 139
137 140
140 141
141 142
140 143
140 144
144 145
140 146
146 147
104 148
148 149
149 150
150 151
149 152
149 153
153 154
11 155
155 156
156 157
