0 1
1 2
1 3
3 4
3 5
3 6
6 7
7 8
6 9
3 10
10 11
11 12
10 13
3 14
3 15
15 16
16 17
17 18
18 19
18 20
18 21
15 22
22 23
23 24
24 25
25 26
24 27
24 28
28 29
29 30
28 31
15 32
32 33
33 34
34 35
35 36
34 37
34 38
38 39
39 40
38 41
15 42
42 43
43 44
44 45
45 46
44 47
43 48
42 49
49 50
50 51
15 52
52 53
53 54
54 55
55 56
54 57
53 58
52 59
59 60
60 61
15 62
62 63
63 64
64 65
64 66
64 67
62 68
68 69
69 70
68 71
71 72
72 73
71 74
62 75
75 76
76 77
62 78
78 79
79 80
80 81
81 82
82 83
81 84
84 85
80 86
86 87
87 88
86 89
89 90
79 91
91 92
92 93
93 94
94 95
78 96
96 97
97 98
98 99
97 100
100 101
101 102
100 103
96 104
104 105
105 106
15 107
107 108
