0 1
1 2
1 3
3 4
3 5
3 6
6 7
7 8
6 9
3 10
10 11
11 12
10 13
3 14
3 15
15 16
16 17
17 18
18 19
19 20
18 21
17 22
22 23
23 24
22 25
16 26
26 27
27 28
15 29
29 30
30 31
31 32
31 33
31 34
34 35
34 36
36 37
34 38
38 39
34 40
34 41
15 42
42 43
43 44
44 45
43 46
46 47
47 48
46 49
42 50
50 51
51 52
42 53
53 54
54 55
1 56
56 57
56 58
56 59
59 60
60 61
59 62
56 63
63 64
64 65
63 66
56 67
67 68
67 69
56 70
70 71
70 72
56 73
56 74
74 75
75 76
76 77
77 78
78 79
79 80
78 81
77 82
82 83
76 84
84 85
85 86
86 87
85 88
84 89
89 90
75 91
91 92
92 93
74 94
94 95
95 96
96 97
97 98
96 99
96 100
100 101
95 102
102 103
103 104
102 105
102 106
106 107
94 108
108 109
109 110
110 111
110 112
112 113
112 114
114 115
112 116
116 117
112 118
118 119
119 120
118 121
112 122
122 123
123 124
122 125
94 126
126 127
127 128
128 129
128 130
130 131
128 132
132 133
128 134
134 135
128 136
136 137
137 138
136 139
