0 1
1 2
1 3
3 4
3 5
3 6
6 7
7 8
6 9
3 10
10 11
11 12
10 13
3 14
3 15
15 16
16 17
17 18
18 19
18 20
18 21
15 22
22 23
23 24
24 25
24 26
24 27
27 28
28 29
27 30
15 31
31 32
32 33
33 34
33 35
33 36
36 37
37 38
36 39
15 40
40 41
41 42
42 43
41 44
40 45
45 46
46 47
15 48
48 49
49 50
50 51
50 52
50 53
48 54
54 55
55 56
54 57
57 58
48 59
59 60
60 61
48 62
62 63
63 64
64 65
65 66
66 67
65 68
65 69
69 70
64 71
71 72
72 73
71 74
71 75
75 76
63 77
77 78
78 79
79 80
80 81
62 82
82 83
83 84
84 85
83 86
86 87
82 88
88 89
89 90
62 91
15 92
92 93
