0 1
1 2
1 3
3 4
3 5
3 6
6 7
7 8
6 9
3 10
10 11
11 12
10 13
3 14
14 15
3 16
16 17
17 18
18 19
18 20
20 21
18 22
22 23
18 24
1 25
25 26
25 27
25 28
28 29
29 30
28 31
25 32
32 33
33 34
32 35
25 36
36 37
36 38
25 39
39 40
25 41
41 42
42 43
43 44
44 45
45 46
46 47
45 48
44 49
49 50
50 51
49 52
43 53
53 54
54 55
53 56
42 57
57 58
58 59
59 60
60 61
59 62
58 63
63 64
58 65
65 66
66 67
67 68
66 69
41 70
70 71
71 72
72 73
72 74
72 75
75 76
76 77
77 78
78 79
79 80
80 81
81 82
80 83
79 84
79 85
85 86
86 87
85 88
77 89
89 90
90 91
91 92
92 93
91 94
90 95
90 96
96 97
97 98
96 99
75 100
100 101
41 102
102 103
103 104
104 105
105 106
104 107
104 108
108 109
109 110
108 111
111 112
112 113
111 114
41 115
115 116
116 117
117 118
118 119
117 120
116 121
121 122
121 123
123 124
124 125
125 126
124 127
123 128
123 129
129 130
130 131
129 132
121 133
133 134
134 135
135 136
134 137
133 138
133 139
139 140
140 141
139 142
121 143
143 144
144 145
143 146
41 147
147 148
148 149
