0 1
1 2
1 3
3 4
3 5
3 6
6 7
7 8
6 9
3 10
10 11
11 12
10 13
3 14
14 15
3 16
16 17
17 18
18 19
19 20
20 21
19 22
19 23
23 24
24 25
23 26
26 27
16 28
28 29
29 30
30 31
31 32
30 33
30 34
34 35
16 36
36 37
37 38
38 39
38 40
38 41
16 42
42 43
43 44
44 45
45 46
44 47
43 48
48 49
49 50
48 51
42 52
52 53
53 54
54 55
55 56
55 57
55 58
54 59
59 60
59 61
59 62
52 63
63 64
64 65
65 66
64 67
63 68
68 69
69 70
70 71
69 72
72 73
73 74
72 75
52 76
76 77
77 78
78 79
77 80
76 81
81 82
82 83
83 84
82 85
85 86
86 87
85 88
52 89
89 90
90 91
91 92
91 93
91 94
94 95
95 96
96 97
95 98
98 99
94 100
100 101
52 102
102 103
103 104
104 105
105 106
104 107
104 108
108 109
109 110
108 111
111 112
112 113
111 114
52 115
115 116
116 117
117 118
118 119
117 120
116 121
121 122
52 123
123 124
124 125
125 126
124 127
127 128
128 129
127 130
52 131
131 132
132 133
133 134
132 135
131 136
136 137
137 138
138 139
137 140
131 141
141 142
142 143
143 144
142 145
52 146
146 147
147 148
148 149
147 150
146 151
151 152
152 153
153 154
152 155
155 156
156 157
155 158
52 159
159 160
160 161
161 162
160 163
159 164
164 165
165 166
166 167
165 168
168 169
169 170
168 171
16 172
172 173
173 174
174 175
173 176
172 177
177 178
178 179
179 180
180 181
181 182
180 183
180 184
184 185
185 186
184 187
177 188
188 189
189 190
190 191
191 192
190 193
189 194
194 195
177 196
196 197
197 198
198 199
197 200
200 201
201 202
200 203
16 204
204 205
205 206
206 207
205 208
