0 1
1 2
1 3
3 4
4 5
5 6
4 7
1 8
8 9
9 10
10 11
9 12
1 13
13 14
13 15
13 16
16 17
16 18
13 19
13 20
20 21
21 22
22 23
23 24
24 25
23 26
23 27
27 28
28 29
27 30
30 31
20 32
32 33
33 34
34 35
33 36
32 37
37 38
38 39
39 40
40 41
39 42
42 43
37 44
44 45
45 46
46 47
45 48
48 49
37 50
20 51
51 52
52 53
53 54
54 55
53 56
52 57
57 58
20 59
59 60
60 61
61 62
60 63
63 64
1 65
65 66
65 67
65 68
68 69
69 70
68 71
65 72
72 73
73 74
72 75
65 76
76 77
65 78
78 79
79 80
80 81
81 82
81 83
81 84
78 85
85 86
86 87
87 88
88 89
87 90
86 91
91 92
92 93
91 94
85 95
95 96
96 97
97 98
98 99
98 100
98 101
101 102
102 103
103 104
104 105
103 106
102 107
107 108
108 109
107 110
101 111
111 112
95 113
113 114
114 115
114 116
116 117
117 118
116 119
95 120
120 121
121 122
122 123
121 124
124 125
125 126
124 127
95 128
128 129
129 130
130 131
129 132
132 133
133 134
132 135
95 136
136 137
137 138
138 139
137 140
140 141
141 142
140 143
78 144
144 145
145 146
146 147
145 148
144 149
149 150
150 151
151 152
152 153
152 154
152 155
155 156
156 157
157 158
156 159
155 160
160 161
149 162
162 163
163 164
163 165
165 166
166 167
165 168
149 169
169 170
170 171
171 172
170 173
173 174
174 175
173 176
149 177
177 178
178 179
179 180
178 181
181 182
182 183
181 184
78 185
185 186
186 187
187 188
186 189
185 190
190 191
191 192
192 193
193 194
193 195
193 196
196 197
197 198
198 199
197 200
196 201
201 202
190 203
203 204
204 205
204 206
206 207
207 208
206 209
190 210
210 211
211 212
212 213
211 214
214 215
215 216
214 217
190 218
218 219
219 220
220 221
219 222
222 223
223 224
222 225
78 226
226 227
227 228
228 229
227 230
226 231
231 232
232 233
233 234
233 235
235 236
236 237
235 238
231 239
239 240
240 241
241 242
240 243
78 244
244 245
245 246
