0 1
1 2
1 3
3 4
3 5
3 6
6 7
7 8
6 9
3 10
10 11
11 12
10 13
3 14
14 15
3 16
16 17
17 18
18 19
19 20
20 21
19 22
19 23
23 24
24 25
23 26
26 27
16 28
28 29
29 30
30 31
31 32
30 33
30 34
34 35
16 36
36 37
37 38
38 39
38 40
38 41
16 42
42 43
43 44
44 45
45 46
44 47
43 48
48 49
49 50
48 51
42 52
52 53
53 54
54 55
55 56
55 57
55 58
58 59
59 60
60 61
59 62
58 63
58 64
64 65
65 66
64 67
52 68
68 69
69 70
70 71
70 72
70 73
73 74
74 75
75 76
74 77
73 78
73 79
79 80
80 81
79 82
52 83
83 84
84 85
85 86
84 87
83 88
88 89
89 90
90 91
89 92
92 93
93 94
92 95
52 96
96 97
97 98
98 99
97 100
96 101
101 102
102 103
103 104
102 105
105 106
106 107
105 108
52 109
109 110
110 111
111 112
111 113
111 114
114 115
115 116
116 117
115 118
118 119
114 120
120 121
52 122
122 123
123 124
124 125
123 126
126 127
127 128
126 129
52 130
130 131
131 132
132 133
133 134
132 135
132 136
136 137
137 138
136 139
139 140
140 141
139 142
52 143
143 144
144 145
145 146
146 147
145 148
144 149
149 150
52 151
151 152
152 153
153 154
152 155
155 156
16 157
157 158
158 159
159 160
158 161
157 162
162 163
163 164
164 165
165 166
166 167
165 168
164 169
169 170
170 171
169 172
172 173
16 174
174 175
175 176
176 177
175 178
