0 1
1 2
1 3
3 4
3 5
3 6
6 7
7 8
6 9
3 10
10 11
11 12
10 13
3 14
14 15
3 16
16 17
17 18
18 19
19 20
19 21
19 22
16 23
23 24
24 25
25 26
26 27
25 28
25 29
29 30
30 31
29 32
16 33
33 34
34 35
35 36
36 37
35 38
35 39
39 40
16 41
41 42
42 43
43 44
44 45
43 46
43 47
47 48
16 49
49 50
50 51
51 52
52 53
51 54
51 55
55 56
16 57
57 58
58 59
59 60
60 61
59 62
58 63
63 64
64 65
63 66
57 67
67 68
68 69
69 70
70 71
71 72
70 73
69 74
74 75
75 76
74 77
68 78
78 79
79 80
80 81
81 82
80 83
83 84
84 85
85 86
86 87
85 88
84 89
89 90
90 91
89 92
78 93
93 94
94 95
95 96
96 97
95 98
94 99
99 100
100 101
99 102
102 103
103 104
102 105
78 106
106 107
107 108
108 109
107 110
78 111
111 112
112 113
113 114
112 115
115 116
116 117
115 118
78 119
119 120
120 121
121 122
120 123
123 124
124 125
123 126
78 127
127 128
128 129
129 130
128 131
131 132
132 133
131 134
68 135
135 136
136 137
137 138
136 139
135 140
140 141
141 142
142 143
143 144
142 145
145 146
146 147
145 148
140 149
149 150
150 151
151 152
152 153
151 154
150 155
155 156
156 157
155 158
158 159
159 160
158 161
140 162
162 163
163 164
164 165
163 166
140 167
167 168
168 169
169 170
168 171
171 172
172 173
171 174
140 175
175 176
176 177
177 178
176 179
179 180
180 181
179 182
135 183
183 184
184 185
185 186
184 187
183 188
188 189
189 190
190 191
191 192
190 193
193 194
194 195
193 196
188 197
197 198
198 199
199 200
200 201
199 202
198 203
203 204
204 205
203 206
206 207
207 208
206 209
188 210
210 211
211 212
212 213
211 214
188 215
215 216
216 217
217 218
216 219
219 220
220 221
219 222
188 223
223 224
224 225
225 226
224 227
227 228
228 229
227 230
16 231
231 232
232 233
233 234
232 235
231 236
236 237
237 238
238 239
239 240
240 241
239 242
238 243
243 244
244 245
243 246
246 247
247 248
246 249
236 250
250 251
251 252
252 253
251 254
16 255
255 256
256 257
257 258
256 259
