0 1
1 2
1 3
3 4
3 5
3 6
6 7
7 8
6 9
3 10
10 11
11 12
10 13
3 14
14 15
3 16
16 17
17 18
18 19
19 20
20 21
19 22
19 23
23 24
18 25
25 26
26 27
25 28
25 29
29 30
18 31
31 32
32 33
31 34
31 35
18 36
36 37
37 38
36 39
36 40
16 41
41 42
42 43
43 44
43 45
43 46
16 47
47 48
48 49
49 50
50 51
51 52
50 53
49 54
54 55
55 56
54 57
48 58
58 59
59 60
58 61
47 62
62 63
63 64
64 65
65 66
64 67
63 68
68 69
69 70
70 71
71 72
70 73
73 74
74 75
73 76
68 77
77 78
78 79
79 80
78 81
81 82
82 83
81 84
62 85
85 86
86 87
87 88
86 89
85 90
90 91
91 92
92 93
93 94
92 95
95 96
96 97
95 98
90 99
99 100
100 101
101 102
100 103
103 104
104 105
103 106
62 107
107 108
108 109
109 110
110 111
109 112
109 113
113 114
114 115
113 116
116 117
117 118
116 119
62 120
120 121
121 122
122 123
121 124
62 125
125 126
126 127
127 128
126 129
125 130
130 131
131 132
132 133
133 134
134 135
133 136
132 137
137 138
130 139
139 140
140 141
141 142
140 143
143 144
144 145
143 146
125 147
147 148
148 149
149 150
148 151
151 152
152 153
151 154
154 155
16 156
156 157
157 158
