0 1
1 2
1 3
3 4
3 5
3 6
6 7
7 8
6 9
3 10
10 11
11 12
10 13
3 14
14 15
3 16
16 17
17 18
18 19
19 20
20 21
21 22
22 23
21 24
20 25
25 26
26 27
27 28
26 29
25 30
19 31
31 32
32 33
31 34
18 35
35 36
36 37
37 38
36 39
35 40
17 41
41 42
42 43
16 44
44 45
45 46
46 47
47 48
46 49
46 50
50 51
50 52
52 53
16 54
54 55
55 56
56 57
57 58
57 59
59 60
56 61
56 62
62 63
63 64
16 65
65 66
66 67
67 68
67 69
67 70
16 71
71 72
72 73
73 74
73 75
73 76
16 77
77 78
78 79
79 80
80 81
79 82
82 83
83 84
82 85
78 86
86 87
87 88
86 89
89 90
90 91
89 92
77 93
93 94
94 95
95 96
96 97
95 98
98 99
99 100
98 101
94 102
102 103
103 104
104 105
105 106
105 107
105 108
108 109
109 110
108 111
111 112
112 113
102 114
114 115
115 116
116 117
117 118
116 119
119 120
115 121
121 122
114 123
123 124
124 125
125 126
126 127
125 128
125 129
129 130
102 131
131 132
132 133
133 134
134 135
133 136
136 137
132 138
93 139
139 140
140 141
141 142
140 143
143 144
144 145
143 146
139 147
147 148
148 149
149 150
150 151
150 152
150 153
153 154
154 155
153 156
156 157
157 158
147 159
159 160
160 161
161 162
162 163
161 164
164 165
160 166
159 167
167 168
168 169
169 170
170 171
169 172
169 173
173 174
147 175
175 176
176 177
177 178
178 179
177 180
180 181
176 182
182 183
16 184
184 185
185 186
186 187
187 188
188 189
187 190
186 191
186 192
192 193
193 194
194 195
185 196
