0 1
1 2
1 3
3 4
3 5
3 6
6 7
7 8
6 9
3 10
10 11
10 12
3 13
3 14
14 15
15 16
16 17
17 18
18 19
18 20
20 21
18 22
22 23
22 24
24 25
22 26
26 27
17 28
17 29
29 30
30 31
29 32
14 33
33 34
34 35
34 36
36 37
34 38
38 39
34 40
34 41
34 42
42 43
1 44
44 45
44 46
44 47
47 48
48 49
47 50
44 51
51 52
51 53
44 54
54 55
54 56
44 57
57 58
57 59
44 60
60 61
61 62
61 63
63 64
61 65
65 66
65 67
67 68
65 69
69 70
60 71
44 72
44 73
73 74
74 75
75 76
76 77
76 78
76 79
79 80
80 81
79 82
73 83
83 84
84 85
85 86
84 87
87 88
88 89
87 90
83 91
91 92
92 93
93 94
94 95
93 96
96 97
92 98
92 99
73 100
100 101
101 102
102 103
103 104
104 105
103 106
103 107
107 108
102 109
101 110
110 111
111 112
112 113
113 114
112 115
112 116
116 117
111 118
111 119
119 120
110 121
100 122
122 123
123 124
124 125
125 126
124 127
124 128
128 129
123 130
123 131
131 132
73 133
133 134
134 135
135 136
135 137
135 138
138 139
139 140
139 141
141 142
139 143
143 144
139 145
145 146
146 147
145 148
139 149
149 150
150 151
149 152
152 153
153 154
152 155
155 156
139 157
157 158
138 159
159 160
159 161
161 162
159 163
163 164
159 165
165 166
166 167
165 168
159 169
169 170
170 171
169 172
172 173
173 174
172 175
175 176
159 177
177 178
73 179
179 180
180 181
181 182
182 183
181 184
181 185
185 186
180 187
179 188
188 189
189 190
190 191
191 192
190 193
190 194
194 195
190 196
196 197
197 198
73 199
199 200
200 201
201 202
202 203
201 204
201 205
205 206
200 207
200 208
208 209
200 210
210 211
73 212
212 213
213 214
