0 1
1 2
1 3
3 4
3 5
3 6
6 7
7 8
6 9
3 10
10 11
10 12
3 13
3 14
14 15
15 16
16 17
17 18
17 19
17 20
20 21
21 22
20 23
14 24
24 25
25 26
25 27
27 28
25 29
29 30
25 31
31 32
1 33
33 34
33 35
33 36
36 37
36 38
33 39
39 40
39 41
33 42
42 43
43 44
42 45
33 46
33 47
47 48
48 49
49 50
50 51
50 52
50 53
47 54
54 55
55 56
56 57
56 58
54 59
59 60
54 61
61 62
62 63
63 64
64 65
63 66
66 67
47 68
68 69
69 70
70 71
71 72
72 73
71 74
74 75
70 76
69 77
77 78
78 79
79 80
80 81
81 82
82 83
81 84
84 85
79 86
77 87
68 88
88 89
89 90
47 91
91 92
92 93
93 94
93 95
93 96
96 97
97 98
98 99
99 100
98 101
101 102
96 103
47 104
104 105
105 106
105 107
107 108
108 109
107 110
105 111
111 112
105 113
113 114
47 115
1 116
116 117
116 118
116 119
119 120
119 121
116 122
122 123
122 124
116 125
125 126
126 127
125 128
116 129
116 130
130 131
131 132
132 133
133 134
132 135
131 136
136 137
137 138
138 139
139 140
140 141
139 142
138 143
143 144
144 145
145 146
144 147
143 148
137 149
149 150
136 151
151 152
152 153
153 154
154 155
153 156
152 157
157 158
158 159
157 160
160 161
161 162
160 163
151 164
164 165
136 166
166 167
130 168
168 169
169 170
170 171
170 172
170 173
173 174
173 175
175 176
176 177
175 178
173 179
179 180
173 181
181 182
130 183
183 184
184 185
185 186
185 187
185 188
130 189
189 190
190 191
191 192
192 193
191 194
194 195
190 196
196 197
189 198
198 199
199 200
200 201
201 202
200 203
203 204
203 205
205 206
206 207
205 208
203 209
209 210
210 211
209 212
212 213
213 214
212 215
215 216
203 217
217 218
130 219
219 220
220 221
221 222
220 223
223 224
