0 1
1 2
1 3
3 4
3 5
3 6
6 7
7 8
6 9
3 10
10 11
10 12
3 13
3 14
14 15
15 16
16 17
17 18
17 19
17 20
14 21
21 22
22 23
23 24
23 25
21 26
26 27
21 28
28 29
29 30
30 31
31 32
30 33
33 34
14 35
35 36
36 37
37 38
38 39
39 40
38 41
41 42
36 43
43 44
44 45
45 46
46 47
47 48
46 49
49 50
44 51
43 52
35 53
53 54
54 55
14 56
56 57
57 58
58 59
58 60
58 61
61 62
62 63
63 64
64 65
63 66
66 67
61 68
14 69
69 70
70 71
71 72
71 73
71 74
74 75
75 76
74 77
14 78
78 79
79 80
80 81
81 82
82 83
80 84
80 85
85 86
85 87
87 88
88 89
89 90
88 91
85 92
92 93
93 94
94 95
93 96
14 97
97 98
98 99
99 100
100 101
101 102
100 103
99 104
98 105
14 106
106 107
107 108
108 109
108 110
108 111
106 112
112 113
113 114
112 115
115 116
106 117
117 118
118 119
106 120
120 121
121 122
122 123
123 124
123 125
123 126
121 127
127 128
128 129
127 130
130 131
121 132
132 133
133 134
121 135
135 136
136 137
137 138
138 139
137 140
140 141
141 142
140 143
143 144
144 145
143 146
136 147
147 148
148 149
149 150
150 151
151 152
152 153
151 154
154 155
150 156
156 157
149 158
158 159
159 160
160 161
161 162
160 163
163 164
164 165
163 166
159 167
167 168
158 169
169 170
170 171
171 172
170 173
173 174
174 175
173 176
169 177
177 178
178 179
177 180
180 181
181 182
180 183
183 184
184 185
183 186
136 187
187 188
188 189
189 190
190 191
191 192
192 193
191 194
194 195
190 196
196 197
189 198
198 199
199 200
200 201
199 202
202 203
203 204
202 205
198 206
206 207
14 208
208 209
209 210
210 211
211 212
210 213
213 214
209 215
215 216
