0 1
1 2
1 3
3 4
3 5
3 6
6 7
7 8
6 9
3 10
10 11
10 12
3 13
3 14
14 15
15 16
16 17
17 18
17 19
17 20
14 21
21 22
22 23
23 24
23 25
21 26
26 27
21 28
28 29
29 30
30 31
29 32
32 33
14 34
34 35
35 36
36 37
37 38
36 39
39 40
35 41
41 42
42 43
43 44
44 45
45 46
44 47
47 48
42 49
41 50
34 51
51 52
14 53
53 54
54 55
55 56
55 57
55 58
58 59
59 60
60 61
61 62
60 63
63 64
58 65
14 66
66 67
67 68
68 69
69 70
70 71
68 72
68 73
73 74
73 75
75 76
76 77
77 78
76 79
73 80
80 81
81 82
82 83
81 84
14 85
85 86
86 87
87 88
88 89
89 90
88 91
87 92
86 93
14 94
94 95
95 96
96 97
97 98
96 99
95 100
100 101
94 102
102 103
103 104
104 105
105 106
106 107
105 108
104 109
109 110
110 111
109 112
103 113
14 114
114 115
115 116
116 117
117 118
116 119
115 120
114 121
121 122
122 123
123 124
124 125
125 126
124 127
123 128
122 129
14 130
130 131
131 132
132 133
132 134
132 135
130 136
136 137
137 138
136 139
139 140
140 141
139 142
130 143
143 144
144 145
130 146
146 147
147 148
148 149
149 150
149 151
149 152
147 153
153 154
154 155
153 156
156 157
147 158
158 159
159 160
147 161
161 162
162 163
163 164
164 165
164 166
164 167
167 168
168 169
169 170
168 171
171 172
172 173
171 174
167 175
175 176
161 177
177 178
178 179
179 180
179 181
179 182
161 183
183 184
184 185
185 186
186 187
185 188
188 189
184 190
190 191
183 192
192 193
193 194
194 195
193 196
196 197
197 198
198 199
197 200
200 201
201 202
200 203
196 204
204 205
205 206
204 207
207 208
208 209
207 210
210 211
161 212
212 213
213 214
214 215
215 216
216 217
215 218
218 219
214 220
220 221
213 222
222 223
223 224
222 225
225 226
14 227
227 228
228 229
229 230
230 231
229 232
232 233
233 234
234 235
233 236
232 237
228 238
238 239
