0 1
1 2
1 3
3 4
3 5
3 6
3 7
7 8
8 9
7 10
3 11
11 12
11 13
3 14
3 15
15 16
16 17
17 18
18 19
18 20
18 21
21 22
22 23
21 24
15 25
25 26
26 27
27 28
28 29
27 30
27 31
31 32
31 33
33 34
34 35
35 36
34 37
26 38
38 39
39 40
38 41
38 42
42 43
42 44
44 45
45 46
46 47
45 48
15 49
49 50
50 51
51 52
51 53
51 54
49 55
55 56
56 57
55 58
58 59
49 60
60 61
61 62
49 63
63 64
64 65
65 66
66 67
67 68
66 69
69 70
65 71
71 72
72 73
73 74
74 75
73 76
71 77
71 78
15 79
79 80
80 81
81 82
81 83
81 84
79 85
85 86
86 87
85 88
88 89
79 90
90 91
91 92
79 93
93 94
94 95
95 96
96 97
96 98
96 99
94 100
100 101
101 102
100 103
103 104
94 105
105 106
106 107
94 108
108 109
109 110
110 111
111 112
111 113
111 114
114 115
115 116
114 117
117 118
108 119
119 120
120 121
121 122
121 123
121 124
108 125
125 126
126 127
127 128
128 129
127 130
130 131
131 132
130 133
126 134
134 135
125 136
136 137
137 138
138 139
137 140
140 141
141 142
140 143
143 144
144 145
143 146
146 147
147 148
146 149
149 150
150 151
149 152
108 153
153 154
154 155
155 156
156 157
155 158
158 159
154 160
160 161
161 162
160 163
163 164
93 165
165 166
166 167
167 168
167 169
167 170
165 171
171 172
172 173
171 174
174 175
165 176
176 177
177 178
165 179
179 180
180 181
181 182
182 183
181 184
184 185
180 186
186 187
187 188
186 189
189 190
15 191
191 192
192 193
193 194
192 195
195 196
1 197
197 198
197 199
197 200
200 201
201 202
200 203
197 204
204 205
204 206
197 207
197 208
208 209
209 210
210 211
211 212
211 213
211 214
214 215
215 216
214 217
210 218
218 219
218 220
218 221
221 222
222 223
223 224
222 225
222 226
226 227
221 228
208 229
229 230
230 231
231 232
232 233
233 234
234 235
235 236
234 237
237 238
232 239
231 240
230 241
241 242
242 243
241 244
244 245
229 246
246 247
208 248
248 249
249 250
250 251
250 252
250 253
253 254
254 255
255 256
256 257
255 258
258 259
253 260
208 261
261 262
262 263
262 264
264 265
262 266
266 267
1 268
1 269
0 270
