0 1
1 2
1 3
3 4
3 5
3 6
6 7
7 8
6 9
3 10
10 11
10 12
3 13
3 14
14 15
15 16
16 17
17 18
18 19
18 20
20 21
18 22
22 23
17 24
17 25
25 26
26 27
14 28
28 29
29 30
29 31
31 32
29 33
33 34
29 35
29 36
29 37
37 38
1 39
39 40
39 41
39 42
42 43
43 44
42 45
39 46
46 47
46 48
39 49
49 50
49 51
39 52
52 53
52 54
39 55
55 56
56 57
56 58
58 59
56 60
60 61
55 62
39 63
39 64
64 65
65 66
66 67
67 68
68 69
67 70
67 71
71 72
72 73
73 74
72 75
71 76
76 77
64 78
78 79
79 80
80 81
79 82
82 83
83 84
82 85
78 86
86 87
87 88
88 89
89 90
88 91
91 92
87 93
93 94
87 95
95 96
64 97
97 98
98 99
99 100
98 101
98 102
102 103
97 104
104 105
105 106
106 107
105 108
105 109
109 110
64 111
111 112
112 113
113 114
113 115
113 116
116 117
116 118
118 119
116 120
120 121
116 122
122 123
123 124
122 125
125 126
126 127
125 128
128 129
116 130
130 131
131 132
130 133
116 134
134 135
64 136
136 137
137 138
138 139
138 140
138 141
141 142
141 143
143 144
141 145
145 146
141 147
147 148
148 149
147 150
150 151
151 152
150 153
153 154
141 155
155 156
156 157
155 158
141 159
159 160
64 161
161 162
162 163
163 164
162 165
162 166
166 167
162 168
168 169
169 170
168 171
171 172
64 173
173 174
174 175
175 176
174 177
174 178
178 179
