0 1
1 2
1 3
3 4
3 5
3 6
6 7
7 8
6 9
3 10
10 11
10 12
3 13
3 14
14 15
15 16
16 17
16 18
18 19
19 20
19 21
21 22
18 23
18 24
24 25
25 26
24 27
27 28
28 29
27 30
14 31
31 32
32 33
33 34
33 35
33 36
31 37
37 38
38 39
37 40
40 41
41 42
40 43
31 44
44 45
45 46
31 47
47 48
48 49
49 50
50 51
49 52
49 53
53 54
54 55
53 56
56 57
14 58
58 59
59 60
60 61
60 62
60 63
14 64
64 65
65 66
66 67
66 68
66 69
64 70
70 71
71 72
70 73
73 74
64 75
75 76
76 77
64 78
78 79
79 80
80 81
81 82
81 83
81 84
84 85
85 86
84 87
78 88
88 89
89 90
90 91
91 92
90 93
89 94
94 95
88 96
96 97
97 98
98 99
99 100
98 101
101 102
14 103
103 104
104 105
