0 1
1 2
1 3
3 4
3 5
3 6
6 7
7 8
6 9
3 10
10 11
10 12
3 13
3 14
14 15
15 16
16 17
17 18
18 19
18 20
20 21
17 22
17 23
23 24
24 25
14 26
26 27
27 28
28 29
28 30
26 31
31 32
26 33
33 34
34 35
35 36
36 37
35 38
35 39
39 40
33 41
41 42
42 43
43 44
44 45
43 46
42 47
47 48
41 49
49 50
50 51
51 52
52 53
51 54
14 55
55 56
56 57
57 58
56 59
1 60
60 61
60 62
60 63
60 64
64 65
65 66
66 67
64 68
60 69
60 70
70 71
71 72
72 73
73 74
74 75
73 76
73 77
77 78
78 79
70 80
80 81
81 82
82 83
83 84
82 85
82 86
86 87
87 88
86 89
89 90
90 91
89 92
70 93
93 94
94 95
95 96
96 97
95 98
95 99
99 100
99 101
101 102
70 103
103 104
104 105
105 106
105 107
105 108
103 109
109 110
110 111
109 112
103 113
113 114
114 115
103 116
116 117
117 118
118 119
119 120
120 121
119 122
122 123
118 124
124 125
125 126
124 127
70 128
128 129
129 130
130 131
131 132
130 133
129 134
129 135
70 136
136 137
137 138
138 139
138 140
138 141
141 142
142 143
141 144
70 145
145 146
146 147
147 148
148 149
147 150
146 151
146 152
152 153
153 154
154 155
154 156
156 157
153 158
152 159
159 160
160 161
159 162
159 163
163 164
159 165
165 166
