0 1
1 2
1 3
3 4
3 5
3 6
6 7
7 8
6 9
3 10
10 11
10 12
3 13
3 14
14 15
15 16
16 17
17 18
17 19
17 20
15 21
21 22
22 23
21 24
24 25
15 26
26 27
27 28
15 29
29 30
30 31
31 32
32 33
32 34
32 35
35 36
36 37
35 38
30 39
39 40
40 41
39 42
42 43
43 44
42 45
30 46
46 47
47 48
30 49
49 50
50 51
51 52
52 53
53 54
52 55
55 56
51 57
57 58
58 59
57 60
60 61
50 62
62 63
63 64
64 65
65 66
65 67
65 68
68 69
69 70
68 71
71 72
62 73
73 74
74 75
75 76
76 77
75 78
78 79
74 80
80 81
81 82
80 83
83 84
62 85
85 86
86 87
87 88
88 89
87 90
90 91
86 92
92 93
29 94
94 95
95 96
96 97
97 98
96 99
95 100
95 101
101 102
102 103
101 104
104 105
14 106
106 107
107 108
108 109
107 110
110 111
111 112
110 113
