0 1
1 2
1 3
3 4
3 5
5 6
6 7
5 8
3 9
9 10
9 11
3 12
12 13
12 14
3 15
15 16
15 17
3 18
3 19
19 20
20 21
21 22
22 23
22 24
22 25
25 26
26 27
27 28
26 29
29 30
25 31
19 32
32 33
33 34
34 35
34 36
34 37
37 38
38 39
37 40
40 41
19 42
42 43
43 44
44 45
45 46
44 47
44 48
48 49
48 50
50 51
51 52
19 53
53 54
54 55
55 56
56 57
55 58
55 59
59 60
59 61
61 62
62 63
19 64
64 65
65 66
66 67
66 68
66 69
64 70
70 71
71 72
70 73
73 74
64 75
75 76
76 77
64 78
78 79
79 80
80 81
81 82
80 83
83 84
79 85
85 86
86 87
85 88
88 89
89 90
88 91
91 92
19 93
93 94
94 95
95 96
95 97
95 98
93 99
99 100
100 101
99 102
102 103
93 104
104 105
105 106
93 107
107 108
108 109
109 110
110 111
109 112
112 113
108 114
114 115
115 116
114 117
117 118
118 119
119 120
118 121
117 122
122 123
19 124
124 125
125 126
126 127
126 128
126 129
125 130
130 131
130 132
130 133
19 134
134 135
135 136
136 137
136 138
136 139
139 140
19 141
141 142
142 143
143 144
144 145
143 146
146 147
142 148
148 149
149 150
148 151
151 152
141 153
153 154
154 155
155 156
156 157
157 158
156 159
159 160
155 161
161 162
162 163
161 164
164 165
154 166
166 167
167 168
168 169
169 170
170 171
169 172
172 173
168 174
174 175
175 176
174 177
177 178
166 179
179 180
180 181
181 182
154 183
183 184
184 185
185 186
186 187
187 188
186 189
189 190
185 191
191 192
192 193
191 194
194 195
183 196
196 197
197 198
198 199
153 200
200 201
201 202
202 203
19 204
204 205
205 206
206 207
205 208
208 209
204 210
210 211
211 212
212 213
213 214
214 215
213 216
216 217
212 218
218 219
219 220
218 221
221 222
210 223
223 224
224 225
225 226
210 227
227 228
228 229
229 230
19 231
231 232
232 233
233 234
232 235
235 236
231 237
237 238
238 239
239 240
240 241
241 242
240 243
243 244
239 245
245 246
246 247
245 248
248 249
237 250
250 251
251 252
252 253
237 254
254 255
255 256
256 257
1 258
258 259
258 260
260 261
261 262
260 263
258 264
264 265
264 266
258 267
267 268
267 269
258 270
258 271
271 272
272 273
273 274
274 275
273 276
276 277
272 278
278 279
279 280
280 281
281 282
281 283
281 284
284 285
285 286
286 287
287 288
286 289
289 290
284 291
278 292
292 293
293 294
293 295
295 296
293 297
297 298
293 299
299 300
278 301
301 302
302 303
302 304
304 305
302 306
306 307
307 308
306 309
302 310
310 311
278 312
312 313
313 314
313 315
315 316
313 317
317 318
313 319
319 320
313 321
321 322
1 323
323 324
323 325
323 326
326 327
327 328
326 329
323 330
330 331
330 332
323 333
323 334
334 335
335 336
336 337
337 338
338 339
337 340
337 341
341 342
342 343
334 344
344 345
345 346
346 347
345 348
345 349
349 350
345 351
345 352
352 353
353 354
354 355
353 356
352 357
334 358
358 359
359 360
360 361
359 362
362 363
363 364
364 365
363 366
362 367
367 368
