0 1
1 2
1 3
3 4
3 5
3 6
6 7
6 8
3 9
3 10
10 11
11 12
12 13
13 14
13 15
10 16
16 17
17 18
18 19
18 20
18 21
10 22
22 23
23 24
24 25
24 26
24 27
27 28
10 29
29 30
30 31
31 32
30 33
29 34
34 35
35 36
36 37
37 38
36 39
29 40
40 41
41 42
42 43
43 44
42 45
41 46
46 47
47 48
48 49
49 50
48 51
51 52
52 53
53 54
52 55
51 56
56 57
57 58
56 59
46 60
60 61
61 62
62 63
61 64
64 65
65 66
64 67
40 68
68 69
69 70
70 71
69 72
72 73
68 74
74 75
75 76
76 77
77 78
76 79
68 80
80 81
81 82
82 83
83 84
82 85
10 86
86 87
87 88
