0 1
1 2
1 3
3 4
3 5
3 6
6 7
6 8
3 9
3 10
10 11
11 12
12 13
13 14
14 15
13 16
12 17
17 18
18 19
17 20
11 21
21 22
22 23
10 24
24 25
25 26
26 27
25 28
24 29
29 30
30 31
10 32
32 33
33 34
34 35
34 36
36 37
37 38
36 39
36 40
40 41
34 42
10 43
43 44
44 45
45 46
45 47
45 48
10 49
49 50
50 51
51 52
51 53
53 54
54 55
55 56
54 57
53 58
51 59
10 60
60 61
61 62
62 63
61 64
64 65
60 66
66 67
67 68
68 69
69 70
70 71
69 72
69 73
73 74
74 75
73 76
73 77
77 78
69 79
79 80
80 81
79 82
79 83
83 84
67 85
85 86
86 87
66 88
88 89
89 90
90 91
66 92
92 93
93 94
94 95
10 96
96 97
