0 1
1 2
1 3
3 4
3 5
3 6
6 7
7 8
6 9
3 10
10 11
3 12
12 13
13 14
14 15
15 16
16 17
16 18
18 19
15 20
15 21
21 22
22 23
12 24
24 25
25 26
26 27
26 28
26 29
24 30
30 31
31 32
30 33
33 34
34 35
33 36
24 37
37 38
38 39
24 40
40 41
41 42
42 43
43 44
44 45
43 46
42 47
47 48
48 49
49 50
48 51
51 52
47 53
41 54
54 55
55 56
56 57
57 58
56 59
56 60
60 61
61 62
60 63
63 64
41 65
65 66
66 67
67 68
68 69
67 70
70 71
66 72
65 73
73 74
74 75
75 76
76 77
76 78
76 79
79 80
80 81
79 82
73 83
83 84
84 85
85 86
86 87
85 88
84 89
89 90
90 91
91 92
90 93
90 94
94 95
89 96
96 97
97 98
96 99
96 100
100 101
101 102
100 103
103 104
83 105
105 106
106 107
107 108
108 109
107 110
107 111
111 112
83 113
113 114
114 115
115 116
116 117
115 118
114 119
119 120
120 121
121 122
120 123
120 124
124 125
119 126
126 127
127 128
126 129
126 130
130 131
131 132
130 133
133 134
113 135
135 136
113 137
137 138
138 139
139 140
140 141
139 142
138 143
143 144
144 145
145 146
144 147
147 148
143 149
137 150
150 151
151 152
152 153
153 154
152 155
152 156
156 157
150 158
158 159
159 160
160 161
159 162
159 163
163 164
164 165
163 166
166 167
137 168
168 169
169 170
170 171
171 172
172 173
173 174
174 175
173 176
171 177
177 178
178 179
179 180
178 181
178 182
182 183
177 184
184 185
185 186
184 187
184 188
188 189
189 190
188 191
191 192
170 193
193 194
194 195
193 196
169 197
197 198
198 199
199 200
200 201
199 202
202 203
203 204
202 205
168 206
206 207
207 208
208 209
209 210
208 211
207 212
212 213
213 214
214 215
213 216
216 217
212 218
206 219
219 220
220 221
221 222
222 223
221 224
221 225
225 226
219 227
227 228
228 229
229 230
228 231
228 232
232 233
233 234
232 235
235 236
206 237
237 238
238 239
239 240
240 241
239 242
238 243
243 244
244 245
245 246
244 247
244 248
248 249
243 250
250 251
251 252
250 253
250 254
254 255
255 256
254 257
257 258
237 259
259 260
260 261
261 262
262 263
261 264
261 265
265 266
237 267
267 268
268 269
269 270
270 271
269 272
268 273
273 274
274 275
275 276
274 277
274 278
278 279
273 280
280 281
281 282
280 283
280 284
284 285
285 286
284 287
287 288
267 289
289 290
267 291
291 292
292 293
293 294
294 295
293 296
293 297
297 298
298 299
297 300
300 301
12 302
302 303
303 304
304 305
304 306
304 307
307 308
308 309
307 310
12 311
311 312
312 313
313 314
314 315
313 316
313 317
317 318
317 319
319 320
320 321
12 322
322 323
323 324
324 325
324 326
324 327
327 328
328 329
327 330
322 331
331 332
332 333
331 334
322 335
335 336
336 337
322 338
338 339
339 340
340 341
341 342
342 343
341 344
344 345
340 346
346 347
347 348
346 349
12 350
350 351
351 352
