0 1
1 2
1 3
3 4
3 5
3 6
6 7
7 8
6 9
3 10
10 11
3 12
12 13
13 14
14 15
15 16
16 17
16 18
18 19
15 20
15 21
21 22
22 23
12 24
24 25
25 26
25 27
27 28
27 29
24 30
30 31
24 32
32 33
33 34
34 35
33 36
32 37
37 38
38 39
39 40
38 41
38 42
42 43
32 44
44 45
45 46
46 47
47 48
48 49
49 50
50 51
49 52
47 53
53 54
54 55
55 56
54 57
53 58
46 59
59 60
60 61
61 62
60 63
59 64
64 65
65 66
45 67
67 68
68 69
69 70
68 71
44 72
72 73
73 74
74 75
75 76
74 77
73 78
78 79
79 80
80 81
79 82
78 83
72 84
84 85
85 86
86 87
85 88
85 89
89 90
72 91
91 92
92 93
93 94
94 95
93 96
92 97
97 98
98 99
91 100
100 101
101 102
102 103
101 104
91 105
12 106
106 107
107 108
108 109
109 110
110 111
109 112
108 113
108 114
114 115
115 116
116 117
107 118
