0 1
1 2
1 3
3 4
3 5
3 6
6 7
7 8
6 9
3 10
10 11
3 12
12 13
13 14
14 15
15 16
16 17
16 18
18 19
15 20
15 21
21 22
22 23
12 24
24 25
25 26
26 27
25 28
25 29
29 30
30 31
29 32
12 33
33 34
34 35
35 36
35 37
35 38
38 39
39 40
38 41
12 42
42 43
43 44
44 45
44 46
44 47
42 48
48 49
49 50
48 51
51 52
42 53
53 54
54 55
42 56
56 57
57 58
58 59
59 60
60 61
61 62
62 63
61 64
59 65
65 66
66 67
67 68
66 69
65 70
58 71
71 72
72 73
73 74
72 75
75 76
71 77
57 78
78 79
79 80
80 81
81 82
81 83
81 84
78 85
85 86
86 87
87 88
88 89
89 90
90 91
89 92
87 93
93 94
94 95
95 96
94 97
93 98
86 99
99 100
100 101
85 102
102 103
103 104
104 105
105 106
106 107
105 108
105 109
109 110
110 111
109 112
104 113
113 114
114 115
113 116
113 117
117 118
118 119
117 120
120 121
103 122
122 123
123 124
124 125
123 126
103 127
127 128
128 129
129 130
130 131
129 132
129 133
133 134
134 135
133 136
128 137
137 138
138 139
137 140
137 141
141 142
142 143
141 144
144 145
127 146
146 147
147 148
148 149
149 150
148 151
146 152
152 153
153 154
154 155
153 156
127 157
157 158
158 159
159 160
158 161
78 162
162 163
163 164
164 165
162 166
166 167
167 168
168 169
167 170
167 171
171 172
172 173
171 174
174 175
57 176
176 177
177 178
178 179
177 180
177 181
181 182
182 183
181 184
184 185
12 186
186 187
187 188
188 189
188 190
188 191
12 192
192 193
193 194
194 195
195 196
194 197
194 198
198 199
198 200
200 201
201 202
202 203
201 204
12 205
205 206
206 207
207 208
208 209
207 210
205 211
211 212
205 213
213 214
214 215
215 216
216 217
215 218
218 219
219 220
214 221
221 222
12 223
223 224
224 225
