0 1
1 2
1 3
3 4
3 5
3 6
6 7
7 8
6 9
3 10
10 11
10 12
3 13
13 14
13 15
3 16
16 17
16 18
3 19
19 20
20 21
19 22
3 23
3 24
24 25
25 26
26 27
27 28
26 29
29 30
25 31
31 32
32 33
33 34
34 35
34 36
34 37
37 38
38 39
37 40
40 41
41 42
42 43
43 44
42 45
45 46
40 47
31 48
48 49
49 50
50 51
51 52
52 53
51 54
54 55
50 56
56 57
49 58
58 59
59 60
60 61
59 62
62 63
48 64
64 65
65 66
66 67
67 68
68 69
67 70
70 71
66 72
64 73
73 74
48 75
75 76
76 77
77 78
78 79
77 80
80 81
76 82
82 83
75 84
84 85
85 86
86 87
87 88
86 89
89 90
90 91
89 92
75 93
93 94
94 95
95 96
96 97
95 98
98 99
94 100
100 101
93 102
102 103
103 104
104 105
105 106
104 107
107 108
108 109
107 110
93 111
111 112
112 113
113 114
114 115
114 116
114 117
117 118
117 119
119 120
117 121
121 122
117 123
123 124
117 125
125 126
126 127
125 128
117 129
129 130
111 131
131 132
132 133
131 134
134 135
111 136
136 137
137 138
138 139
138 140
138 141
141 142
141 143
143 144
141 145
145 146
141 147
147 148
148 149
147 150
141 151
151 152
141 153
153 154
111 155
155 156
156 157
24 158
158 159
1 160
160 161
160 162
160 163
163 164
164 165
163 166
160 167
167 168
168 169
167 170
160 171
171 172
160 173
173 174
174 175
175 176
176 177
175 178
175 179
179 180
173 181
181 182
182 183
183 184
184 185
183 186
183 187
187 188
187 189
189 190
190 191
191 192
190 193
173 194
194 195
195 196
196 197
197 198
197 199
199 200
196 201
196 202
202 203
203 204
173 205
205 206
206 207
207 208
207 209
205 210
210 211
205 212
212 213
213 214
214 215
214 216
216 217
214 218
218 219
214 220
214 221
221 222
222 223
223 224
222 225
221 226
214 227
227 228
213 229
229 230
230 231
231 232
232 233
231 234
231 235
235 236
173 237
237 238
238 239
239 240
240 241
239 242
239 243
243 244
243 245
245 246
246 247
247 248
246 249
173 250
250 251
251 252
252 253
252 254
252 255
250 256
256 257
257 258
256 259
259 260
260 261
259 262
250 263
263 264
264 265
250 266
266 267
267 268
268 269
269 270
270 271
269 272
272 273
268 274
274 275
275 276
274 277
274 278
278 279
173 280
280 281
281 282
