0 1
1 2
1 3
3 4
3 5
3 6
6 7
7 8
6 9
3 10
10 11
11 12
10 13
3 14
14 15
3 16
16 17
17 18
18 19
19 20
20 21
20 22
22 23
20 24
24 25
19 26
19 27
27 28
28 29
16 30
30 31
31 32
32 33
33 34
33 35
35 36
33 37
37 38
32 39
32 40
40 41
41 42
16 43
43 44
44 45
45 46
45 47
43 48
48 49
43 50
50 51
51 52
52 53
53 54
52 55
52 56
56 57
52 58
58 59
59 60
60 61
59 62
59 63
63 64
59 65
58 66
16 67
67 68
68 69
69 70
69 71
67 72
72 73
67 74
74 75
75 76
76 77
77 78
76 79
76 80
80 81
76 82
82 83
83 84
84 85
83 86
83 87
87 88
83 89
82 90
16 91
91 92
92 93
93 94
94 95
94 96
96 97
93 98
93 99
99 100
100 101
16 102
102 103
103 104
104 105
105 106
106 107
105 108
105 109
109 110
105 111
111 112
104 113
102 114
114 115
115 116
114 117
102 118
118 119
119 120
120 121
121 122
121 123
121 124
124 125
125 126
124 127
118 128
128 129
129 130
130 131
130 132
130 133
133 134
134 135
133 136
118 137
137 138
138 139
139 140
138 141
138 142
142 143
137 144
144 145
145 146
146 147
147 148
147 149
147 150
150 151
151 152
150 153
150 154
154 155
150 156
156 157
157 158
156 159
156 160
160 161
144 162
162 163
163 164
164 165
164 166
164 167
162 168
168 169
169 170
168 171
171 172
162 173
173 174
174 175
162 176
176 177
177 178
178 179
179 180
178 181
178 182
182 183
16 184
184 185
185 186
186 187
187 188
186 189
186 190
190 191
190 192
192 193
193 194
194 195
193 196
16 197
197 198
198 199
199 200
199 201
199 202
197 203
203 204
204 205
203 206
206 207
207 208
206 209
197 210
210 211
211 212
197 213
213 214
214 215
215 216
216 217
217 218
216 219
219 220
215 221
221 222
222 223
221 224
221 225
225 226
16 227
227 228
228 229
