0 1
1 2
1 3
3 4
4 5
4 6
4 7
7 8
8 9
7 10
1 11
11 12
11 13
13 14
14 15
13 16
11 17
11 18
18 19
19 20
20 21
21 22
20 23
19 24
24 25
18 26
26 27
27 28
28 29
28 30
28 31
31 32
32 33
31 34
31 35
31 36
36 37
36 38
38 39
39 40
38 41
18 42
42 43
43 44
44 45
44 46
44 47
47 48
48 49
47 50
47 51
47 52
52 53
52 54
54 55
55 56
54 57
18 58
58 59
59 60
60 61
60 62
60 63
63 64
64 65
65 66
64 67
67 68
63 69
69 70
70 71
69 72
18 73
73 74
74 75
75 76
75 77
75 78
78 79
79 80
80 81
79 82
79 83
83 84
79 85
85 86
78 87
87 88
88 89
87 90
18 91
91 92
92 93
93 94
93 95
93 96
96 97
97 98
96 99
18 100
100 101
101 102
102 103
101 104
104 105
105 106
104 107
104 108
108 109
104 110
110 111
111 112
110 113
110 114
114 115
110 116
116 117
117 118
116 119
116 120
120 121
116 122
122 123
18 124
124 125
125 126
126 127
125 128
125 129
129 130
125 131
131 132
1 133
133 134
133 135
133 136
136 137
137 138
136 139
133 140
133 141
141 142
142 143
143 144
143 145
145 146
141 147
147 148
148 149
