0 1
1 2
1 3
3 4
3 5
3 6
6 7
7 8
6 9
3 10
10 11
3 12
12 13
13 14
14 15
15 16
16 17
15 18
15 19
19 20
20 21
19 22
12 23
23 24
24 25
25 26
25 27
25 28
12 29
29 30
30 31
31 32
31 33
31 34
12 35
35 36
36 37
37 38
37 39
37 40
12 41
41 42
42 43
43 44
43 45
43 46
41 47
47 48
48 49
47 50
50 51
51 52
52 53
51 54
50 55
55 56
56 57
55 58
41 59
59 60
60 61
41 62
62 63
63 64
64 65
65 66
65 67
65 68
63 69
69 70
70 71
69 72
63 73
73 74
74 75
63 76
76 77
77 78
78 79
79 80
79 81
79 82
82 83
76 84
84 85
85 86
86 87
86 88
86 89
89 90
90 91
89 92
92 93
76 94
94 95
95 96
96 97
97 98
98 99
97 100
96 101
101 102
102 103
101 104
104 105
105 106
104 107
95 108
108 109
109 110
110 111
109 112
112 113
108 114
114 115
115 116
114 117
117 118
94 119
119 120
120 121
121 122
122 123
119 124
124 125
125 126
126 127
76 128
128 129
129 130
130 131
131 132
130 133
133 134
129 135
135 136
128 137
137 138
138 139
139 140
140 141
139 142
142 143
143 144
142 145
137 146
146 147
147 148
148 149
147 150
150 151
137 152
152 153
153 154
154 155
153 156
156 157
157 158
156 159
159 160
12 161
161 162
162 163
163 164
162 165
162 166
166 167
162 168
168 169
