0 1
1 2
1 3
3 4
3 5
3 6
6 7
7 8
6 9
3 10
10 11
3 12
12 13
13 14
14 15
15 16
15 17
15 18
18 19
19 20
18 21
12 22
22 23
23 24
24 25
25 26
24 27
24 28
28 29
29 30
28 31
12 32
32 33
33 34
34 35
33 36
32 37
37 38
12 39
39 40
40 41
41 42
41 43
41 44
12 45
45 46
46 47
47 48
47 49
47 50
12 51
51 52
52 53
53 54
53 55
53 56
51 57
57 58
58 59
57 60
60 61
51 62
62 63
63 64
51 65
65 66
66 67
67 68
68 69
68 70
68 71
71 72
65 73
73 74
74 75
75 76
75 77
75 78
78 79
65 80
80 81
81 82
82 83
83 84
84 85
83 86
82 87
87 88
88 89
87 90
90 91
81 92
92 93
93 94
94 95
93 96
96 97
92 98
98 99
99 100
98 101
101 102
80 103
103 104
104 105
105 106
106 107
106 108
106 109
109 110
110 111
111 112
110 113
113 114
109 115
103 116
116 117
117 118
118 119
117 120
120 121
116 122
122 123
123 124
124 125
125 126
124 127
127 128
122 129
129 130
130 131
131 132
130 133
133 134
103 135
135 136
136 137
137 138
103 139
139 140
140 141
141 142
65 143
143 144
144 145
145 146
144 147
147 148
65 149
149 150
150 151
151 152
150 153
153 154
154 155
153 156
65 157
157 158
158 159
159 160
160 161
161 162
160 163
159 164
164 165
165 166
164 167
167 168
158 169
169 170
170 171
171 172
170 173
173 174
169 175
175 176
176 177
175 178
178 179
157 180
180 181
181 182
182 183
183 184
183 185
183 186
186 187
187 188
188 189
187 190
190 191
186 192
180 193
193 194
194 195
195 196
194 197
197 198
193 199
199 200
200 201
201 202
202 203
201 204
204 205
199 206
206 207
207 208
208 209
207 210
210 211
180 212
212 213
213 214
214 215
180 216
216 217
217 218
218 219
12 220
220 221
221 222
222 223
221 224
221 225
225 226
221 227
227 228
228 229
227 230
230 231
