0 1
1 2
1 3
3 4
3 5
3 6
6 7
7 8
6 9
3 10
10 11
3 12
12 13
13 14
14 15
15 16
15 17
15 18
12 19
19 20
20 21
21 22
21 23
21 24
12 25
25 26
26 27
27 28
28 29
27 30
27 31
12 32
32 33
33 34
34 35
34 36
34 37
12 38
38 39
39 40
40 41
40 42
40 43
38 44
44 45
45 46
44 47
47 48
48 49
47 50
38 51
51 52
52 53
38 54
54 55
55 56
56 57
57 58
57 59
57 60
54 61
61 62
62 63
63 64
62 65
65 66
66 67
65 68
68 69
54 70
70 71
71 72
72 73
73 74
74 75
73 76
72 77
77 78
78 79
77 80
80 81
81 82
80 83
71 84
84 85
85 86
86 87
85 88
85 89
89 90
84 91
91 92
92 93
91 94
91 95
95 96
70 97
97 98
98 99
99 100
100 101
99 102
102 103
103 104
104 105
103 106
106 107
102 108
97 109
109 110
110 111
111 112
110 113
113 114
109 115
115 116
116 117
117 118
118 119
117 120
120 121
121 122
120 123
120 124
124 125
120 126
126 127
127 128
126 129
115 130
130 131
131 132
132 133
131 134
134 135
97 136
136 137
137 138
138 139
97 140
140 141
141 142
142 143
12 144
144 145
145 146
146 147
146 148
146 149
144 150
150 151
151 152
150 153
153 154
154 155
153 156
144 157
157 158
158 159
144 160
160 161
161 162
162 163
163 164
163 165
163 166
160 167
167 168
168 169
169 170
168 171
171 172
160 173
173 174
174 175
175 176
174 177
177 178
178 179
177 180
160 181
181 182
182 183
183 184
184 185
185 186
184 187
183 188
188 189
189 190
188 191
191 192
192 193
191 194
182 195
195 196
196 197
197 198
196 199
196 200
200 201
195 202
202 203
203 204
202 205
202 206
206 207
181 208
208 209
209 210
210 211
211 212
210 213
213 214
214 215
215 216
214 217
217 218
213 219
208 220
220 221
221 222
222 223
221 224
224 225
220 226
226 227
227 228
228 229
229 230
228 231
231 232
232 233
231 234
231 235
235 236
231 237
237 238
238 239
237 240
226 241
241 242
242 243
243 244
242 245
245 246
208 247
247 248
248 249
249 250
208 251
251 252
252 253
253 254
12 255
255 256
256 257
