0 1
1 2
1 3
3 4
3 5
3 6
6 7
7 8
6 9
3 10
10 11
3 12
12 13
13 14
14 15
15 16
15 17
15 18
14 19
19 20
19 21
19 22
12 23
23 24
24 25
25 26
25 27
25 28
12 29
29 30
30 31
31 32
31 33
31 34
34 35
35 36
34 37
12 38
38 39
39 40
40 41
40 42
40 43
38 44
44 45
45 46
44 47
47 48
38 49
49 50
50 51
38 52
52 53
53 54
54 55
55 56
55 57
55 58
58 59
53 60
60 61
61 62
60 63
63 64
53 65
65 66
66 67
53 68
68 69
69 70
70 71
70 72
72 73
70 74
74 75
70 76
76 77
69 78
78 79
79 80
80 81
81 82
81 83
81 84
84 85
85 86
86 87
85 88
88 89
84 90
78 91
91 92
92 93
93 94
92 95
95 96
91 97
97 98
98 99
99 100
100 101
99 102
102 103
97 104
104 105
105 106
106 107
105 108
108 109
97 110
110 111
111 112
112 113
111 114
114 115
12 116
116 117
117 118
118 119
117 120
117 121
121 122
117 123
123 124
124 125
123 126
1 127
127 128
127 129
127 130
130 131
131 132
130 133
127 134
134 135
134 136
127 137
137 138
137 139
127 140
127 141
141 142
142 143
143 144
144 145
143 146
146 147
142 148
148 149
149 150
150 151
151 152
152 153
151 154
151 155
155 156
150 157
157 158
158 159
157 160
157 161
161 162
149 163
163 164
164 165
148 166
166 167
167 168
168 169
148 170
170 171
171 172
172 173
141 174
174 175
