0 1
1 2
1 3
3 4
3 5
3 6
6 7
7 8
6 9
3 10
10 11
3 12
12 13
13 14
14 15
15 16
16 17
15 18
15 19
19 20
20 21
19 22
12 23
23 24
24 25
25 26
25 27
25 28
24 29
29 30
29 31
29 32
24 33
33 34
33 35
33 36
24 37
37 38
37 39
37 40
24 41
41 42
41 43
41 44
12 45
45 46
46 47
47 48
47 49
47 50
45 51
51 52
52 53
51 54
54 55
55 56
56 57
55 58
54 59
59 60
60 61
61 62
60 63
45 64
64 65
65 66
45 67
67 68
68 69
69 70
70 71
69 72
72 73
73 74
72 75
75 76
67 77
77 78
78 79
79 80
80 81
81 82
80 83
79 84
84 85
85 86
84 87
87 88
88 89
89 90
88 91
87 92
78 93
93 94
94 95
95 96
94 97
97 98
98 99
97 100
93 101
101 102
102 103
101 104
104 105
105 106
104 107
77 108
108 109
109 110
110 111
111 112
108 113
113 114
114 115
115 116
67 117
117 118
118 119
119 120
118 121
121 122
122 123
122 124
124 125
125 126
126 127
125 128
128 129
121 130
67 131
131 132
132 133
133 134
132 135
135 136
131 137
137 138
138 139
139 140
140 141
139 142
142 143
137 144
144 145
145 146
146 147
145 148
148 149
67 150
150 151
151 152
152 153
153 154
154 155
153 156
152 157
157 158
158 159
157 160
151 161
161 162
162 163
163 164
162 165
165 166
161 167
167 168
168 169
167 170
170 171
171 172
170 173
150 174
174 175
175 176
176 177
177 178
176 179
179 180
174 181
181 182
182 183
183 184
182 185
185 186
186 187
185 188
174 189
189 190
190 191
191 192
192 193
193 194
192 195
191 196
196 197
197 198
196 199
199 200
200 201
201 202
200 203
199 204
190 205
205 206
206 207
207 208
206 209
209 210
210 211
209 212
205 213
213 214
214 215
213 216
216 217
217 218
216 219
189 220
220 221
221 222
222 223
223 224
220 225
225 226
226 227
227 228
174 229
229 230
230 231
231 232
230 233
233 234
233 235
235 236
236 237
237 238
238 239
237 240
240 241
236 242
174 243
243 244
244 245
245 246
244 247
247 248
243 249
249 250
250 251
251 252
252 253
251 254
254 255
249 256
256 257
257 258
258 259
257 260
260 261
174 262
67 263
12 264
264 265
265 266
266 267
265 268
265 269
269 270
265 271
271 272
272 273
271 274
274 275
