0 1
1 2
1 3
3 4
3 5
5 6
5 7
5 8
8 9
1 10
10 11
10 12
12 13
12 14
12 15
1 16
16 17
16 18
16 19
19 20
20 21
19 22
16 23
23 24
16 25
25 26
26 27
27 28
27 29
29 30
27 31
31 32
32 33
33 34
32 35
31 36
27 37
25 38
38 39
39 40
40 41
41 42
40 43
43 44
39 45
39 46
46 47
47 48
46 49
46 50
50 51
46 52
52 53
53 54
52 55
55 56
1 57
57 58
57 59
57 60
60 61
61 62
60 63
57 64
64 65
64 66
57 67
67 68
67 69
57 70
57 71
71 72
72 73
73 74
74 75
74 76
74 77
77 78
78 79
77 80
71 81
81 82
82 83
83 84
83 85
83 86
86 87
87 88
86 89
71 90
90 91
91 92
92 93
93 94
92 95
91 96
96 97
97 98
98 99
97 100
97 101
101 102
96 103
103 104
104 105
103 106
103 107
107 108
90 109
109 110
110 111
111 112
71 113
113 114
114 115
115 116
116 117
115 118
118 119
119 120
118 121
114 122
122 123
123 124
124 125
123 126
123 127
127 128
122 129
129 130
130 131
129 132
129 133
133 134
113 135
135 136
136 137
137 138
71 139
139 140
140 141
141 142
141 143
141 144
144 145
71 146
146 147
147 148
148 149
148 150
148 151
151 152
71 153
153 154
154 155
155 156
156 157
157 158
156 159
155 160
160 161
161 162
160 163
163 164
164 165
163 166
154 167
167 168
168 169
169 170
168 171
168 172
172 173
167 174
174 175
175 176
174 177
174 178
178 179
153 180
180 181
181 182
182 183
183 184
180 185
185 186
186 187
187 188
71 189
189 190
190 191
191 192
71 193
193 194
194 195
195 196
196 197
195 198
198 199
194 200
200 201
193 202
202 203
203 204
204 205
205 206
205 207
204 208
208 209
209 210
208 211
211 212
202 213
213 214
214 215
215 216
215 217
214 218
218 219
71 220
220 221
221 222
222 223
223 224
222 225
221 226
226 227
227 228
227 229
229 230
230 231
231 232
230 233
226 234
234 235
220 236
236 237
237 238
237 239
239 240
237 241
241 242
237 243
71 244
244 245
245 246
246 247
247 248
246 249
245 250
250 251
251 252
251 253
253 254
254 255
255 256
256 257
255 258
254 259
259 260
250 261
261 262
244 263
263 264
264 265
264 266
266 267
264 268
268 269
264 270
