0 1
1 2
1 3
3 4
3 5
3 6
6 7
7 8
6 9
3 10
10 11
10 12
3 13
13 14
3 15
15 16
16 17
17 18
18 19
17 20
16 21
21 22
22 23
15 24
24 25
25 26
26 27
27 28
26 29
25 30
30 31
24 32
32 33
33 34
34 35
35 36
36 37
37 38
36 39
35 40
34 41
41 42
42 43
43 44
42 45
41 46
33 47
47 48
48 49
49 50
48 51
33 52
52 53
53 54
54 55
55 56
56 57
55 58
54 59
53 60
60 61
61 62
62 63
61 64
60 65
52 66
66 67
67 68
68 69
67 70
70 71
71 72
70 73
52 74
74 75
75 76
76 77
77 78
78 79
77 80
76 81
75 82
82 83
83 84
84 85
83 86
82 87
74 88
88 89
89 90
90 91
89 92
92 93
93 94
92 95
74 96
96 97
97 98
98 99
99 100
100 101
99 102
99 103
103 104
103 105
105 106
106 107
105 108
96 109
109 110
110 111
111 112
112 113
111 114
110 115
115 116
116 117
115 118
96 119
119 120
120 121
121 122
122 123
121 124
120 125
125 126
125 127
127 128
128 129
127 130
125 131
131 132
132 133
131 134
15 135
135 136
136 137
137 138
136 139
135 140
140 141
141 142
142 143
143 144
144 145
143 146
142 147
147 148
141 149
149 150
150 151
151 152
152 153
151 154
150 155
155 156
155 157
157 158
158 159
157 160
155 161
161 162
141 163
163 164
164 165
165 166
166 167
165 168
164 169
169 170
163 171
171 172
172 173
173 174
174 175
173 176
172 177
177 178
177 179
179 180
180 181
179 182
177 183
183 184
15 185
185 186
186 187
1 188
188 189
188 190
188 191
191 192
192 193
191 194
188 195
195 196
188 197
197 198
198 199
199 200
200 201
199 202
198 203
203 204
204 205
197 206
206 207
207 208
208 209
209 210
210 211
209 212
208 213
207 214
214 215
215 216
216 217
215 218
214 219
206 220
220 221
221 222
197 223
223 224
224 225
225 226
226 227
225 228
225 229
229 230
229 231
231 232
232 233
231 234
197 235
235 236
236 237
237 238
238 239
237 240
236 241
241 242
236 243
243 244
