0 1
1 2
1 3
3 4
3 5
3 6
6 7
7 8
6 9
3 10
10 11
10 12
3 13
13 14
3 15
15 16
16 17
17 18
18 19
17 20
16 21
21 22
22 23
15 24
24 25
25 26
26 27
27 28
26 29
25 30
30 31
24 32
32 33
33 34
34 35
35 36
36 37
35 38
34 39
39 40
39 41
41 42
42 43
41 44
39 45
45 46
24 47
47 48
48 49
49 50
50 51
49 52
48 53
53 54
47 55
55 56
56 57
57 58
58 59
59 60
58 61
57 62
62 63
62 64
64 65
65 66
64 67
62 68
68 69
47 70
70 71
71 72
72 73
73 74
74 75
73 76
72 77
71 78
78 79
79 80
80 81
81 82
80 83
71 84
84 85
85 86
86 87
87 88
86 89
85 90
84 91
91 92
92 93
93 94
94 95
93 96
84 97
97 98
98 99
99 100
100 101
101 102
100 103
100 104
104 105
104 106
106 107
107 108
106 109
97 110
110 111
111 112
112 113
113 114
112 115
111 116
116 117
117 118
116 119
97 120
120 121
121 122
122 123
123 124
122 125
121 126
126 127
126 128
128 129
129 130
128 131
126 132
132 133
133 134
132 135
15 136
136 137
137 138
1 139
139 140
139 141
139 142
142 143
143 144
142 145
139 146
146 147
139 148
148 149
149 150
150 151
151 152
150 153
149 154
154 155
155 156
148 157
157 158
158 159
159 160
160 161
159 162
158 163
157 164
164 165
165 166
166 167
167 168
166 169
169 170
170 171
169 172
148 173
173 174
174 175
