0 1
1 2
1 3
3 4
3 5
3 6
6 7
7 8
6 9
3 10
10 11
10 12
3 13
13 14
3 15
15 16
16 17
17 18
18 19
17 20
16 21
21 22
22 23
15 24
24 25
25 26
26 27
27 28
28 29
29 30
28 31
27 32
32 33
26 34
34 35
35 36
36 37
35 38
34 39
25 40
40 41
41 42
42 43
41 44
40 45
24 46
46 47
47 48
15 49
49 50
50 51
51 52
52 53
51 54
50 55
55 56
49 57
57 58
58 59
59 60
59 61
61 62
15 63
63 64
64 65
65 66
66 67
65 68
65 69
69 70
15 71
71 72
72 73
73 74
72 75
71 76
76 77
77 78
78 79
79 80
80 81
79 82
78 83
83 84
77 85
85 86
86 87
87 88
88 89
89 90
90 91
89 92
88 93
87 94
94 95
95 96
96 97
97 98
96 99
95 100
94 101
101 102
86 103
103 104
104 105
105 106
106 107
107 108
106 109
105 110
110 111
110 112
112 113
113 114
112 115
103 116
86 117
117 118
118 119
119 120
120 121
119 122
122 123
123 124
122 125
77 126
126 127
127 128
128 129
129 130
130 131
131 132
130 133
129 134
128 135
135 136
136 137
137 138
138 139
137 140
136 141
135 142
142 143
127 144
144 145
145 146
146 147
147 148
148 149
147 150
146 151
151 152
151 153
153 154
154 155
153 156
144 157
127 158
158 159
159 160
160 161
161 162
160 163
163 164
164 165
163 166
15 167
167 168
168 169
1 170
170 171
170 172
170 173
173 174
174 175
173 176
170 177
177 178
170 179
179 180
180 181
181 182
182 183
183 184
184 185
183 186
182 187
181 188
188 189
189 190
190 191
189 192
188 193
180 194
194 195
195 196
179 197
197 198
198 199
199 200
200 201
199 202
198 203
197 204
204 205
205 206
206 207
207 208
206 209
179 210
210 211
211 212
212 213
213 214
212 215
211 216
210 217
217 218
218 219
219 220
220 221
219 222
179 223
223 224
224 225
225 226
226 227
225 228
225 229
229 230
230 231
229 232
179 233
233 234
234 235
235 236
236 237
235 238
235 239
239 240
239 241
241 242
242 243
241 244
179 245
245 246
246 247
247 248
248 249
247 250
246 251
251 252
179 253
253 254
254 255
255 256
254 257
1 258
258 259
258 260
258 261
261 262
262 263
261 264
258 265
265 266
258 267
267 268
268 269
269 270
270 271
271 272
270 273
269 274
268 275
275 276
276 277
277 278
267 279
279 280
280 281
280 282
282 283
283 284
282 285
