0 1
1 2
1 3
3 4
3 5
3 6
6 7
7 8
6 9
3 10
10 11
10 12
3 13
13 14
3 15
15 16
16 17
17 18
18 19
19 20
19 21
21 22
18 23
18 24
24 25
25 26
15 27
27 28
28 29
28 30
30 31
28 32
32 33
15 34
34 35
35 36
36 37
37 38
37 39
39 40
36 41
36 42
42 43
43 44
15 45
45 46
46 47
46 48
48 49
46 50
50 51
15 52
52 53
53 54
54 55
55 56
54 57
54 58
58 59
52 60
60 61
61 62
15 63
63 64
64 65
65 66
66 67
65 68
64 69
64 70
70 71
15 72
72 73
73 74
74 75
75 76
74 77
73 78
73 79
79 80
15 81
81 82
82 83
83 84
84 85
83 86
83 87
87 88
87 89
89 90
90 91
91 92
92 93
91 94
90 95
15 96
96 97
97 98
98 99
98 100
98 101
15 102
102 103
103 104
104 105
104 106
104 107
102 108
108 109
109 110
108 111
111 112
112 113
111 114
102 115
115 116
116 117
102 118
118 119
119 120
120 121
121 122
122 123
121 124
121 125
125 126
120 127
127 128
119 129
118 130
130 131
131 132
132 133
133 134
132 135
135 136
131 137
137 138
138 139
137 140
137 141
141 142
118 143
143 144
144 145
145 146
15 147
147 148
148 149
149 150
150 151
149 152
149 153
153 154
153 155
155 156
156 157
157 158
158 159
157 160
156 161
15 162
162 163
163 164
164 165
164 166
164 167
15 168
168 169
169 170
170 171
170 172
170 173
168 174
174 175
175 176
174 177
177 178
178 179
177 180
168 181
181 182
182 183
168 184
184 185
185 186
186 187
187 188
188 189
187 190
187 191
191 192
186 193
193 194
185 195
184 196
196 197
197 198
198 199
199 200
198 201
201 202
197 203
203 204
204 205
203 206
203 207
207 208
184 209
209 210
210 211
211 212
15 213
213 214
214 215
215 216
216 217
215 218
214 219
214 220
220 221
221 222
220 223
220 224
224 225
15 226
226 227
227 228
228 229
229 230
228 231
227 232
227 233
233 234
234 235
233 236
233 237
237 238
15 239
239 240
240 241
240 242
242 243
240 244
244 245
1 246
246 247
246 248
246 249
249 250
250 251
249 252
246 253
253 254
254 255
254 256
256 257
253 258
246 259
259 260
246 261
261 262
262 263
263 264
264 265
263 266
262 267
267 268
268 269
261 270
270 271
271 272
272 273
271 274
271 275
275 276
276 277
275 278
261 279
279 280
280 281
281 282
282 283
281 284
280 285
285 286
285 287
287 288
288 289
287 290
285 291
291 292
261 293
293 294
294 295
295 296
296 297
295 298
294 299
299 300
299 301
301 302
302 303
301 304
299 305
305 306
261 307
307 308
308 309
1 310
310 311
310 312
310 313
313 314
314 315
313 316
310 317
317 318
318 319
318 320
320 321
317 322
310 323
323 324
310 325
325 326
326 327
327 328
328 329
327 330
326 331
331 332
332 333
325 334
334 335
335 336
336 337
337 338
336 339
335 340
340 341
340 342
342 343
343 344
342 345
340 346
346 347
325 348
348 349
349 350
350 351
349 352
349 353
353 354
354 355
353 356
325 357
357 358
358 359
359 360
360 361
359 362
358 363
363 364
363 365
365 366
366 367
365 368
363 369
369 370
325 371
371 372
372 373
1 374
374 375
374 376
374 377
377 378
378 379
377 380
374 381
381 382
382 383
381 384
374 385
385 386
374 387
387 388
388 389
389 390
390 391
391 392
392 393
391 394
390 395
389 396
396 397
397 398
398 399
397 400
396 401
388 402
402 403
387 404
404 405
405 406
406 407
406 408
406 409
387 410
410 411
411 412
412 413
412 414
412 415
410 416
416 417
417 418
416 419
419 420
420 421
419 422
410 423
423 424
424 425
410 426
426 427
427 428
428 429
429 430
430 431
429 432
428 433
433 434
434 435
433 436
436 437
427 438
438 439
439 440
440 441
441 442
440 443
443 444
438 445
387 446
446 447
447 448
448 449
449 450
448 451
448 452
452 453
453 454
452 455
455 456
456 457
455 458
387 459
459 460
460 461
461 462
462 463
461 464
460 465
465 466
465 467
467 468
468 469
467 470
467 471
471 472
467 473
467 474
474 475
475 476
474 477
465 478
478 479
479 480
478 481
478 482
482 483
478 484
478 485
485 486
387 487
487 488
488 489
489 490
490 491
489 492
488 493
493 494
493 495
495 496
496 497
495 498
495 499
499 500
495 501
501 502
502 503
501 504
495 505
505 506
506 507
505 508
493 509
509 510
510 511
509 512
509 513
513 514
509 515
515 516
516 517
515 518
509 519
519 520
520 521
519 522
387 523
523 524
524 525
