0 1
1 2
1 3
3 4
3 5
3 6
6 7
7 8
6 9
3 10
10 11
10 12
3 13
13 14
3 15
15 16
16 17
17 18
18 19
17 20
16 21
21 22
22 23
15 24
24 25
25 26
26 27
27 28
26 29
25 30
30 31
24 32
32 33
33 34
33 35
35 36
15 37
37 38
38 39
39 40
40 41
39 42
39 43
43 44
15 45
45 46
46 47
47 48
46 49
45 50
50 51
51 52
52 53
53 54
54 55
55 56
54 57
53 58
52 59
59 60
60 61
61 62
62 63
61 64
60 65
59 66
66 67
51 68
68 69
69 70
70 71
71 72
70 73
69 74
74 75
74 76
76 77
77 78
76 79
51 80
80 81
81 82
82 83
83 84
84 85
83 86
82 87
81 88
88 89
89 90
90 91
91 92
90 93
89 94
88 95
95 96
80 97
97 98
98 99
99 100
100 101
99 102
98 103
103 104
103 105
105 106
106 107
105 108
80 109
109 110
110 111
111 112
110 113
113 114
114 115
115 116
114 117
117 118
118 119
117 120
113 121
121 122
122 123
121 124
113 125
125 126
126 127
125 128
15 129
129 130
130 131
1 132
132 133
132 134
132 135
135 136
136 137
135 138
132 139
139 140
132 141
141 142
142 143
143 144
144 145
145 146
144 147
144 148
148 149
149 150
148 151
141 152
152 153
153 154
154 155
155 156
154 157
154 158
158 159
159 160
158 161
141 162
162 163
163 164
164 165
163 166
162 167
167 168
168 169
162 170
170 171
171 172
172 173
171 174
170 175
175 176
176 177
170 178
178 179
179 180
180 181
181 182
182 183
181 184
181 185
185 186
178 187
187 188
188 189
189 190
190 191
189 192
188 193
187 194
194 195
195 196
196 197
195 198
198 199
199 200
198 201
178 202
202 203
203 204
204 205
205 206
204 207
203 208
208 209
178 210
210 211
211 212
1 213
213 214
213 215
213 216
216 217
217 218
216 219
213 220
220 221
220 222
213 223
223 224
213 225
225 226
226 227
227 228
228 229
227 230
226 231
231 232
232 233
225 234
234 235
235 236
236 237
237 238
236 239
235 240
240 241
234 242
242 243
243 244
244 245
245 246
246 247
245 248
245 249
249 250
250 251
249 252
242 253
253 254
254 255
255 256
256 257
255 258
255 259
259 260
260 261
259 262
242 263
263 264
264 265
265 266
264 267
263 268
268 269
269 270
263 271
271 272
272 273
273 274
272 275
271 276
276 277
277 278
271 279
279 280
280 281
281 282
282 283
283 284
282 285
282 286
286 287
279 288
288 289
289 290
290 291
291 292
290 293
289 294
288 295
295 296
296 297
297 298
296 299
299 300
300 301
299 302
279 303
303 304
304 305
305 306
306 307
305 308
304 309
309 310
279 311
311 312
312 313
234 314
314 315
315 316
316 317
317 318
316 319
319 320
320 321
319 322
315 323
323 324
324 325
325 326
326 327
325 328
324 329
329 330
329 331
331 332
332 333
331 334
329 335
335 336
315 337
337 338
338 339
339 340
340 341
339 342
338 343
343 344
343 345
345 346
346 347
345 348
343 349
349 350
225 351
351 352
352 353
