0 1
1 2
1 3
3 4
3 5
3 6
6 7
7 8
6 9
3 10
10 11
10 12
3 13
13 14
3 15
15 16
16 17
17 18
18 19
17 20
16 21
21 22
22 23
15 24
24 25
25 26
26 27
27 28
26 29
25 30
30 31
24 32
32 33
33 34
34 35
35 36
36 37
35 38
34 39
39 40
39 41
41 42
42 43
41 44
39 45
45 46
24 47
47 48
48 49
49 50
50 51
49 52
48 53
53 54
47 55
55 56
56 57
57 58
58 59
59 60
58 61
57 62
62 63
62 64
64 65
65 66
64 67
62 68
68 69
47 70
70 71
71 72
72 73
73 74
74 75
73 76
72 77
77 78
71 79
79 80
80 81
81 82
82 83
83 84
84 85
83 86
82 87
81 88
88 89
89 90
90 91
89 92
88 93
80 94
94 95
95 96
79 97
97 98
98 99
99 100
100 101
99 102
98 103
97 104
104 105
105 106
106 107
107 108
106 109
97 110
110 111
111 112
112 113
113 114
112 115
111 116
110 117
117 118
118 119
119 120
120 121
119 122
79 123
123 124
124 125
125 126
126 127
125 128
125 129
129 130
129 131
131 132
132 133
131 134
79 135
135 136
136 137
137 138
138 139
137 140
136 141
141 142
142 143
141 144
79 145
145 146
146 147
147 148
148 149
147 150
146 151
151 152
151 153
153 154
154 155
153 156
151 157
157 158
158 159
157 160
15 161
161 162
162 163
1 164
164 165
164 166
164 167
167 168
168 169
167 170
164 171
171 172
164 173
173 174
174 175
175 176
176 177
177 178
176 179
175 180
174 181
181 182
182 183
183 184
184 185
183 186
186 187
187 188
186 189
173 190
190 191
191 192
