0 1
1 2
1 3
3 4
3 5
3 6
6 7
7 8
6 9
3 10
3 11
11 12
12 13
13 14
14 15
14 16
14 17
17 18
18 19
17 20
11 21
21 22
22 23
23 24
23 25
23 26
11 27
27 28
28 29
29 30
28 31
31 32
27 33
33 34
34 35
35 36
36 37
37 38
38 39
39 40
40 41
39 42
42 43
38 44
44 45
37 46
46 47
47 48
48 49
47 50
50 51
46 52
52 53
36 54
54 55
55 56
56 57
55 58
58 59
54 60
60 61
35 62
62 63
63 64
64 65
63 66
66 67
62 68
68 69
69 70
68 71
71 72
72 73
71 74
74 75
34 76
76 77
77 78
78 79
78 80
80 81
78 82
82 83
78 84
84 85
85 86
84 87
87 88
33 89
89 90
90 91
91 92
11 93
93 94
94 95
95 96
95 97
95 98
93 99
99 100
100 101
99 102
102 103
93 104
104 105
105 106
93 107
107 108
108 109
109 110
110 111
111 112
110 113
113 114
109 115
115 116
108 117
117 118
118 119
11 120
120 121
121 122
122 123
123 124
124 125
123 126
122 127
127 128
121 129
129 130
130 131
129 132
121 133
133 134
1 135
135 136
135 137
137 138
138 139
137 140
135 141
141 142
141 143
135 144
144 145
144 146
135 147
135 148
148 149
149 150
150 151
151 152
151 153
151 154
154 155
155 156
154 157
157 158
148 159
159 160
160 161
161 162
162 163
161 164
164 165
160 166
166 167
167 168
166 169
169 170
148 171
171 172
172 173
173 174
174 175
173 176
176 177
172 178
178 179
