0 1
1 2
1 3
3 4
3 5
3 6
6 7
7 8
6 9
3 10
3 11
11 12
12 13
13 14
14 15
13 16
13 17
17 18
11 19
19 20
20 21
21 22
20 23
20 24
24 25
11 26
26 27
27 28
28 29
28 30
28 31
11 32
32 33
33 34
34 35
34 36
34 37
32 38
38 39
39 40
38 41
41 42
42 43
41 44
32 45
45 46
46 47
32 48
48 49
49 50
50 51
51 52
52 53
51 54
54 55
50 56
49 57
57 58
58 59
59 60
60 61
61 62
60 63
63 64
59 65
65 66
58 67
67 68
68 69
69 70
57 71
71 72
72 73
73 74
11 75
75 76
76 77
1 78
78 79
78 80
78 81
78 82
82 83
83 84
82 85
78 86
78 87
87 88
88 89
89 90
90 91
90 92
90 93
93 94
94 95
93 96
87 97
97 98
98 99
99 100
99 101
99 102
87 103
103 104
104 105
105 106
105 107
105 108
103 109
109 110
110 111
109 112
112 113
113 114
112 115
103 116
116 117
117 118
103 119
119 120
120 121
121 122
122 123
123 124
122 125
125 126
121 127
127 128
128 129
127 130
130 131
131 132
130 133
120 134
134 135
135 136
136 137
137 138
138 139
137 140
140 141
141 142
136 143
143 144
144 145
143 146
146 147
87 148
148 149
149 150
150 151
151 152
150 153
153 154
154 155
149 156
156 157
157 158
156 159
159 160
160 161
159 162
