0 1
1 2
1 3
3 4
3 5
3 6
6 7
7 8
6 9
3 10
3 11
11 12
12 13
13 14
14 15
14 16
14 17
17 18
18 19
17 20
11 21
21 22
22 23
23 24
23 25
23 26
21 27
27 28
28 29
27 30
30 31
31 32
30 33
21 34
34 35
35 36
21 37
37 38
38 39
39 40
40 41
41 42
42 43
43 44
42 45
45 46
41 47
40 48
48 49
49 50
50 51
49 52
52 53
48 54
54 55
39 56
56 57
57 58
58 59
57 60
60 61
56 62
62 63
63 64
62 65
65 66
66 67
67 68
66 69
69 70
65 71
38 72
72 73
73 74
74 75
75 76
75 77
75 78
78 79
79 80
78 81
81 82
82 83
83 84
82 85
85 86
81 87
72 88
88 89
89 90
90 91
91 92
90 93
93 94
94 95
95 96
94 97
97 98
93 99
89 100
100 101
101 102
100 103
103 104
72 105
105 106
106 107
107 108
108 109
107 110
110 111
106 112
112 113
11 114
114 115
115 116
116 117
116 118
116 119
114 120
120 121
121 122
120 123
123 124
114 125
125 126
126 127
114 128
128 129
129 130
130 131
131 132
132 133
131 134
134 135
130 136
136 137
137 138
136 139
129 140
140 141
141 142
142 143
143 144
142 145
11 146
146 147
147 148
148 149
147 150
