0 1
1 2
1 3
3 4
3 5
3 6
6 7
7 8
6 9
3 10
3 11
11 12
12 13
13 14
14 15
14 16
14 17
17 18
18 19
17 20
11 21
21 22
22 23
23 24
23 25
23 26
11 27
27 28
28 29
29 30
28 31
31 32
27 33
33 34
34 35
35 36
36 37
36 38
36 39
39 40
40 41
41 42
40 43
43 44
39 45
33 46
46 47
47 48
48 49
49 50
50 51
49 52
52 53
48 54
47 55
55 56
56 57
55 58
58 59
46 60
60 61
61 62
62 63
63 64
64 65
63 66
66 67
62 68
68 69
69 70
68 71
71 72
61 73
73 74
74 75
75 76
76 77
76 78
76 79
79 80
80 81
79 82
82 83
73 84
84 85
85 86
86 87
87 88
86 89
89 90
85 91
91 92
92 93
91 94
94 95
73 96
96 97
97 98
98 99
99 100
98 101
101 102
97 103
103 104
61 105
105 106
106 107
107 108
108 109
46 110
110 111
111 112
112 113
113 114
11 115
115 116
116 117
117 118
116 119
115 120
120 121
121 122
120 123
123 124
115 125
125 126
126 127
115 128
128 129
129 130
130 131
131 132
132 133
131 134
134 135
130 136
136 137
137 138
136 139
129 140
140 141
141 142
142 143
143 144
142 145
11 146
146 147
147 148
148 149
147 150
