0 1
1 2
1 3
3 4
3 5
5 6
6 7
5 8
3 9
9 10
9 11
3 12
12 13
12 14
3 15
3 16
16 17
17 18
18 19
19 20
19 21
19 22
18 23
23 24
23 25
23 26
26 27
27 28
26 29
16 30
30 31
31 32
32 33
31 34
34 35
30 36
36 37
37 38
38 39
39 40
39 41
39 42
42 43
43 44
44 45
45 46
44 47
47 48
42 49
36 50
50 51
51 52
52 53
53 54
52 55
55 56
51 57
57 58
50 59
59 60
36 61
61 62
62 63
63 64
64 65
63 66
66 67
62 68
68 69
61 70
70 71
71 72
72 73
71 74
74 75
75 76
74 77
61 78
78 79
79 80
80 81
79 82
82 83
83 84
82 85
16 86
86 87
1 88
88 89
88 90
88 91
91 92
92 93
91 94
88 95
88 96
96 97
97 98
98 99
99 100
99 101
99 102
102 103
103 104
102 105
96 106
106 107
107 108
108 109
107 110
107 111
111 112
96 113
113 114
114 115
115 116
115 117
115 118
96 119
119 120
120 121
120 122
122 123
120 124
124 125
120 126
126 127
119 128
128 129
129 130
130 131
131 132
96 133
133 134
134 135
