0 1
1 2
1 3
3 4
3 5
3 6
6 7
7 8
6 9
3 10
3 11
11 12
12 13
13 14
14 15
13 16
13 17
17 18
11 19
19 20
20 21
21 22
22 23
23 24
22 25
25 26
26 27
27 28
26 29
25 30
21 31
20 32
32 33
33 34
34 35
33 36
32 37
19 38
38 39
11 40
40 41
41 42
42 43
42 44
42 45
45 46
46 47
45 48
11 49
49 50
50 51
51 52
51 53
51 54
11 55
55 56
56 57
57 58
57 59
57 60
55 61
61 62
62 63
61 64
64 65
65 66
64 67
55 68
68 69
69 70
55 71
71 72
72 73
73 74
74 75
73 76
76 77
77 78
76 79
79 80
72 81
71 82
82 83
83 84
84 85
83 86
82 87
87 88
88 89
89 90
88 91
71 92
92 93
93 94
94 95
93 96
92 97
97 98
98 99
99 100
100 101
99 102
102 103
103 104
102 105
105 106
92 107
107 108
108 109
109 110
110 111
109 112
112 113
108 114
114 115
115 116
114 117
107 118
118 119
119 120
120 121
121 122
120 123
123 124
124 125
123 126
107 127
127 128
128 129
127 130
130 131
131 132
132 133
133 134
132 135
11 136
136 137
137 138
138 139
137 140
136 141
141 142
142 143
143 144
142 145
11 146
146 147
147 148
146 149
149 150
150 151
151 152
150 153
11 154
154 155
