0 1
1 2
1 3
3 4
3 5
3 6
6 7
7 8
6 9
3 10
10 11
10 12
3 13
3 14
14 15
15 16
16 17
17 18
18 19
17 20
17 21
21 22
22 23
21 24
14 25
25 26
26 27
26 28
28 29
26 30
30 31
26 32
32 33
14 34
34 35
35 36
36 37
37 38
36 39
35 40
1 41
41 42
41 43
41 44
44 45
45 46
44 47
41 48
48 49
48 50
41 51
51 52
52 53
51 54
41 55
41 56
56 57
57 58
58 59
59 60
58 61
57 62
62 63
56 64
64 65
65 66
65 67
67 68
68 69
67 70
65 71
71 72
65 73
73 74
56 75
75 76
76 77
77 78
78 79
77 80
56 81
81 82
82 83
83 84
84 85
83 86
82 87
87 88
81 89
89 90
90 91
91 92
92 93
93 94
92 95
91 96
96 97
89 98
56 99
99 100
100 101
100 102
102 103
103 104
102 105
100 106
106 107
100 108
108 109
