0 1
1 2
1 3
3 4
3 5
5 6
5 7
5 8
1 9
9 10
9 11
11 12
11 13
11 14
1 15
15 16
15 17
17 18
17 19
17 20
1 21
21 22
21 23
21 24
24 25
25 26
24 27
21 28
28 29
28 30
21 31
21 32
32 33
33 34
34 35
35 36
34 37
33 38
38 39
39 40
32 41
41 42
42 43
42 44
44 45
45 46
44 47
42 48
48 49
32 50
50 51
51 52
52 53
51 54
54 55
50 56
56 57
57 58
58 59
59 60
56 61
61 62
62 63
63 64
62 65
56 66
66 67
67 68
68 69
67 70
70 71
71 72
70 73
50 74
74 75
75 76
76 77
77 78
32 79
79 80
80 81
80 82
82 83
83 84
82 85
80 86
86 87
32 88
88 89
89 90
88 91
91 92
92 93
93 94
32 95
95 96
96 97
97 98
96 99
