0 1
1 2
1 3
3 4
3 5
3 6
6 7
7 8
6 9
3 10
10 11
10 12
3 13
3 14
14 15
15 16
16 17
17 18
18 19
17 20
17 21
21 22
14 23
23 24
24 25
25 26
26 27
25 28
25 29
14 30
30 31
31 32
32 33
31 34
30 35
35 36
36 37
37 38
38 39
39 40
38 41
37 42
36 43
43 44
44 45
45 46
46 47
45 48
44 49
49 50
50 51
51 52
50 53
43 54
54 55
55 56
56 57
43 58
58 59
59 60
60 61
59 62
62 63
63 64
62 65
36 66
66 67
67 68
68 69
69 70
68 71
71 72
71 73
73 74
66 75
75 76
76 77
77 78
78 79
77 80
76 81
75 82
82 83
83 84
84 85
85 86
86 87
85 88
84 89
89 90
82 91
91 92
92 93
93 94
92 95
95 96
96 97
95 98
75 99
99 100
100 101
101 102
102 103
103 104
102 105
101 106
99 107
107 108
108 109
109 110
108 111
107 112
112 113
113 114
114 115
113 116
99 117
117 118
118 119
119 120
99 121
121 122
122 123
123 124
122 125
125 126
126 127
125 128
14 129
129 130
1 131
131 132
131 133
131 134
134 135
135 136
134 137
131 138
138 139
131 140
140 141
141 142
142 143
143 144
144 145
143 146
143 147
147 148
148 149
147 150
140 151
151 152
152 153
153 154
154 155
155 156
154 157
153 158
152 159
159 160
160 161
161 162
160 163
159 164
164 165
151 166
166 167
167 168
168 169
167 170
170 171
171 172
170 173
140 174
174 175
175 176
