0 1
1 2
1 3
3 4
4 5
4 6
4 7
1 8
8 9
9 10
9 11
9 12
1 13
13 14
13 15
13 16
16 17
17 18
16 19
13 20
20 21
20 22
13 23
13 24
24 25
25 26
26 27
26 28
28 29
26 30
30 31
24 32
32 33
33 34
24 35
24 36
24 37
24 38
1 39
39 40
39 41
39 42
42 43
43 44
42 45
39 46
46 47
46 48
39 49
39 50
50 51
51 52
52 53
53 54
52 55
51 56
50 57
57 58
58 59
58 60
60 61
61 62
60 63
58 64
64 65
50 66
66 67
67 68
68 69
50 70
70 71
71 72
72 73
71 74
74 75
70 76
76 77
77 78
78 79
79 80
78 81
81 82
82 83
81 84
76 85
50 86
86 87
87 88
87 89
89 90
90 91
89 92
87 93
93 94
1 95
1 96
1 97
1 98
1 99
1 100
