0 1
1 2
1 3
3 4
3 5
3 6
6 7
7 8
6 9
3 10
10 11
3 12
12 13
13 14
14 15
15 16
16 17
15 18
14 19
19 20
20 21
21 22
20 23
19 24
13 25
25 26
26 27
12 28
28 29
29 30
30 31
31 32
30 33
30 34
34 35
12 36
36 37
37 38
38 39
39 40
38 41
38 42
42 43
43 44
42 45
12 46
46 47
47 48
48 49
49 50
48 51
48 52
52 53
12 54
54 55
54 56
56 57
57 58
58 59
59 60
60 61
59 62
59 63
63 64
64 65
63 66
56 67
67 68
68 69
69 70
70 71
69 72
68 73
73 74
74 75
75 76
74 77
73 78
67 79
79 80
80 81
81 82
82 83
83 84
82 85
81 86
86 87
79 88
88 89
89 90
90 91
91 92
90 93
89 94
94 95
79 96
56 97
97 98
98 99
99 100
100 101
99 102
98 103
103 104
104 105
103 106
56 107
107 108
108 109
109 110
110 111
109 112
108 113
113 114
56 115
115 116
116 117
117 118
116 119
119 120
56 121
121 122
122 123
123 124
122 125
125 126
126 127
125 128
12 129
129 130
130 131
