0 1
1 2
1 3
3 4
3 5
3 6
6 7
7 8
6 9
3 10
10 11
3 12
12 13
13 14
14 15
15 16
16 17
15 18
14 19
19 20
20 21
21 22
20 23
19 24
13 25
25 26
26 27
12 28
28 29
29 30
30 31
31 32
30 33
30 34
34 35
12 36
36 37
37 38
38 39
39 40
38 41
38 42
42 43
43 44
42 45
12 46
46 47
47 48
48 49
47 50
50 51
51 52
50 53
12 54
54 55
55 56
56 57
57 58
56 59
12 60
60 61
60 62
62 63
63 64
64 65
65 66
66 67
65 68
64 69
69 70
70 71
69 72
62 73
73 74
74 75
75 76
76 77
75 78
74 79
79 80
62 81
81 82
82 83
83 84
82 85
85 86
62 87
87 88
88 89
89 90
88 91
91 92
92 93
91 94
62 95
95 96
96 97
97 98
98 99
97 100
96 101
101 102
102 103
103 104
102 105
101 106
95 107
62 108
108 109
109 110
110 111
109 112
112 113
113 114
112 115
62 116
116 117
117 118
118 119
119 120
118 121
117 122
122 123
12 124
124 125
125 126
