0 1
1 2
1 3
3 4
3 5
3 6
6 7
7 8
6 9
3 10
10 11
3 12
12 13
13 14
14 15
15 16
16 17
15 18
14 19
19 20
20 21
21 22
20 23
19 24
13 25
25 26
26 27
27 28
12 29
29 30
30 31
31 32
32 33
31 34
31 35
35 36
36 37
35 38
12 39
39 40
40 41
40 42
42 43
40 44
12 45
45 46
46 47
1 48
48 49
48 50
48 51
51 52
52 53
51 54
48 55
55 56
56 57
55 58
48 59
48 60
60 61
61 62
62 63
63 64
64 65
63 66
62 67
67 68
68 69
69 70
68 71
67 72
61 73
73 74
60 75
75 76
76 77
77 78
78 79
77 80
77 81
81 82
82 83
83 84
82 85
81 86
60 87
87 88
88 89
89 90
90 91
89 92
89 93
93 94
94 95
93 96
60 97
97 98
98 99
99 100
100 101
99 102
98 103
103 104
60 105
105 106
106 107
107 108
108 109
107 110
106 111
111 112
60 113
113 114
114 115
115 116
114 117
113 118
118 119
119 120
120 121
121 122
122 123
121 124
120 125
125 126
60 127
127 128
128 129
129 130
128 131
131 132
60 133
133 134
134 135
134 136
136 137
134 138
138 139
