0 1
1 2
1 3
3 4
3 5
3 6
6 7
7 8
6 9
3 10
10 11
3 12
12 13
13 14
14 15
15 16
16 17
15 18
14 19
19 20
20 21
21 22
20 23
19 24
13 25
25 26
26 27
27 28
12 29
29 30
30 31
31 32
32 33
31 34
31 35
35 36
12 37
37 38
38 39
39 40
39 41
12 42
42 43
43 44
44 45
45 46
44 47
43 48
48 49
49 50
50 51
49 52
48 53
42 54
54 55
55 56
56 57
57 58
56 59
59 60
60 61
59 62
54 63
63 64
64 65
65 66
66 67
65 68
64 69
69 70
70 71
71 72
70 73
69 74
54 75
75 76
76 77
77 78
78 79
79 80
78 81
77 82
76 83
83 84
54 85
85 86
86 87
87 88
86 89
89 90
90 91
91 92
90 93
89 94
12 95
95 96
96 97
