0 1
1 2
1 3
3 4
3 5
3 6
6 7
7 8
6 9
3 10
10 11
3 12
12 13
13 14
14 15
15 16
16 17
15 18
15 19
19 20
20 21
19 22
22 23
12 24
24 25
25 26
26 27
27 28
26 29
25 30
30 31
12 32
32 33
33 34
34 35
35 36
34 37
34 38
38 39
12 40
40 41
41 42
42 43
43 44
42 45
42 46
46 47
12 48
48 49
49 50
50 51
51 52
50 53
49 54
54 55
55 56
56 57
55 58
54 59
48 60
60 61
61 62
62 63
63 64
64 65
63 66
63 67
67 68
68 69
69 70
68 71
67 72
60 73
73 74
74 75
75 76
76 77
75 78
75 79
79 80
80 81
79 82
60 83
83 84
84 85
85 86
86 87
87 88
86 89
85 90
84 91
91 92
60 93
93 94
94 95
95 96
96 97
95 98
94 99
99 100
60 101
101 102
102 103
103 104
104 105
103 106
102 107
107 108
60 109
109 110
110 111
111 112
110 113
113 114
60 115
115 116
116 117
117 118
116 119
115 120
120 121
121 122
122 123
121 124
124 125
125 126
124 127
12 128
128 129
129 130
130 131
129 132
0 133
