0 1
1 2
1 3
3 4
3 5
3 6
6 7
7 8
6 9
3 10
10 11
10 12
3 13
13 14
13 15
15 16
15 17
17 18
3 19
19 20
20 21
21 22
21 23
23 24
21 25
25 26
1 27
27 28
27 29
29 30
30 31
29 32
27 33
33 34
33 35
27 36
36 37
36 38
38 39
38 40
40 41
27 42
42 43
43 44
44 45
45 46
46 47
46 48
48 49
48 50
50 51
45 52
45 53
53 54
54 55
42 56
56 57
57 58
58 59
57 60
56 61
61 62
62 63
63 64
42 65
65 66
66 67
67 68
68 69
68 70
70 71
67 72
67 73
73 74
74 75
42 76
76 77
77 78
78 79
79 80
79 81
81 82
81 83
83 84
78 85
78 86
86 87
87 88
42 89
89 90
90 91
91 92
92 93
92 94
94 95
91 96
91 97
97 98
98 99
42 100
100 101
101 102
102 103
101 104
101 105
105 106
42 107
107 108
108 109
109 110
108 111
108 112
112 113
113 114
42 115
115 116
116 117
117 118
116 119
116 120
42 121
121 122
122 123
123 124
124 125
123 126
121 127
127 128
128 129
129 130
130 131
131 132
130 133
130 134
134 135
135 136
134 137
127 138
138 139
139 140
140 141
141 142
141 143
143 144
140 145
140 146
146 147
147 148
146 149
127 150
150 151
151 152
152 153
152 154
152 155
155 156
156 157
155 158
127 159
159 160
160 161
161 162
160 163
160 164
164 165
165 166
164 167
127 168
168 169
169 170
170 171
169 172
172 173
173 174
172 175
127 176
176 177
177 178
178 179
179 180
180 181
179 182
178 183
177 184
184 185
185 186
186 187
185 188
184 189
176 190
190 191
191 192
192 193
193 194
192 195
195 196
191 197
197 198
198 199
199 200
200 201
199 202
199 203
203 204
204 205
203 206
206 207
176 208
208 209
209 210
210 211
211 212
212 213
211 214
210 215
209 216
216 217
217 218
218 219
219 220
218 221
218 222
222 223
223 224
222 225
216 226
226 227
227 228
228 229
227 230
227 231
231 232
232 233
231 234
234 235
216 236
236 237
237 238
238 239
237 240
237 241
241 242
208 243
243 244
244 245
245 246
246 247
245 248
244 249
243 250
250 251
251 252
252 253
253 254
252 255
252 256
256 257
257 258
256 259
250 260
260 261
261 262
262 263
261 264
261 265
265 266
266 267
265 268
268 269
250 270
270 271
271 272
272 273
271 274
271 275
275 276
42 277
277 278
278 279
