0 1
1 2
1 3
3 4
4 5
5 6
5 7
7 8
7 9
9 10
4 11
1 12
12 13
12 14
12 15
15 16
16 17
15 18
12 19
19 20
19 21
12 22
22 23
22 24
24 25
24 26
26 27
12 28
28 29
29 30
30 31
31 32
30 33
33 34
34 35
28 36
36 37
37 38
37 39
39 40
37 41
41 42
37 43
43 44
44 45
28 46
46 47
47 48
1 49
49 50
49 51
51 52
52 53
51 54
49 55
55 56
55 57
49 58
58 59
59 60
59 61
61 62
58 63
49 64
49 65
65 66
66 67
67 68
68 69
67 70
66 71
65 72
72 73
73 74
73 75
75 76
72 77
77 78
78 79
79 80
80 81
79 82
82 83
83 84
82 85
78 86
86 87
87 88
88 89
89 90
88 91
88 92
92 93
93 94
92 95
86 96
96 97
97 98
98 99
97 100
97 101
101 102
102 103
101 104
104 105
86 106
106 107
107 108
108 109
107 110
107 111
111 112
112 113
113 114
112 115
111 116
77 117
65 118
118 119
119 120
120 121
119 122
119 123
123 124
124 125
123 126
65 127
127 128
128 129
128 130
130 131
131 132
130 133
128 134
134 135
135 136
134 137
137 138
138 139
137 140
128 141
141 142
65 143
143 144
144 145
144 146
146 147
147 148
146 149
144 150
150 151
151 152
150 153
153 154
154 155
153 156
144 157
157 158
65 159
159 160
160 161
161 162
160 163
160 164
164 165
165 166
166 167
165 168
164 169
1 170
170 171
170 172
170 173
173 174
174 175
173 176
170 177
170 178
178 179
179 180
180 181
181 182
182 183
181 184
180 185
185 186
186 187
185 188
