0 1
1 2
1 3
3 4
3 5
3 6
6 7
7 8
6 9
3 10
10 11
10 12
3 13
13 14
13 15
15 16
15 17
17 18
3 19
19 20
20 21
21 22
22 23
23 24
23 25
25 26
25 27
27 28
22 29
22 30
30 31
31 32
19 33
33 34
34 35
35 36
36 37
36 38
38 39
35 40
35 41
41 42
42 43
19 44
44 45
45 46
45 47
47 48
45 49
49 50
45 51
51 52
45 53
53 54
19 55
55 56
56 57
1 58
58 59
58 60
58 61
61 62
62 63
61 64
58 65
65 66
66 67
66 68
68 69
65 70
58 71
71 72
72 73
72 74
74 75
74 76
76 77
71 78
58 79
79 80
79 81
58 82
58 83
83 84
84 85
85 86
86 87
85 88
84 89
83 90
90 91
91 92
92 93
91 94
94 95
95 96
94 97
83 98
98 99
99 100
100 101
99 102
99 103
103 104
104 105
103 106
83 107
107 108
108 109
109 110
110 111
111 112
110 113
109 114
108 115
115 116
116 117
117 118
116 119
115 120
107 121
121 122
122 123
123 124
124 125
123 126
122 127
127 128
128 129
129 130
130 131
129 132
129 133
133 134
134 135
134 136
136 137
133 138
138 139
83 140
140 141
141 142
141 143
143 144
144 145
143 146
141 147
147 148
141 149
149 150
141 151
151 152
83 153
153 154
154 155
154 156
156 157
157 158
156 159
154 160
160 161
154 162
162 163
154 164
164 165
83 166
166 167
167 168
168 169
167 170
