0 1
1 2
1 3
3 4
3 5
3 6
6 7
7 8
6 9
3 10
10 11
10 12
3 13
13 14
13 15
15 16
15 17
17 18
3 19
19 20
20 21
21 22
22 23
23 24
23 25
25 26
25 27
27 28
22 29
22 30
30 31
31 32
31 33
33 34
33 35
35 36
19 37
37 38
38 39
39 40
38 41
37 42
42 43
43 44
19 45
45 46
46 47
46 48
48 49
46 50
50 51
46 52
52 53
46 54
54 55
55 56
55 57
57 58
19 59
59 60
60 61
1 62
62 63
62 64
62 65
65 66
66 67
65 68
62 69
69 70
70 71
70 72
72 73
72 74
74 75
69 76
62 77
77 78
77 79
62 80
80 81
81 82
81 83
83 84
80 85
62 86
62 87
87 88
88 89
89 90
90 91
89 92
88 93
87 94
94 95
95 96
96 97
97 98
98 99
97 100
96 101
95 102
102 103
103 104
104 105
103 106
102 107
94 108
108 109
109 110
110 111
111 112
110 113
110 114
114 115
115 116
114 117
108 118
118 119
119 120
120 121
120 122
120 123
108 124
124 125
125 126
126 127
127 128
126 129
125 130
125 131
131 132
108 133
133 134
134 135
135 136
135 137
135 138
133 139
139 140
140 141
139 142
142 143
143 144
142 145
133 146
146 147
147 148
133 149
149 150
150 151
151 152
152 153
151 154
154 155
155 156
154 157
157 158
158 159
157 160
157 161
161 162
108 163
163 164
164 165
165 166
166 167
165 168
164 169
164 170
170 171
108 172
172 173
173 174
174 175
173 176
176 177
172 178
178 179
179 180
180 181
179 182
179 183
183 184
184 185
184 186
186 187
183 188
188 189
87 190
190 191
191 192
192 193
191 194
191 195
195 196
196 197
195 198
87 199
199 200
200 201
200 202
202 203
203 204
202 205
200 206
206 207
200 208
208 209
200 210
210 211
211 212
211 213
213 214
210 215
215 216
87 217
217 218
218 219
218 220
220 221
221 222
220 223
218 224
224 225
218 226
226 227
218 228
228 229
229 230
229 231
231 232
228 233
233 234
