0 1
1 2
1 3
3 4
3 5
3 6
6 7
6 8
3 9
9 10
9 11
11 12
11 13
13 14
3 15
15 16
16 17
17 18
18 19
19 20
19 21
21 22
21 23
23 24
18 25
18 26
26 27
27 28
15 29
29 30
30 31
31 32
30 33
29 34
34 35
35 36
36 37
37 38
38 39
38 40
40 41
37 42
37 43
43 44
44 45
34 46
46 47
47 48
48 49
47 50
47 51
34 52
52 53
53 54
54 55
53 56
53 57
57 58
34 59
59 60
60 61
29 62
62 63
63 64
64 65
63 66
62 67
67 68
68 69
69 70
70 71
71 72
71 73
73 74
70 75
70 76
76 77
77 78
67 79
79 80
80 81
81 82
80 83
80 84
67 85
85 86
86 87
87 88
86 89
86 90
90 91
67 92
92 93
93 94
94 95
95 96
95 97
97 98
94 99
94 100
100 101
101 102
67 103
103 104
104 105
105 106
104 107
104 108
67 109
109 110
110 111
111 112
110 113
110 114
67 115
115 116
116 117
117 118
116 119
116 120
120 121
67 122
122 123
123 124
62 125
125 126
126 127
127 128
128 129
129 130
129 131
131 132
128 133
128 134
134 135
135 136
125 137
137 138
138 139
139 140
138 141
138 142
125 143
143 144
144 145
145 146
144 147
144 148
148 149
125 150
150 151
151 152
152 153
153 154
153 155
155 156
152 157
152 158
158 159
159 160
125 161
161 162
162 163
163 164
162 165
162 166
125 167
167 168
168 169
169 170
168 171
168 172
125 173
173 174
174 175
175 176
174 177
174 178
178 179
125 180
180 181
181 182
182 183
182 184
182 185
180 186
186 187
187 188
186 189
189 190
180 191
191 192
192 193
180 194
194 195
195 196
196 197
197 198
198 199
198 200
200 201
197 202
197 203
203 204
204 205
194 206
206 207
207 208
208 209
209 210
209 211
211 212
208 213
208 214
214 215
215 216
194 217
217 218
218 219
219 220
218 221
221 222
222 223
221 224
221 225
225 226
226 227
225 228
194 229
229 230
230 231
231 232
230 233
230 234
194 235
235 236
236 237
237 238
237 239
237 240
235 241
241 242
242 243
241 244
244 245
245 246
246 247
245 248
244 249
235 250
250 251
251 252
235 253
253 254
254 255
255 256
256 257
255 258
255 259
259 260
260 261
261 262
260 263
260 264
264 265
259 266
266 267
267 268
266 269
266 270
270 271
271 272
270 273
194 274
274 275
275 276
276 277
275 278
275 279
194 280
280 281
281 282
282 283
281 284
281 285
285 286
15 287
287 288
288 289
