0 1
1 2
1 3
3 4
3 5
3 6
6 7
6 8
3 9
9 10
9 11
11 12
11 13
13 14
3 15
15 16
16 17
17 18
18 19
19 20
19 21
21 22
21 23
23 24
18 25
18 26
26 27
27 28
26 29
29 30
15 31
31 32
32 33
33 34
33 35
33 36
31 37
37 38
38 39
37 40
40 41
31 42
42 43
43 44
31 45
45 46
46 47
47 48
48 49
49 50
49 51
51 52
48 53
48 54
54 55
55 56
54 57
57 58
58 59
57 60
45 61
61 62
62 63
63 64
62 65
61 66
66 67
67 68
68 69
69 70
68 71
68 72
61 73
73 74
74 75
75 76
76 77
76 78
76 79
74 80
80 81
81 82
80 83
83 84
84 85
83 86
74 87
87 88
88 89
74 90
90 91
91 92
92 93
93 94
94 95
94 96
96 97
93 98
93 99
99 100
100 101
99 102
99 103
103 104
104 105
103 106
90 107
107 108
108 109
109 110
110 111
109 112
108 113
113 114
114 115
113 116
116 117
117 118
116 119
107 120
120 121
121 122
122 123
123 124
122 125
122 126
107 127
127 128
128 129
129 130
130 131
129 132
129 133
133 134
134 135
135 136
134 137
134 138
138 139
139 140
138 141
133 142
142 143
143 144
142 145
142 146
146 147
45 148
148 149
149 150
150 151
149 152
149 153
153 154
15 155
155 156
156 157
