0 1
1 2
1 3
3 4
3 5
3 6
6 7
6 8
3 9
9 10
9 11
11 12
11 13
13 14
3 15
15 16
16 17
17 18
18 19
19 20
19 21
21 22
18 23
18 24
24 25
25 26
15 27
27 28
28 29
29 30
28 31
28 32
15 33
33 34
34 35
35 36
36 37
36 38
38 39
38 40
40 41
35 42
35 43
43 44
44 45
15 46
46 47
47 48
48 49
49 50
48 51
46 52
52 53
53 54
54 55
55 56
56 57
56 58
58 59
55 60
55 61
61 62
62 63
52 64
64 65
65 66
66 67
67 68
67 69
69 70
66 71
66 72
72 73
73 74
52 75
75 76
76 77
77 78
76 79
76 80
52 81
81 82
82 83
83 84
83 85
83 86
52 87
87 88
88 89
89 90
89 91
89 92
52 93
93 94
94 95
95 96
96 97
95 98
93 99
99 100
100 101
101 102
102 103
102 104
102 105
105 106
106 107
105 108
99 109
109 110
110 111
111 112
110 113
110 114
114 115
99 116
116 117
117 118
118 119
117 120
120 121
121 122
120 123
123 124
99 125
125 126
126 127
127 128
99 129
129 130
130 131
131 132
130 133
129 134
134 135
135 136
136 137
137 138
136 139
136 140
140 141
134 142
142 143
143 144
144 145
134 146
146 147
147 148
148 149
147 150
150 151
52 152
152 153
153 154
154 155
153 156
153 157
157 158
52 159
159 160
160 161
161 162
160 163
160 164
52 165
165 166
166 167
167 168
167 169
165 170
170 171
165 172
172 173
173 174
174 175
173 176
173 177
177 178
52 179
179 180
180 181
181 182
52 183
183 184
184 185
185 186
184 187
183 188
15 189
189 190
190 191
