0 1
1 2
1 3
3 4
3 5
3 6
3 7
7 8
7 9
3 10
10 11
10 12
3 13
3 14
14 15
15 16
16 17
17 18
17 19
17 20
14 21
21 22
22 23
23 24
23 25
23 26
21 27
27 28
28 29
27 30
30 31
21 32
32 33
33 34
21 35
35 36
36 37
37 38
38 39
37 40
40 41
41 42
40 43
43 44
44 45
45 46
44 47
47 48
35 49
49 50
50 51
51 52
50 53
53 54
54 55
53 56
56 57
57 58
58 59
57 60
14 61
61 62
62 63
62 64
64 65
1 66
66 67
66 68
66 69
69 70
69 71
66 72
72 73
72 74
74 75
74 76
76 77
66 78
78 79
79 80
80 81
81 82
82 83
82 84
84 85
84 86
86 87
81 88
81 89
89 90
90 91
78 92
92 93
93 94
94 95
94 96
94 97
92 98
98 99
99 100
98 101
101 102
92 103
103 104
104 105
92 106
106 107
107 108
108 109
109 110
110 111
110 112
112 113
109 114
109 115
115 116
116 117
106 118
118 119
119 120
120 121
120 122
120 123
118 124
124 125
125 126
124 127
127 128
118 129
129 130
130 131
118 132
132 133
133 134
134 135
135 136
134 137
134 138
138 139
138 140
140 141
141 142
140 143
138 144
144 145
145 146
144 147
106 148
148 149
149 150
150 151
149 152
149 153
153 154
78 155
155 156
156 157
