0 1
1 2
1 3
3 4
3 5
3 6
6 7
6 8
3 9
9 10
9 11
11 12
11 13
13 14
3 15
15 16
16 17
17 18
18 19
19 20
19 21
21 22
21 23
23 24
18 25
18 26
26 27
27 28
15 29
29 30
30 31
31 32
32 33
32 34
34 35
31 36
31 37
37 38
38 39
37 40
37 41
15 42
42 43
43 44
44 45
43 46
43 47
47 48
15 49
49 50
50 51
51 52
51 53
51 54
15 55
55 56
56 57
57 58
56 59
59 60
55 61
61 62
62 63
63 64
63 65
65 66
66 67
65 68
65 69
69 70
70 71
69 72
63 73
73 74
61 75
75 76
76 77
77 78
15 79
79 80
80 81
1 82
82 83
82 84
82 85
85 86
86 87
86 88
88 89
85 90
82 91
91 92
92 93
92 94
94 95
94 96
96 97
91 98
82 99
82 100
100 101
101 102
102 103
103 104
104 105
104 106
106 107
103 108
103 109
109 110
110 111
109 112
112 113
113 114
114 115
113 116
112 117
100 118
118 119
119 120
120 121
119 122
119 123
100 124
124 125
125 126
126 127
126 128
126 129
124 130
130 131
131 132
130 133
133 134
134 135
135 136
134 137
133 138
124 139
139 140
140 141
124 142
142 143
143 144
144 145
145 146
144 147
144 148
148 149
149 150
150 151
149 152
149 153
153 154
148 155
155 156
156 157
155 158
155 159
159 160
160 161
159 162
100 163
163 164
164 165
165 166
164 167
164 168
100 169
169 170
170 171
171 172
170 173
170 174
174 175
