0 1
1 2
1 3
3 4
3 5
3 6
6 7
7 8
8 9
6 10
3 11
3 12
12 13
13 14
14 15
15 16
15 17
15 18
13 19
19 20
20 21
19 22
22 23
23 24
22 25
13 26
26 27
27 28
13 29
29 30
30 31
31 32
32 33
32 34
32 35
35 36
36 37
35 38
30 39
39 40
40 41
39 42
42 43
43 44
42 45
30 46
46 47
47 48
30 49
49 50
50 51
51 52
52 53
52 54
52 55
55 56
56 57
57 58
56 59
59 60
55 61
61 62
49 63
63 64
64 65
65 66
66 67
67 68
66 69
69 70
65 71
71 72
64 73
73 74
74 75
75 76
74 77
77 78
73 79
79 80
49 81
81 82
82 83
83 84
84 85
85 86
84 87
87 88
83 89
89 90
82 91
91 92
12 93
93 94
94 95
95 96
95 97
95 98
98 99
99 100
100 101
99 102
98 103
12 104
104 105
105 106
106 107
107 108
106 109
105 110
105 111
111 112
112 113
111 114
111 115
115 116
12 117
117 118
118 119
119 120
119 121
119 122
117 123
123 124
124 125
123 126
126 127
127 128
126 129
117 130
130 131
131 132
117 133
133 134
134 135
135 136
136 137
136 138
136 139
133 140
140 141
141 142
142 143
142 144
142 145
145 146
146 147
147 148
148 149
147 150
150 151
146 152
145 153
133 154
154 155
155 156
156 157
155 158
158 159
154 160
160 161
161 162
162 163
163 164
163 165
163 166
166 167
167 168
168 169
167 170
170 171
166 172
172 173
160 174
174 175
175 176
176 177
177 178
178 179
177 180
180 181
176 182
182 183
175 184
184 185
185 186
186 187
185 188
188 189
184 190
190 191
160 192
192 193
193 194
194 195
195 196
196 197
195 198
198 199
194 200
200 201
193 202
202 203
160 204
204 205
205 206
206 207
160 208
208 209
209 210
210 211
