0 1
1 2
1 3
3 4
3 5
3 6
6 7
7 8
8 9
6 10
3 11
3 12
12 13
13 14
14 15
15 16
15 17
15 18
18 19
19 20
20 21
19 22
18 23
12 24
24 25
25 26
26 27
26 28
26 29
24 30
30 31
31 32
30 33
33 34
24 35
35 36
36 37
24 38
38 39
39 40
40 41
41 42
41 43
41 44
44 45
45 46
44 47
39 48
48 49
49 50
48 51
51 52
39 53
53 54
54 55
39 56
56 57
57 58
58 59
59 60
58 61
61 62
57 63
63 64
64 65
65 66
66 67
66 68
66 69
69 70
70 71
71 72
70 73
73 74
69 75
75 76
63 77
77 78
78 79
79 80
80 81
81 82
80 83
83 84
79 85
85 86
78 87
87 88
88 89
89 90
88 91
91 92
87 93
93 94
63 95
95 96
96 97
97 98
98 99
99 100
98 101
101 102
97 103
103 104
96 105
105 106
12 107
107 108
108 109
109 110
109 111
109 112
107 113
113 114
114 115
113 116
116 117
107 118
118 119
119 120
107 121
121 122
122 123
123 124
124 125
124 126
124 127
122 128
128 129
129 130
128 131
131 132
132 133
131 134
122 135
135 136
136 137
122 138
138 139
139 140
140 141
141 142
141 143
141 144
144 145
145 146
146 147
145 148
148 149
144 150
150 151
138 152
152 153
153 154
154 155
155 156
156 157
155 158
158 159
154 160
160 161
153 162
162 163
163 164
164 165
163 166
166 167
162 168
168 169
169 170
170 171
169 172
168 173
173 174
138 175
175 176
176 177
177 178
178 179
179 180
178 181
181 182
177 183
183 184
184 185
185 186
184 187
183 188
188 189
176 190
190 191
