0 1
1 2
1 3
3 4
3 5
3 6
6 7
7 8
8 9
6 10
3 11
3 12
12 13
13 14
14 15
15 16
15 17
15 18
12 19
19 20
20 21
21 22
21 23
21 24
19 25
25 26
26 27
25 28
28 29
29 30
28 31
19 32
32 33
33 34
19 35
35 36
36 37
37 38
38 39
38 40
38 41
41 42
36 43
43 44
44 45
43 46
46 47
47 48
46 49
36 50
50 51
51 52
36 53
53 54
54 55
55 56
56 57
55 58
58 59
59 60
60 61
59 62
62 63
58 64
64 65
53 66
66 67
67 68
68 69
69 70
70 71
69 72
72 73
68 74
74 75
67 76
76 77
77 78
78 79
77 80
80 81
76 82
82 83
53 84
84 85
85 86
86 87
87 88
88 89
87 90
90 91
86 92
92 93
85 94
94 95
12 96
96 97
97 98
98 99
98 100
98 101
12 102
102 103
103 104
104 105
104 106
104 107
12 108
108 109
109 110
110 111
110 112
110 113
108 114
114 115
115 116
114 117
117 118
118 119
117 120
108 121
121 122
122 123
108 124
124 125
125 126
126 127
127 128
126 129
124 130
130 131
131 132
132 133
132 134
132 135
130 136
136 137
137 138
136 139
139 140
140 141
141 142
140 143
139 144
130 145
145 146
146 147
130 148
148 149
149 150
150 151
151 152
150 153
153 154
154 155
155 156
154 157
157 158
153 159
159 160
148 161
161 162
162 163
163 164
164 165
165 166
164 167
167 168
163 169
169 170
162 171
171 172
172 173
173 174
172 175
175 176
171 177
177 178
178 179
179 180
178 181
177 182
182 183
148 184
184 185
185 186
186 187
187 188
188 189
187 190
190 191
186 192
192 193
193 194
194 195
193 196
192 197
197 198
185 199
199 200
148 201
201 202
202 203
203 204
