0 1
1 2
1 3
1 4
4 5
4 6
4 7
4 8
8 9
9 10
8 11
4 12
12 13
4 14
14 15
15 16
16 17
17 18
18 19
17 20
17 21
21 22
14 23
23 24
24 25
25 26
26 27
25 28
25 29
29 30
14 31
31 32
32 33
33 34
34 35
33 36
32 37
37 38
38 39
39 40
38 41
37 42
31 43
43 44
44 45
45 46
46 47
45 48
48 49
49 50
48 51
43 52
52 53
53 54
54 55
53 56
56 57
57 58
58 59
57 60
56 61
43 62
62 63
63 64
64 65
63 66
66 67
62 68
68 69
69 70
70 71
71 72
70 73
73 74
68 75
75 76
76 77
77 78
76 79
79 80
75 81
81 82
82 83
83 84
84 85
83 86
86 87
87 88
86 89
81 90
90 91
91 92
92 93
91 94
94 95
95 96
94 97
68 98
98 99
99 100
14 101
101 102
