0 1
1 2
1 3
1 4
4 5
5 6
6 7
6 8
8 9
5 10
5 11
11 12
12 13
1 14
14 15
15 16
16 17
16 18
18 19
15 20
15 21
21 22
22 23
1 24
24 25
24 26
24 27
27 28
27 29
24 30
30 31
30 32
32 33
24 34
34 35
35 36
36 37
36 38
36 39
36 40
40 41
34 42
42 43
43 44
1 45
45 46
45 47
45 48
48 49
48 50
45 51
51 52
51 53
45 54
54 55
54 56
45 57
45 58
58 59
59 60
60 61
61 62
62 63
61 64
64 65
60 66
66 67
67 68
66 69
69 70
59 71
71 72
72 73
73 74
74 75
73 76
73 77
77 78
78 79
77 80
77 81
77 82
82 83
71 84
58 85
85 86
86 87
87 88
86 89
89 90
85 91
91 92
92 93
93 94
94 95
93 96
93 97
91 98
98 99
99 100
99 101
101 102
102 103
101 104
99 105
105 106
99 107
107 108
91 109
109 110
110 111
111 112
110 113
110 114
114 115
115 116
116 117
115 118
114 119
58 120
120 121
121 122
122 123
121 124
124 125
120 126
126 127
127 128
128 129
129 130
128 131
128 132
126 133
133 134
134 135
134 136
136 137
134 138
138 139
139 140
138 141
134 142
142 143
126 144
144 145
145 146
146 147
145 148
145 149
149 150
150 151
151 152
150 153
149 154
