0 1
1 2
1 3
1 4
4 5
4 6
4 7
7 8
7 9
4 10
10 11
10 12
12 13
4 14
14 15
15 16
16 17
17 18
18 19
18 20
20 21
17 22
17 23
23 24
24 25
24 26
26 27
14 28
28 29
29 30
29 31
31 32
29 33
29 34
29 35
29 36
36 37
14 38
38 39
39 40
1 41
41 42
41 43
41 44
44 45
45 46
45 47
47 48
44 49
41 50
50 51
51 52
50 53
41 54
54 55
54 56
41 57
57 58
57 59
41 60
60 61
60 62
41 63
41 64
64 65
65 66
66 67
67 68
68 69
67 70
66 71
71 72
72 73
71 74
65 75
75 76
76 77
77 78
78 79
77 80
77 81
81 82
75 83
64 84
84 85
85 86
86 87
85 88
88 89
84 90
90 91
91 92
91 93
93 94
91 95
95 96
96 97
95 98
91 99
99 100
100 101
99 102
91 103
103 104
91 105
105 106
64 107
107 108
108 109
109 110
108 111
111 112
107 113
113 114
114 115
114 116
116 117
114 118
118 119
119 120
118 121
114 122
122 123
114 124
124 125
125 126
124 127
114 128
128 129
