0 1
1 2
1 3
3 4
3 5
3 6
6 7
6 8
3 9
9 10
9 11
11 12
3 13
13 14
14 15
15 16
16 17
17 18
17 19
19 20
16 21
16 22
22 23
23 24
13 25
25 26
26 27
26 28
26 29
29 30
26 31
31 32
26 33
33 34
13 35
35 36
36 37
1 38
38 39
38 40
38 41
41 42
42 43
41 44
38 45
45 46
45 47
38 48
48 49
48 50
38 51
51 52
52 53
52 54
54 55
51 56
38 57
38 58
58 59
59 60
60 61
61 62
62 63
61 64
60 65
65 66
66 67
65 68
59 69
69 70
70 71
71 72
72 73
71 74
71 75
75 76
69 77
59 78
78 79
79 80
80 81
81 82
80 83
79 84
84 85
85 86
86 87
86 88
88 89
89 90
88 91
86 92
92 93
93 94
92 95
86 96
96 97
86 98
98 99
84 100
78 101
101 102
102 103
103 104
102 105
105 106
101 107
107 108
108 109
109 110
109 111
111 112
112 113
111 114
109 115
115 116
109 117
117 118
118 119
117 120
109 121
121 122
107 123
