0 1
1 2
1 3
3 4
3 5
3 6
6 7
6 8
3 9
9 10
9 11
11 12
3 13
13 14
14 15
15 16
16 17
17 18
17 19
19 20
16 21
16 22
22 23
23 24
13 25
25 26
26 27
26 28
28 29
26 30
26 31
26 32
32 33
26 34
13 35
35 36
36 37
1 38
38 39
38 40
38 41
41 42
41 43
38 44
44 45
44 46
38 47
47 48
47 49
38 50
50 51
51 52
51 53
53 54
50 55
38 56
56 57
57 58
56 59
38 60
38 61
61 62
62 63
63 64
64 65
65 66
64 67
67 68
63 69
69 70
70 71
69 72
72 73
62 74
74 75
75 76
76 77
77 78
76 79
76 80
80 81
74 82
61 83
83 84
84 85
85 86
84 87
87 88
83 89
89 90
90 91
91 92
91 93
93 94
91 95
95 96
96 97
95 98
91 99
99 100
91 101
101 102
91 103
103 104
104 105
103 106
83 107
107 108
108 109
109 110
108 111
111 112
107 113
113 114
114 115
115 116
116 117
115 118
118 119
114 120
120 121
121 122
121 123
123 124
121 125
125 126
126 127
125 128
121 129
129 130
121 131
131 132
121 133
133 134
134 135
133 136
113 137
137 138
138 139
139 140
138 141
141 142
137 143
143 144
144 145
144 146
146 147
144 148
148 149
144 150
150 151
151 152
150 153
144 154
154 155
144 156
156 157
157 158
156 159
