0 1
1 2
1 3
3 4
4 5
5 6
5 7
7 8
4 9
4 10
10 11
11 12
1 13
13 14
13 15
13 16
16 17
16 18
13 19
19 20
19 21
21 22
13 23
23 24
24 25
25 26
25 27
27 28
28 29
27 30
25 31
31 32
25 33
23 34
34 35
35 36
1 37
37 38
37 39
37 40
40 41
40 42
37 43
43 44
43 45
37 46
46 47
47 48
46 49
37 50
37 51
51 52
52 53
53 54
54 55
55 56
54 57
53 58
58 59
59 60
58 61
52 62
62 63
63 64
64 65
65 66
64 67
64 68
68 69
62 70
51 71
71 72
72 73
73 74
72 75
71 76
76 77
77 78
78 79
78 80
80 81
81 82
80 83
78 84
84 85
78 86
86 87
87 88
86 89
51 90
90 91
91 92
92 93
91 94
94 95
90 96
96 97
97 98
98 99
98 100
100 101
98 102
102 103
103 104
102 105
98 106
106 107
107 108
106 109
51 110
