0 1
1 2
1 3
1 4
4 5
4 6
4 7
7 8
7 9
4 10
10 11
10 12
12 13
4 14
14 15
15 16
16 17
17 18
18 19
18 20
20 21
17 22
17 23
23 24
24 25
14 26
26 27
27 28
27 29
29 30
27 31
31 32
32 33
31 34
34 35
34 36
36 37
27 38
27 39
27 40
40 41
14 42
42 43
43 44
1 45
45 46
45 47
45 48
48 49
49 50
49 51
51 52
48 53
45 54
54 55
55 56
54 57
45 58
58 59
58 60
45 61
61 62
61 63
45 64
64 65
64 66
45 67
45 68
68 69
69 70
70 71
71 72
71 73
71 74
74 75
75 76
74 77
68 78
78 79
79 80
80 81
79 82
82 83
83 84
82 85
78 86
86 87
87 88
88 89
89 90
88 91
88 92
92 93
93 94
92 95
86 96
68 97
97 98
98 99
99 100
98 101
101 102
97 103
103 104
104 105
105 106
106 107
105 108
105 109
103 110
110 111
111 112
111 113
113 114
111 115
115 116
111 117
117 118
118 119
117 120
111 121
121 122
111 123
123 124
103 125
125 126
126 127
127 128
126 129
126 130
130 131
68 132
132 133
133 134
134 135
133 136
136 137
132 138
138 139
139 140
140 141
141 142
140 143
140 144
138 145
145 146
146 147
146 148
148 149
146 150
150 151
146 152
152 153
146 154
154 155
155 156
154 157
146 158
158 159
138 160
160 161
161 162
162 163
161 164
161 165
165 166
