0 1
1 2
1 3
3 4
3 5
3 6
6 7
6 8
3 9
9 10
9 11
11 12
3 13
13 14
14 15
15 16
16 17
17 18
17 19
19 20
16 21
16 22
22 23
23 24
23 25
25 26
13 27
27 28
28 29
28 30
28 31
28 32
28 33
33 34
28 35
35 36
13 37
37 38
38 39
1 40
40 41
40 42
42 43
43 44
42 45
40 46
46 47
46 48
40 49
49 50
49 51
40 52
52 53
53 54
53 55
55 56
52 57
40 58
58 59
58 60
40 61
40 62
62 63
63 64
64 65
65 66
66 67
65 68
64 69
69 70
69 71
71 72
63 73
73 74
74 75
75 76
76 77
75 78
75 79
79 80
73 81
62 82
82 83
83 84
84 85
83 86
86 87
82 88
88 89
89 90
90 91
90 92
92 93
93 94
92 95
90 96
96 97
97 98
96 99
90 100
100 101
90 102
102 103
90 104
104 105
62 106
106 107
107 108
108 109
107 110
110 111
106 112
112 113
113 114
114 115
114 116
116 117
117 118
116 119
114 120
120 121
114 122
122 123
123 124
122 125
114 126
126 127
114 128
128 129
