0 1
1 2
1 3
3 4
4 5
5 6
5 7
7 8
4 9
1 10
10 11
10 12
10 13
13 14
13 15
10 16
16 17
17 18
16 19
10 20
20 21
20 22
10 23
23 24
23 25
10 26
10 27
27 28
28 29
29 30
30 31
31 32
30 33
33 34
29 35
35 36
36 37
35 38
38 39
28 40
40 41
41 42
42 43
43 44
42 45
42 46
46 47
40 48
27 49
49 50
50 51
51 52
50 53
53 54
49 55
55 56
56 57
57 58
57 59
59 60
57 61
61 62
62 63
61 64
57 65
65 66
66 67
65 68
57 69
69 70
27 71
71 72
72 73
73 74
72 75
75 76
71 77
77 78
78 79
79 80
79 81
81 82
79 83
83 84
84 85
83 86
79 87
87 88
79 89
89 90
90 91
89 92
1 93
93 94
93 95
93 96
96 97
96 98
93 99
99 100
99 101
101 102
93 103
103 104
104 105
105 106
106 107
105 108
108 109
109 110
103 111
111 112
112 113
112 114
114 115
112 116
112 117
112 118
103 119
119 120
120 121
