0 1
1 2
1 3
3 4
3 5
3 6
6 7
6 8
3 9
9 10
10 11
11 12
9 13
3 14
14 15
3 16
16 17
17 18
18 19
19 20
19 21
19 22
16 23
23 24
24 25
25 26
26 27
25 28
25 29
29 30
29 31
31 32
32 33
16 34
34 35
35 36
36 37
37 38
37 39
39 40
36 41
36 42
42 43
43 44
16 45
45 46
46 47
47 48
47 49
47 50
45 51
51 52
52 53
51 54
54 55
55 56
54 57
45 58
58 59
59 60
45 61
61 62
62 63
63 64
64 65
65 66
64 67
67 68
68 69
69 70
68 71
71 72
67 73
16 74
74 75
75 76
76 77
77 78
77 79
79 80
79 81
81 82
76 83
76 84
84 85
85 86
16 87
87 88
88 89
89 90
89 91
89 92
87 93
93 94
94 95
93 96
96 97
87 98
98 99
99 100
87 101
101 102
102 103
103 104
104 105
103 106
103 107
107 108
108 109
16 110
110 111
111 112
112 113
112 114
112 115
110 116
116 117
117 118
116 119
119 120
120 121
119 122
110 123
123 124
124 125
110 126
126 127
127 128
128 129
129 130
130 131
129 132
129 133
133 134
134 135
135 136
134 137
137 138
133 139
128 140
128 141
141 142
142 143
143 144
142 145
145 146
141 147
16 148
148 149
149 150
150 151
150 152
150 153
148 154
154 155
155 156
154 157
157 158
148 159
159 160
160 161
148 162
162 163
163 164
164 165
165 166
166 167
165 168
168 169
164 170
163 171
171 172
172 173
173 174
174 175
173 176
173 177
177 178
16 179
179 180
180 181
181 182
182 183
181 184
181 185
185 186
185 187
187 188
188 189
16 190
190 191
191 192
192 193
193 194
192 195
190 196
196 197
197 198
198 199
199 200
199 201
199 202
202 203
203 204
202 205
196 206
206 207
207 208
208 209
209 210
208 211
211 212
207 213
213 214
196 215
215 216
216 217
217 218
196 219
219 220
220 221
221 222
221 223
219 224
224 225
225 226
224 227
224 228
228 229
219 230
230 231
231 232
232 233
233 234
234 235
233 236
236 237
230 238
238 239
239 240
240 241
241 242
240 243
243 244
239 245
238 246
246 247
247 248
248 249
249 250
248 251
248 252
252 253
16 254
254 255
255 256
256 257
257 258
256 259
259 260
255 261
261 262
255 263
263 264
263 265
265 266
