0 1
1 2
1 3
3 4
3 5
3 6
6 7
6 8
3 9
9 10
10 11
11 12
9 13
3 14
14 15
3 16
16 17
17 18
18 19
19 20
20 21
20 22
22 23
22 24
24 25
19 26
19 27
27 28
28 29
16 30
30 31
31 32
32 33
33 34
32 35
32 36
36 37
36 38
38 39
39 40
16 41
41 42
42 43
43 44
43 45
43 46
41 47
47 48
48 49
47 50
50 51
41 52
52 53
53 54
41 55
55 56
56 57
57 58
58 59
57 60
57 61
61 62
62 63
16 64
64 65
65 66
66 67
67 68
66 69
64 70
70 71
64 72
72 73
73 74
74 75
75 76
75 77
75 78
78 79
79 80
78 81
72 82
82 83
83 84
84 85
84 86
84 87
87 88
88 89
87 90
72 91
91 92
92 93
93 94
94 95
93 96
93 97
97 98
92 99
92 100
100 101
72 102
102 103
103 104
104 105
105 106
104 107
107 108
16 109
109 110
110 111
111 112
112 113
112 114
114 115
111 116
111 117
117 118
118 119
16 120
120 121
121 122
122 123
122 124
122 125
120 126
126 127
127 128
126 129
129 130
120 131
131 132
132 133
120 134
134 135
135 136
136 137
137 138
138 139
137 140
140 141
136 142
135 143
143 144
144 145
145 146
146 147
145 148
145 149
149 150
16 151
151 152
152 153
153 154
154 155
154 156
156 157
153 158
153 159
159 160
160 161
16 162
162 163
163 164
164 165
165 166
164 167
162 168
168 169
169 170
170 171
171 172
171 173
171 174
174 175
175 176
174 177
168 178
178 179
179 180
180 181
179 182
179 183
183 184
168 185
185 186
186 187
187 188
187 189
185 190
190 191
191 192
190 193
190 194
194 195
185 196
196 197
197 198
198 199
199 200
200 201
199 202
202 203
196 204
204 205
205 206
206 207
207 208
206 209
209 210
205 211
204 212
212 213
213 214
214 215
215 216
214 217
214 218
218 219
16 220
220 221
221 222
222 223
223 224
222 225
221 226
226 227
220 228
228 229
229 230
230 231
230 232
232 233
16 234
234 235
235 236
236 237
237 238
236 239
236 240
240 241
240 242
242 243
243 244
16 245
245 246
246 247
247 248
247 249
247 250
245 251
251 252
252 253
251 254
254 255
245 256
256 257
257 258
245 259
259 260
260 261
261 262
262 263
263 264
262 265
265 266
261 267
267 268
268 269
267 270
267 271
271 272
16 273
273 274
274 275
