0 1
1 2
1 3
3 4
3 5
3 6
6 7
6 8
3 9
9 10
10 11
11 12
9 13
3 14
14 15
3 16
16 17
17 18
18 19
19 20
20 21
20 22
22 23
22 24
24 25
19 26
19 27
27 28
28 29
16 30
30 31
31 32
32 33
32 34
32 35
30 36
36 37
37 38
36 39
39 40
30 41
41 42
42 43
30 44
44 45
45 46
46 47
45 48
45 49
49 50
50 51
16 52
52 53
53 54
54 55
54 56
54 57
52 58
58 59
59 60
58 61
61 62
62 63
61 64
52 65
65 66
66 67
52 68
68 69
69 70
70 71
71 72
70 73
70 74
74 75
75 76
76 77
75 78
78 79
74 80
69 81
69 82
82 83
83 84
84 85
83 86
86 87
82 88
16 89
89 90
90 91
91 92
92 93
91 94
91 95
95 96
95 97
97 98
98 99
16 100
100 101
101 102
102 103
102 104
102 105
100 106
106 107
107 108
106 109
109 110
100 111
111 112
112 113
100 114
114 115
115 116
116 117
117 118
117 119
115 120
120 121
121 122
120 123
120 124
124 125
115 126
126 127
127 128
128 129
129 130
130 131
129 132
132 133
16 134
134 135
135 136
136 137
137 138
137 139
139 140
136 141
136 142
142 143
143 144
16 145
145 146
146 147
147 148
147 149
147 150
145 151
151 152
152 153
151 154
154 155
145 156
156 157
157 158
145 159
159 160
160 161
161 162
162 163
163 164
162 165
165 166
161 167
160 168
168 169
169 170
170 171
169 172
169 173
173 174
16 175
175 176
176 177
177 178
178 179
177 180
177 181
181 182
181 183
183 184
184 185
16 186
186 187
187 188
188 189
188 190
188 191
16 192
192 193
193 194
194 195
195 196
194 197
192 198
198 199
199 200
200 201
201 202
201 203
201 204
204 205
205 206
204 207
198 208
208 209
209 210
210 211
211 212
210 213
213 214
209 215
215 216
198 217
217 218
218 219
219 220
198 221
221 222
222 223
223 224
223 225
221 226
226 227
227 228
226 229
226 230
230 231
221 232
232 233
233 234
234 235
235 236
236 237
235 238
238 239
232 240
240 241
241 242
242 243
243 244
242 245
245 246
241 247
240 248
248 249
249 250
250 251
249 252
249 253
253 254
16 255
255 256
256 257
257 258
256 259
259 260
255 261
261 262
262 263
255 264
264 265
265 266
266 267
266 268
266 269
