0 1
1 2
1 3
3 4
3 5
3 6
6 7
6 8
3 9
9 10
10 11
11 12
9 13
3 14
14 15
3 16
16 17
17 18
18 19
19 20
20 21
19 22
19 23
23 24
23 25
25 26
26 27
16 28
28 29
29 30
30 31
31 32
30 33
30 34
34 35
34 36
36 37
37 38
16 39
39 40
40 41
41 42
42 43
42 44
44 45
44 46
46 47
41 48
41 49
49 50
50 51
16 52
52 53
53 54
54 55
55 56
55 57
57 58
54 59
54 60
60 61
61 62
16 63
63 64
64 65
65 66
65 67
65 68
63 69
69 70
70 71
69 72
72 73
63 74
74 75
75 76
63 77
77 78
78 79
79 80
80 81
79 82
79 83
83 84
84 85
16 86
86 87
87 88
88 89
89 90
88 91
86 92
92 93
86 94
94 95
95 96
96 97
97 98
98 99
97 100
97 101
101 102
102 103
101 104
96 105
96 106
106 107
107 108
106 109
16 110
110 111
111 112
112 113
112 114
112 115
110 116
116 117
117 118
116 119
119 120
110 121
121 122
122 123
110 124
124 125
125 126
126 127
127 128
128 129
127 130
130 131
126 132
125 133
133 134
134 135
135 136
135 137
137 138
135 139
139 140
135 141
141 142
135 143
143 144
135 145
145 146
134 147
147 148
148 149
149 150
149 151
151 152
16 153
153 154
154 155
155 156
156 157
155 158
155 159
159 160
159 161
161 162
162 163
163 164
162 165
16 166
166 167
167 168
168 169
168 170
168 171
16 172
172 173
173 174
174 175
175 176
174 177
172 178
178 179
179 180
180 181
181 182
181 183
181 184
184 185
185 186
184 187
178 188
188 189
189 190
190 191
191 192
190 193
193 194
194 195
189 196
196 197
16 198
198 199
199 200
1 201
201 202
201 203
201 204
204 205
204 206
201 207
207 208
208 209
207 210
201 211
211 212
212 213
211 214
201 215
215 216
216 217
216 218
218 219
218 220
220 221
215 222
201 223
223 224
224 225
224 226
226 227
223 228
201 229
201 230
230 231
231 232
232 233
233 234
234 235
233 236
236 237
232 238
230 239
239 240
240 241
241 242
242 243
241 244
244 245
240 246
230 247
247 248
248 249
249 250
249 251
247 252
252 253
253 254
252 255
252 256
256 257
247 258
258 259
259 260
260 261
261 262
262 263
261 264
264 265
260 266
259 267
267 268
268 269
269 270
269 271
271 272
269 273
273 274
269 275
275 276
269 277
277 278
269 279
279 280
268 281
281 282
282 283
259 284
284 285
285 286
286 287
287 288
286 289
289 290
285 291
284 292
292 293
293 294
230 295
295 296
296 297
297 298
298 299
297 300
300 301
296 302
230 303
303 304
304 305
305 306
304 307
304 308
308 309
230 310
310 311
