0 1
1 2
1 3
3 4
3 5
3 6
6 7
6 8
3 9
9 10
10 11
11 12
9 13
3 14
14 15
3 16
16 17
17 18
18 19
19 20
20 21
20 22
22 23
22 24
24 25
19 26
19 27
27 28
28 29
16 30
30 31
31 32
32 33
32 34
32 35
30 36
36 37
37 38
36 39
39 40
30 41
41 42
42 43
30 44
44 45
45 46
46 47
47 48
46 49
46 50
50 51
51 52
16 53
53 54
54 55
55 56
56 57
55 58
55 59
59 60
59 61
61 62
62 63
16 64
64 65
65 66
66 67
67 68
66 69
64 70
70 71
64 72
72 73
73 74
74 75
75 76
76 77
75 78
75 79
79 80
80 81
79 82
74 83
74 84
84 85
85 86
84 87
16 88
88 89
89 90
90 91
90 92
90 93
88 94
94 95
95 96
94 97
97 98
88 99
99 100
100 101
88 102
102 103
103 104
104 105
105 106
105 107
103 108
108 109
109 110
108 111
108 112
112 113
103 114
114 115
115 116
116 117
117 118
116 119
119 120
16 121
121 122
122 123
123 124
124 125
124 126
126 127
123 128
123 129
129 130
130 131
16 132
132 133
133 134
134 135
134 136
134 137
132 138
138 139
139 140
138 141
141 142
132 143
143 144
144 145
132 146
146 147
147 148
148 149
149 150
150 151
149 152
152 153
148 154
147 155
155 156
156 157
157 158
156 159
156 160
160 161
16 162
162 163
163 164
164 165
165 166
164 167
164 168
168 169
168 170
170 171
171 172
16 173
173 174
174 175
175 176
175 177
175 178
16 179
179 180
180 181
181 182
182 183
181 184
179 185
185 186
186 187
187 188
188 189
188 190
188 191
191 192
192 193
191 194
185 195
195 196
196 197
197 198
198 199
197 200
200 201
201 202
196 203
203 204
185 205
205 206
206 207
207 208
207 209
205 210
210 211
211 212
210 213
210 214
214 215
205 216
216 217
217 218
218 219
219 220
220 221
219 222
222 223
216 224
224 225
225 226
226 227
227 228
226 229
229 230
225 231
224 232
232 233
233 234
234 235
233 236
233 237
237 238
16 239
239 240
240 241
241 242
240 243
243 244
239 245
245 246
246 247
16 248
248 249
249 250
250 251
251 252
250 253
250 254
254 255
254 256
256 257
16 258
258 259
259 260
16 261
16 262
