0 1
1 2
1 3
3 4
3 5
3 6
6 7
6 8
3 9
9 10
10 11
11 12
9 13
3 14
14 15
3 16
16 17
17 18
18 19
19 20
20 21
21 22
21 23
23 24
19 25
19 26
26 27
27 28
26 29
29 30
30 31
16 32
32 33
33 34
34 35
34 36
34 37
32 38
38 39
39 40
38 41
41 42
32 43
43 44
44 45
32 46
46 47
47 48
48 49
49 50
50 51
49 52
52 53
48 54
54 55
55 56
16 57
57 58
58 59
59 60
60 61
59 62
57 63
63 64
57 65
65 66
66 67
67 68
68 69
69 70
68 71
71 72
72 73
71 74
67 75
67 76
76 77
77 78
76 79
16 80
80 81
81 82
82 83
83 84
82 85
82 86
86 87
86 88
88 89
89 90
16 91
91 92
92 93
93 94
93 95
93 96
91 97
97 98
98 99
97 100
100 101
91 102
102 103
103 104
91 105
105 106
106 107
107 108
108 109
108 110
108 111
106 112
112 113
113 114
112 115
115 116
116 117
117 118
116 119
119 120
115 121
106 122
122 123
123 124
106 125
125 126
126 127
127 128
128 129
128 130
128 131
131 132
132 133
133 134
132 135
135 136
131 137
131 138
138 139
125 140
140 141
141 142
142 143
143 144
142 145
145 146
16 147
147 148
148 149
149 150
150 151
150 152
152 153
149 154
149 155
155 156
156 157
16 158
158 159
159 160
160 161
160 162
160 163
158 164
164 165
165 166
164 167
167 168
168 169
167 170
158 171
171 172
172 173
158 174
174 175
175 176
176 177
177 178
178 179
177 180
180 181
176 182
175 183
183 184
184 185
185 186
186 187
185 188
185 189
189 190
16 191
191 192
192 193
193 194
194 195
193 196
193 197
197 198
197 199
199 200
200 201
16 202
202 203
203 204
204 205
204 206
204 207
16 208
208 209
209 210
210 211
211 212
210 213
208 214
214 215
215 216
216 217
217 218
217 219
217 220
220 221
221 222
220 223
214 224
224 225
225 226
226 227
227 228
226 229
229 230
230 231
225 232
232 233
214 234
234 235
235 236
236 237
236 238
234 239
239 240
240 241
239 242
242 243
234 244
244 245
245 246
246 247
247 248
248 249
247 250
250 251
244 252
252 253
253 254
254 255
255 256
254 257
257 258
253 259
252 260
260 261
261 262
262 263
263 264
262 265
262 266
266 267
16 268
268 269
269 270
270 271
271 272
270 273
273 274
269 275
275 276
269 277
277 278
277 279
279 280
