0 1
1 2
1 3
1 4
4 5
5 6
6 7
6 8
8 9
8 10
10 11
5 12
1 13
13 14
14 15
15 16
15 17
17 18
14 19
1 20
20 21
20 22
20 23
23 24
24 25
23 26
20 27
27 28
27 29
29 30
29 31
31 32
20 33
33 34
34 35
35 36
36 37
35 38
38 39
39 40
39 41
41 42
41 43
43 44
33 45
45 46
46 47
47 48
46 49
49 50
50 51
50 52
52 53
33 54
54 55
55 56
55 57
57 58
55 59
33 60
60 61
61 62
1 63
63 64
63 65
63 66
66 67
67 68
66 69
63 70
70 71
70 72
63 73
63 74
74 75
75 76
76 77
77 78
78 79
79 80
78 81
77 82
76 83
83 84
84 85
83 86
86 87
87 88
86 89
75 90
90 91
91 92
92 93
93 94
94 95
94 96
96 97
93 98
93 99
99 100
100 101
100 102
102 103
99 104
104 105
105 106
104 107
90 108
108 109
109 110
110 111
109 112
109 113
113 114
90 115
74 116
116 117
117 118
118 119
118 120
118 121
121 122
116 123
123 124
124 125
123 126
126 127
127 128
126 129
116 130
130 131
131 132
116 133
133 134
134 135
135 136
135 137
137 138
135 139
139 140
135 141
141 142
134 143
143 144
144 145
145 146
146 147
145 148
148 149
144 150
150 151
151 152
152 153
151 154
151 155
155 156
156 157
155 158
155 159
159 160
160 161
159 162
159 163
163 164
144 165
165 166
166 167
167 168
166 169
166 170
170 171
171 172
170 173
170 174
174 175
170 176
176 177
177 178
176 179
143 180
180 181
181 182
181 183
183 184
181 185
185 186
186 187
185 188
143 189
189 190
190 191
191 192
190 193
190 194
194 195
195 196
196 197
195 198
194 199
1 200
200 201
200 202
200 203
203 204
204 205
203 206
200 207
207 208
207 209
200 210
210 211
210 212
200 213
200 214
214 215
215 216
216 217
217 218
216 219
219 220
215 221
221 222
214 223
223 224
224 225
225 226
224 227
227 228
223 229
229 230
230 231
231 232
232 233
233 234
232 235
232 236
236 237
231 238
238 239
239 240
238 241
238 242
242 243
230 244
244 245
229 246
246 247
247 248
248 249
229 250
250 251
251 252
252 253
214 254
254 255
