0 1
1 2
1 3
3 4
4 5
5 6
5 7
7 8
7 9
9 10
4 11
4 12
12 13
13 14
1 15
15 16
15 17
15 18
18 19
19 20
18 21
15 22
22 23
22 24
24 25
24 26
26 27
15 28
28 29
29 30
30 31
30 32
32 33
33 34
30 35
30 36
30 37
37 38
28 39
39 40
40 41
1 42
42 43
42 44
42 45
45 46
46 47
46 48
48 49
45 50
42 51
51 52
51 53
42 54
54 55
54 56
42 57
57 58
58 59
57 60
42 61
42 62
62 63
63 64
64 65
65 66
66 67
65 68
65 69
69 70
70 71
62 72
72 73
73 74
74 75
73 76
76 77
77 78
76 79
72 80
80 81
81 82
82 83
83 84
82 85
82 86
86 87
87 88
86 89
89 90
80 91
62 92
92 93
93 94
94 95
93 96
96 97
97 98
96 99
92 100
100 101
62 102
102 103
103 104
104 105
103 106
103 107
107 108
108 109
107 110
107 111
111 112
107 113
113 114
62 115
115 116
116 117
117 118
118 119
117 120
117 121
121 122
122 123
121 124
62 125
125 126
126 127
127 128
128 129
127 130
127 131
131 132
132 133
133 134
132 135
131 136
62 137
137 138
138 139
139 140
138 141
138 142
142 143
137 144
144 145
145 146
146 147
147 148
146 149
146 150
150 151
151 152
150 153
150 154
154 155
150 156
156 157
144 158
158 159
159 160
159 161
161 162
159 163
163 164
159 165
165 166
166 167
165 168
159 169
169 170
144 171
171 172
172 173
173 174
172 175
172 176
176 177
177 178
178 179
177 180
176 181
62 182
182 183
183 184
183 185
185 186
183 187
187 188
183 189
189 190
190 191
189 192
183 193
193 194
