0 1
1 2
1 3
3 4
3 5
3 6
6 7
7 8
6 9
3 10
10 11
10 12
12 13
12 14
14 15
3 16
16 17
17 18
18 19
19 20
20 21
20 22
22 23
22 24
24 25
19 26
19 27
27 28
28 29
16 30
30 31
31 32
31 33
33 34
34 35
33 36
31 37
31 38
38 39
39 40
31 41
41 42
16 43
43 44
44 45
1 46
46 47
46 48
46 49
49 50
50 51
49 52
46 53
53 54
53 55
46 56
56 57
57 58
57 59
59 60
56 61
46 62
62 63
63 64
63 65
65 66
65 67
67 68
62 69
46 70
46 71
71 72
72 73
73 74
74 75
73 76
76 77
77 78
76 79
72 80
80 81
81 82
82 83
83 84
82 85
82 86
86 87
87 88
86 89
89 90
71 91
91 92
92 93
93 94
93 95
93 96
96 97
91 98
98 99
99 100
98 101
101 102
102 103
101 104
91 105
105 106
106 107
91 108
108 109
109 110
110 111
111 112
111 113
111 114
114 115
114 116
116 117
114 118
118 119
114 120
120 121
108 122
122 123
123 124
122 125
125 126
126 127
127 128
128 129
127 130
127 131
131 132
132 133
131 134
134 135
131 136
136 137
131 138
138 139
139 140
140 141
139 142
142 143
138 144
125 145
145 146
146 147
146 148
148 149
146 150
150 151
151 152
150 153
146 154
154 155
146 156
156 157
125 158
158 159
159 160
160 161
159 162
159 163
163 164
164 165
165 166
164 167
163 168
1 169
169 170
169 171
169 172
172 173
173 174
172 175
169 176
176 177
176 178
169 179
179 180
179 181
169 182
169 183
183 184
184 185
185 186
186 187
187 188
186 189
189 190
185 191
191 192
192 193
193 194
192 195
195 196
191 197
197 198
198 199
197 200
200 201
184 202
202 203
203 204
204 205
205 206
202 207
207 208
208 209
209 210
183 211
211 212
212 213
213 214
212 215
215 216
0 217
