0 1
1 2
1 3
3 4
3 5
3 6
6 7
7 8
6 9
3 10
10 11
10 12
12 13
12 14
14 15
3 16
16 17
17 18
18 19
19 20
20 21
19 22
18 23
23 24
24 25
25 26
24 27
23 28
17 29
29 30
30 31
31 32
16 33
33 34
34 35
35 36
36 37
36 38
38 39
38 40
40 41
35 42
35 43
43 44
44 45
16 46
46 47
47 48
47 49
49 50
47 51
51 52
52 53
47 54
54 55
16 56
56 57
57 58
16 59
1 60
60 61
60 62
60 63
63 64
64 65
63 66
60 67
67 68
68 69
68 70
70 71
67 72
60 73
73 74
74 75
74 76
76 77
76 78
78 79
73 80
60 81
60 82
82 83
83 84
84 85
85 86
86 87
85 88
84 89
89 90
90 91
91 92
90 93
89 94
83 95
95 96
96 97
97 98
98 99
97 100
97 101
101 102
102 103
101 104
104 105
95 106
82 107
107 108
108 109
109 110
109 111
109 112
107 113
113 114
114 115
113 116
116 117
117 118
116 119
107 120
120 121
121 122
107 123
123 124
124 125
125 126
126 127
127 128
126 129
126 130
130 131
131 132
130 133
130 134
130 135
135 136
123 137
137 138
138 139
139 140
139 141
141 142
137 143
123 144
144 145
145 146
146 147
145 148
145 149
149 150
123 151
151 152
152 153
152 154
154 155
155 156
154 157
154 158
158 159
154 160
160 161
161 162
160 163
152 164
164 165
152 166
166 167
123 168
168 169
169 170
170 171
169 172
169 173
173 174
174 175
175 176
174 177
173 178
82 179
1 180
180 181
180 182
180 183
183 184
184 185
183 186
180 187
180 188
188 189
189 190
190 191
191 192
191 193
191 194
190 195
195 196
195 197
195 198
198 199
199 200
200 201
199 202
198 203
188 204
204 205
205 206
206 207
205 208
208 209
204 210
210 211
211 212
212 213
213 214
214 215
213 216
213 217
217 218
212 219
219 220
220 221
219 222
219 223
223 224
211 225
225 226
210 227
227 228
228 229
229 230
210 231
231 232
232 233
233 234
188 235
235 236
