0 1
1 2
1 3
3 4
3 5
3 6
6 7
7 8
6 9
3 10
3 11
11 12
12 13
13 14
14 15
14 16
14 17
11 18
18 19
19 20
20 21
20 22
20 23
11 24
24 25
25 26
26 27
26 28
26 29
24 30
30 31
31 32
30 33
33 34
34 35
33 36
24 37
37 38
38 39
24 40
40 41
41 42
42 43
43 44
44 45
43 46
42 47
47 48
48 49
49 50
48 51
51 52
52 53
51 54
47 55
55 56
56 57
55 58
58 59
41 60
60 61
61 62
62 63
63 64
62 65
41 66
66 67
67 68
68 69
69 70
40 71
71 72
72 73
73 74
72 75
71 76
76 77
77 78
78 79
79 80
80 81
79 82
82 83
78 84
84 85
85 86
84 87
87 88
76 89
89 90
90 91
91 92
11 93
93 94
94 95
