0 1
1 2
1 3
3 4
3 5
3 6
6 7
7 8
6 9
3 10
3 11
11 12
12 13
13 14
14 15
14 16
14 17
13 18
18 19
18 20
18 21
13 22
22 23
22 24
22 25
13 26
26 27
26 28
26 29
11 30
30 31
31 32
32 33
31 34
34 35
35 36
34 37
30 38
38 39
39 40
40 41
41 42
42 43
41 44
44 45
40 46
46 47
47 48
46 49
49 50
39 51
51 52
52 53
53 54
54 55
53 56
52 57
57 58
58 59
59 60
60 61
61 62
60 63
63 64
64 65
59 66
66 67
67 68
66 69
69 70
57 71
71 72
72 73
73 74
39 75
75 76
76 77
77 78
78 79
79 80
78 81
81 82
82 83
77 84
84 85
85 86
84 87
87 88
75 89
89 90
90 91
91 92
90 93
93 94
75 95
95 96
96 97
97 98
96 99
38 100
100 101
101 102
102 103
11 104
104 105
105 106
106 107
107 108
108 109
107 110
106 111
105 112
104 113
113 114
114 115
115 116
114 117
11 118
118 119
119 120
