0 1
1 2
1 3
3 4
3 5
3 6
6 7
7 8
6 9
3 10
3 11
11 12
12 13
13 14
14 15
14 16
14 17
17 18
18 19
17 20
11 21
21 22
22 23
23 24
23 25
23 26
11 27
27 28
28 29
29 30
29 31
29 32
11 33
33 34
34 35
35 36
35 37
35 38
33 39
39 40
40 41
39 42
42 43
33 44
44 45
45 46
33 47
47 48
48 49
49 50
50 51
51 52
50 53
53 54
54 55
53 56
49 57
57 58
58 59
57 60
60 61
48 62
62 63
63 64
64 65
65 66
66 67
65 68
68 69
69 70
64 71
71 72
72 73
71 74
74 75
62 76
76 77
77 78
78 79
77 80
48 81
81 82
82 83
83 84
82 85
81 86
86 87
87 88
88 89
89 90
90 91
89 92
92 93
93 94
88 95
95 96
96 97
95 98
98 99
86 100
100 101
101 102
102 103
11 104
104 105
105 106
