0 1
1 2
1 3
3 4
3 5
3 6
6 7
7 8
6 9
3 10
3 11
11 12
12 13
13 14
14 15
14 16
14 17
11 18
18 19
19 20
20 21
21 22
21 23
23 24
20 25
20 26
26 27
27 28
11 29
29 30
30 31
31 32
31 33
29 34
34 35
29 36
36 37
37 38
38 39
39 40
38 41
38 42
42 43
37 44
44 45
45 46
46 47
47 48
44 49
49 50
50 51
51 52
50 53
49 54
54 55
55 56
56 57
55 58
55 59
59 60
37 61
61 62
62 63
63 64
64 65
63 66
63 67
67 68
61 69
69 70
70 71
71 72
72 73
71 74
69 75
75 76
76 77
77 78
76 79
76 80
80 81
11 82
82 83
83 84
84 85
84 86
84 87
82 88
88 89
89 90
88 91
91 92
92 93
91 94
82 95
95 96
96 97
82 98
98 99
99 100
100 101
101 102
102 103
101 104
104 105
100 106
106 107
107 108
106 109
106 110
110 111
11 112
112 113
113 114
114 115
113 116
