0 1
1 2
1 3
3 4
3 5
3 6
6 7
7 8
6 9
3 10
3 11
11 12
12 13
13 14
14 15
14 16
14 17
11 18
18 19
19 20
20 21
20 22
20 23
11 24
24 25
25 26
26 27
26 28
26 29
11 30
30 31
31 32
32 33
32 34
32 35
35 36
36 37
35 38
11 39
39 40
40 41
41 42
41 43
41 44
11 45
45 46
46 47
47 48
46 49
49 50
45 51
51 52
52 53
53 54
54 55
55 56
54 57
57 58
53 59
59 60
60 61
59 62
62 63
52 64
64 65
65 66
66 67
67 68
66 69
52 70
70 71
71 72
72 73
73 74
72 75
71 76
76 77
77 78
78 79
79 80
78 81
77 82
82 83
83 84
84 85
85 86
86 87
85 88
88 89
84 90
90 91
91 92
90 93
93 94
82 95
95 96
96 97
97 98
96 99
82 100
100 101
101 102
102 103
101 104
71 105
105 106
106 107
107 108
108 109
109 110
108 111
111 112
107 113
113 114
114 115
113 116
116 117
105 118
118 119
119 120
120 121
121 122
120 123
123 124
124 125
123 126
119 127
127 128
128 129
127 130
130 131
105 132
132 133
133 134
134 135
133 136
70 137
137 138
138 139
139 140
138 141
141 142
70 143
143 144
144 145
145 146
144 147
51 148
148 149
149 150
150 151
149 152
11 153
153 154
154 155
155 156
154 157
153 158
158 159
159 160
160 161
161 162
160 163
159 164
164 165
165 166
166 167
167 168
168 169
167 170
170 171
166 172
172 173
173 174
172 175
175 176
164 177
177 178
178 179
179 180
178 181
164 182
182 183
183 184
184 185
183 186
153 187
187 188
188 189
189 190
190 191
191 192
190 193
193 194
189 195
195 196
196 197
195 198
198 199
187 200
200 201
201 202
202 203
203 204
202 205
205 206
206 207
205 208
201 209
209 210
210 211
209 212
212 213
187 214
214 215
215 216
216 217
215 218
11 219
219 220
220 221
