0 1
1 2
1 3
3 4
3 5
3 6
6 7
7 8
6 9
3 10
10 11
3 12
12 13
13 14
14 15
15 16
16 17
15 18
15 19
19 20
19 21
21 22
22 23
23 24
22 25
12 26
26 27
27 28
28 29
29 30
28 31
28 32
32 33
32 34
34 35
35 36
36 37
35 38
12 39
39 40
40 41
41 42
42 43
41 44
41 45
45 46
45 47
47 48
48 49
49 50
48 51
12 52
52 53
53 54
54 55
55 56
54 57
53 58
12 59
59 60
60 61
61 62
61 63
61 64
59 65
65 66
66 67
65 68
68 69
69 70
68 71
59 72
72 73
73 74
59 75
75 76
76 77
77 78
78 79
79 80
78 81
81 82
77 83
83 84
84 85
85 86
84 87
87 88
88 89
87 90
83 91
91 92
92 93
91 94
94 95
95 96
94 97
12 98
98 99
99 100
100 101
101 102
100 103
103 104
104 105
105 106
104 107
103 108
99 109
12 110
110 111
111 112
112 113
112 114
112 115
115 116
116 117
117 118
116 119
115 120
110 121
121 122
122 123
121 124
110 125
125 126
126 127
110 128
128 129
129 130
130 131
131 132
132 133
131 134
134 135
130 136
136 137
137 138
138 139
137 140
140 141
141 142
140 143
136 144
144 145
145 146
144 147
147 148
148 149
147 150
12 151
151 152
152 153
153 154
153 155
153 156
151 157
157 158
158 159
157 160
160 161
161 162
160 163
151 164
164 165
165 166
151 167
167 168
168 169
169 170
170 171
171 172
170 173
173 174
169 175
175 176
176 177
177 178
176 179
179 180
175 181
181 182
182 183
181 184
184 185
12 186
186 187
187 188
