0 1
1 2
1 3
3 4
3 5
3 6
6 7
7 8
6 9
3 10
10 11
3 12
12 13
13 14
14 15
15 16
16 17
15 18
15 19
19 20
19 21
21 22
22 23
23 24
22 25
12 26
26 27
27 28
28 29
28 30
28 31
12 32
32 33
33 34
34 35
34 36
34 37
32 38
38 39
39 40
38 41
41 42
42 43
41 44
32 45
45 46
46 47
32 48
48 49
49 50
50 51
51 52
52 53
51 54
54 55
50 56
56 57
57 58
56 59
59 60
60 61
59 62
62 63
12 64
64 65
65 66
66 67
66 68
66 69
12 70
70 71
71 72
72 73
72 74
72 75
75 76
76 77
77 78
76 79
75 80
70 81
81 82
82 83
81 84
70 85
85 86
86 87
70 88
88 89
89 90
90 91
91 92
90 93
93 94
94 95
95 96
94 97
93 98
89 99
99 100
100 101
101 102
102 103
103 104
102 105
105 106
101 107
107 108
108 109
109 110
108 111
111 112
112 113
111 114
107 115
99 116
116 117
117 118
118 119
117 120
120 121
121 122
120 123
123 124
124 125
123 126
126 127
99 128
88 129
129 130
130 131
131 132
130 133
129 134
134 135
135 136
136 137
137 138
138 139
137 140
140 141
136 142
142 143
142 144
144 145
134 146
88 147
147 148
148 149
149 150
150 151
149 152
152 153
148 154
154 155
155 156
156 157
155 158
158 159
159 160
158 161
154 162
162 163
88 164
164 165
165 166
166 167
165 168
168 169
169 170
168 171
171 172
172 173
171 174
174 175
12 176
176 177
177 178
