0 1
1 2
1 3
3 4
3 5
3 6
6 7
7 8
6 9
3 10
10 11
3 12
12 13
13 14
14 15
15 16
15 17
15 18
18 19
19 20
18 21
12 22
22 23
23 24
24 25
25 26
24 27
24 28
28 29
28 30
30 31
31 32
12 33
33 34
34 35
35 36
35 37
35 38
12 39
39 40
40 41
41 42
41 43
41 44
39 45
45 46
46 47
45 48
48 49
49 50
48 51
39 52
52 53
53 54
39 55
55 56
56 57
57 58
58 59
57 60
60 61
61 62
60 63
63 64
55 65
65 66
66 67
67 68
68 69
67 70
70 71
71 72
70 73
66 74
74 75
12 76
76 77
77 78
78 79
77 80
12 81
81 82
82 83
83 84
83 85
83 86
86 87
87 88
86 89
81 90
90 91
91 92
90 93
81 94
94 95
95 96
81 97
97 98
98 99
99 100
100 101
99 102
102 103
103 104
102 105
105 106
97 107
107 108
108 109
109 110
110 111
109 112
112 113
113 114
112 115
108 116
116 117
12 118
118 119
119 120
120 121
119 122
122 123
123 124
122 125
12 126
126 127
127 128
128 129
129 130
128 131
127 132
132 133
12 134
134 135
135 136
