0 1
1 2
1 3
3 4
3 5
3 6
6 7
7 8
6 9
3 10
10 11
3 12
12 13
13 14
14 15
14 16
16 17
1 18
18 19
18 20
18 21
18 22
22 23
23 24
22 25
18 26
26 27
18 28
28 29
29 30
30 31
31 32
31 33
31 34
34 35
35 36
34 37
28 38
38 39
39 40
40 41
41 42
40 43
40 44
44 45
44 46
46 47
47 48
28 49
49 50
50 51
51 52
52 53
51 54
51 55
55 56
55 57
57 58
58 59
28 60
60 61
61 62
62 63
63 64
62 65
61 66
28 67
67 68
68 69
69 70
69 71
69 72
67 73
73 74
74 75
73 76
76 77
67 78
78 79
79 80
67 81
81 82
82 83
83 84
84 85
83 86
86 87
82 88
88 89
89 90
90 91
89 92
92 93
93 94
92 95
88 96
96 97
97 98
96 99
99 100
100 101
99 102
28 103
103 104
104 105
105 106
106 107
105 108
108 109
109 110
108 111
104 112
28 113
113 114
114 115
115 116
115 117
115 118
118 119
119 120
118 121
113 122
122 123
123 124
122 125
113 126
126 127
127 128
113 129
129 130
130 131
131 132
132 133
131 134
134 135
130 136
136 137
137 138
138 139
137 140
140 141
141 142
140 143
136 144
144 145
145 146
144 147
147 148
148 149
147 150
28 151
151 152
152 153
153 154
153 155
153 156
151 157
157 158
158 159
157 160
160 161
151 162
162 163
163 164
151 165
165 166
166 167
167 168
168 169
167 170
170 171
166 172
172 173
173 174
174 175
173 176
176 177
172 178
178 179
179 180
178 181
181 182
28 183
183 184
184 185
