0 1
1 2
1 3
3 4
3 5
3 6
6 7
7 8
6 9
3 10
10 11
3 12
12 13
13 14
14 15
15 16
15 17
15 18
18 19
19 20
18 21
12 22
22 23
23 24
24 25
25 26
24 27
24 28
28 29
28 30
30 31
31 32
12 33
33 34
34 35
35 36
36 37
35 38
35 39
39 40
39 41
41 42
42 43
12 44
44 45
45 46
46 47
46 48
46 49
45 50
50 51
50 52
50 53
12 54
54 55
55 56
56 57
56 58
56 59
55 60
60 61
60 62
60 63
63 64
64 65
63 66
54 67
67 68
68 69
69 70
68 71
71 72
67 73
73 74
74 75
73 76
54 77
77 78
78 79
54 80
80 81
81 82
54 83
83 84
84 85
85 86
86 87
85 88
88 89
89 90
88 91
91 92
83 93
93 94
94 95
95 96
96 97
95 98
98 99
94 100
100 101
83 102
102 103
103 104
104 105
103 106
106 107
107 108
106 109
109 110
83 111
111 112
112 113
113 114
114 115
113 116
116 117
112 118
118 119
12 120
120 121
121 122
122 123
123 124
122 125
122 126
126 127
126 128
128 129
129 130
12 131
131 132
132 133
133 134
133 135
133 136
131 137
137 138
138 139
137 140
140 141
131 142
142 143
143 144
131 145
145 146
146 147
147 148
148 149
148 150
148 151
151 152
152 153
153 154
152 155
151 156
151 157
157 158
158 159
157 160
160 161
161 162
160 163
145 164
164 165
165 166
166 167
166 168
166 169
169 170
170 171
171 172
170 173
173 174
174 175
173 176
169 177
169 178
178 179
179 180
178 181
181 182
182 183
181 184
145 185
185 186
186 187
187 188
188 189
187 190
190 191
186 192
192 193
193 194
192 195
195 196
12 197
197 198
198 199
