0 1
1 2
1 3
3 4
3 5
3 6
6 7
7 8
6 9
3 10
10 11
3 12
12 13
13 14
14 15
15 16
15 17
15 18
12 19
19 20
20 21
21 22
21 23
21 24
12 25
25 26
26 27
27 28
27 29
25 30
30 31
25 32
32 33
33 34
34 35
35 36
34 37
33 38
38 39
39 40
40 41
41 42
38 43
32 44
44 45
45 46
46 47
45 48
48 49
12 50
50 51
51 52
52 53
51 54
50 55
55 56
56 57
57 58
56 59
56 60
60 61
56 62
50 63
63 64
64 65
65 66
66 67
66 68
66 69
64 70
70 71
71 72
70 73
73 74
74 75
73 76
64 77
77 78
78 79
64 80
80 81
81 82
82 83
83 84
82 85
81 86
86 87
87 88
88 89
89 90
88 91
91 92
87 93
93 94
94 95
95 96
96 97
95 98
98 99
94 100
93 101
101 102
93 103
81 104
104 105
105 106
106 107
107 108
106 109
109 110
105 111
111 112
112 113
111 114
114 115
115 116
114 117
117 118
12 119
119 120
120 121
