0 1
1 2
1 3
3 4
3 5
3 6
6 7
7 8
6 9
3 10
10 11
3 12
12 13
13 14
14 15
15 16
15 17
15 18
12 19
19 20
20 21
21 22
21 23
21 24
12 25
25 26
26 27
27 28
27 29
27 30
12 31
31 32
32 33
33 34
33 35
31 36
36 37
31 38
38 39
39 40
40 41
41 42
40 43
39 44
44 45
45 46
46 47
47 48
39 49
49 50
50 51
51 52
52 53
51 54
54 55
38 56
56 57
57 58
58 59
57 60
60 61
12 62
62 63
63 64
64 65
64 66
64 67
62 68
68 69
69 70
68 71
71 72
72 73
71 74
62 75
75 76
76 77
62 78
78 79
79 80
80 81
81 82
82 83
83 84
82 85
85 86
81 87
80 88
88 89
89 90
88 91
79 92
92 93
93 94
94 95
95 96
94 97
97 98
93 99
99 100
79 101
101 102
102 103
103 104
104 105
105 106
104 107
107 108
103 109
102 110
110 111
111 112
110 113
101 114
114 115
115 116
116 117
117 118
116 119
119 120
115 121
101 122
122 123
123 124
124 125
125 126
124 127
127 128
123 129
129 130
130 131
129 132
132 133
133 134
132 135
135 136
12 137
137 138
138 139
