0 1
1 2
1 3
3 4
3 5
3 6
6 7
7 8
6 9
3 10
10 11
3 12
12 13
13 14
14 15
15 16
15 17
15 18
12 19
19 20
20 21
21 22
21 23
21 24
24 25
25 26
24 27
12 28
28 29
29 30
30 31
31 32
30 33
30 34
34 35
34 36
36 37
37 38
12 39
39 40
40 41
41 42
41 43
41 44
12 45
45 46
46 47
47 48
47 49
47 50
45 51
51 52
52 53
51 54
54 55
45 56
56 57
57 58
45 59
59 60
60 61
61 62
62 63
63 64
62 65
65 66
61 67
60 68
68 69
69 70
70 71
69 72
72 73
73 74
72 75
75 76
60 77
77 78
78 79
79 80
12 81
81 82
82 83
83 84
83 85
83 86
81 87
87 88
88 89
87 90
90 91
81 92
92 93
93 94
81 95
95 96
96 97
97 98
98 99
99 100
100 101
99 102
102 103
98 104
97 105
105 106
106 107
105 108
96 109
109 110
110 111
111 112
112 113
113 114
112 115
115 116
111 117
95 118
118 119
119 120
120 121
121 122
122 123
121 124
124 125
120 126
119 127
127 128
128 129
127 130
118 131
131 132
132 133
133 134
134 135
133 136
136 137
132 138
138 139
139 140
138 141
141 142
142 143
141 144
144 145
95 146
146 147
147 148
148 149
149 150
148 151
151 152
147 153
146 154
154 155
155 156
156 157
157 158
156 159
155 160
160 161
161 162
162 163
163 164
162 165
165 166
161 167
167 168
155 169
169 170
170 171
171 172
170 173
169 174
174 175
175 176
176 177
177 178
176 179
179 180
175 181
12 182
182 183
183 184
