0 1
1 2
1 3
3 4
3 5
3 6
6 7
7 8
6 9
3 10
3 11
11 12
12 13
13 14
14 15
14 16
14 17
11 18
18 19
19 20
20 21
19 22
22 23
23 24
22 25
18 26
26 27
27 28
28 29
29 30
29 31
29 32
32 33
33 34
34 35
33 36
36 37
32 38
26 39
39 40
40 41
41 42
42 43
43 44
44 45
43 46
46 47
42 48
48 49
49 50
48 51
41 52
52 53
53 54
54 55
53 56
56 57
52 58
40 59
59 60
60 61
61 62
60 63
63 64
59 65
65 66
66 67
65 68
68 69
39 70
70 71
71 72
71 73
73 74
71 75
75 76
71 77
77 78
39 79
79 80
80 81
81 82
11 83
83 84
84 85
85 86
85 87
85 88
83 89
89 90
90 91
89 92
92 93
93 94
92 95
83 96
96 97
97 98
83 99
99 100
100 101
101 102
102 103
103 104
102 105
105 106
101 107
107 108
108 109
107 110
100 111
111 112
112 113
113 114
112 115
11 116
116 117
117 118
118 119
119 120
118 121
117 122
1 123
123 124
123 125
123 126
123 127
127 128
128 129
127 130
123 131
131 132
131 133
123 134
134 135
134 136
123 137
123 138
138 139
139 140
140 141
141 142
141 143
141 144
144 145
145 146
144 147
147 148
138 149
149 150
150 151
151 152
152 153
151 154
154 155
150 156
156 157
157 158
156 159
159 160
138 161
161 162
162 163
163 164
164 165
163 166
166 167
162 168
168 169
