0 1
1 2
1 3
3 4
3 5
3 6
6 7
7 8
6 9
3 10
3 11
11 12
12 13
13 14
14 15
13 16
13 17
17 18
11 19
19 20
20 21
21 22
22 23
22 24
24 25
21 26
21 27
27 28
28 29
11 30
30 31
31 32
32 33
32 34
32 35
30 36
36 37
37 38
36 39
39 40
40 41
39 42
30 43
43 44
44 45
30 46
46 47
47 48
48 49
49 50
48 51
48 52
52 53
53 54
52 55
55 56
11 57
57 58
58 59
59 60
59 61
59 62
11 63
63 64
64 65
65 66
64 67
67 68
68 69
67 70
63 71
71 72
72 73
73 74
74 75
75 76
74 77
74 78
78 79
72 80
80 81
81 82
71 83
83 84
84 85
85 86
11 87
87 88
88 89
