0 1
1 2
1 3
3 4
3 5
3 6
6 7
7 8
6 9
3 10
3 11
11 12
12 13
13 14
14 15
15 16
15 17
17 18
14 19
14 20
20 21
21 22
11 23
23 24
24 25
25 26
25 27
23 28
28 29
23 30
30 31
31 32
32 33
33 34
32 35
31 36
36 37
37 38
38 39
39 40
38 41
38 42
42 43
11 44
44 45
45 46
46 47
47 48
47 49
49 50
46 51
46 52
52 53
53 54
52 55
55 56
11 57
57 58
58 59
59 60
58 61
58 62
62 63
11 64
64 65
65 66
66 67
67 68
66 69
65 70
64 71
71 72
72 73
64 74
74 75
75 76
76 77
77 78
76 79
76 80
75 81
74 82
82 83
83 84
74 85
85 86
86 87
87 88
88 89
88 90
88 91
86 92
92 93
93 94
92 95
95 96
96 97
97 98
96 99
95 100
86 101
101 102
102 103
86 104
104 105
105 106
106 107
107 108
108 109
109 110
108 111
108 112
112 113
107 114
106 115
115 116
116 117
115 118
115 119
119 120
120 121
119 122
105 123
123 124
124 125
125 126
126 127
127 128
126 129
126 130
130 131
125 132
11 133
133 134
134 135
135 136
136 137
135 138
135 139
139 140
140 141
141 142
140 143
139 144
134 145
