0 1
1 2
1 3
3 4
3 5
3 6
6 7
7 8
6 9
3 10
10 11
10 12
3 13
13 14
3 15
15 16
16 17
17 18
18 19
17 20
16 21
21 22
22 23
15 24
24 25
25 26
26 27
27 28
26 29
25 30
30 31
24 32
32 33
33 34
34 35
35 36
34 37
33 38
38 39
38 40
40 41
41 42
40 43
38 44
44 45
24 46
46 47
47 48
48 49
49 50
48 51
47 52
52 53
46 54
54 55
55 56
56 57
57 58
56 59
55 60
60 61
60 62
62 63
63 64
62 65
60 66
66 67
46 68
68 69
69 70
70 71
71 72
72 73
73 74
72 75
71 76
70 77
77 78
78 79
79 80
78 81
77 82
69 83
83 84
68 85
85 86
86 87
87 88
88 89
87 90
86 91
85 92
92 93
93 94
94 95
93 96
68 97
97 98
98 99
99 100
100 101
99 102
98 103
97 104
104 105
105 106
106 107
105 108
68 109
109 110
110 111
111 112
112 113
111 114
111 115
115 116
115 117
117 118
118 119
117 120
68 121
121 122
122 123
123 124
124 125
123 126
122 127
127 128
128 129
127 130
68 131
131 132
132 133
133 134
134 135
133 136
132 137
137 138
137 139
139 140
140 141
139 142
137 143
143 144
144 145
143 146
15 147
147 148
148 149
1 150
150 151
150 152
152 153
153 154
152 155
150 156
156 157
150 158
158 159
159 160
160 161
161 162
162 163
161 164
160 165
159 166
166 167
167 168
168 169
167 170
170 171
171 172
170 173
158 174
174 175
175 176
