0 1
1 2
1 3
3 4
3 5
3 6
6 7
7 8
6 9
3 10
3 11
11 12
12 13
13 14
14 15
14 16
14 17
17 18
18 19
17 20
11 21
21 22
22 23
23 24
24 25
23 26
22 27
21 28
28 29
29 30
30 31
31 32
30 33
33 34
34 35
35 36
34 37
33 38
28 39
39 40
40 41
41 42
40 43
43 44
44 45
43 46
11 47
47 48
48 49
1 50
50 51
50 52
50 53
53 54
54 55
53 56
50 57
57 58
57 59
50 60
60 61
50 62
62 63
63 64
64 65
65 66
64 67
63 68
68 69
69 70
62 71
71 72
72 73
73 74
74 75
73 76
72 77
77 78
71 79
79 80
80 81
81 82
82 83
83 84
82 85
81 86
86 87
86 88
88 89
89 90
88 91
86 92
92 93
71 94
94 95
95 96
96 97
97 98
96 99
95 100
100 101
94 102
102 103
103 104
104 105
105 106
106 107
105 108
104 109
109 110
109 111
111 112
112 113
111 114
109 115
115 116
94 117
117 118
118 119
119 120
120 121
121 122
120 123
119 124
118 125
125 126
126 127
127 128
126 129
117 130
130 131
131 132
132 133
133 134
132 135
131 136
130 137
137 138
138 139
139 140
138 141
117 142
142 143
143 144
144 145
145 146
144 147
143 148
148 149
148 150
150 151
151 152
150 153
117 154
154 155
155 156
156 157
157 158
156 159
155 160
160 161
160 162
162 163
163 164
162 165
160 166
166 167
167 168
166 169
62 170
170 171
171 172
