0 1
1 2
1 3
3 4
3 5
3 6
6 7
7 8
6 9
3 10
10 11
3 12
12 13
13 14
14 15
15 16
16 17
15 18
14 19
13 20
20 21
21 22
13 23
23 24
24 25
25 26
25 27
27 28
28 29
27 30
1 31
31 32
31 33
31 34
34 35
35 36
34 37
31 38
38 39
31 40
40 41
41 42
42 43
43 44
44 45
43 46
42 47
41 48
48 49
49 50
50 51
49 52
40 53
53 54
54 55
55 56
56 57
55 58
54 59
53 60
60 61
61 62
62 63
61 64
40 65
65 66
66 67
67 68
68 69
67 70
67 71
71 72
72 73
71 74
40 75
75 76
76 77
77 78
78 79
77 80
77 81
81 82
81 83
83 84
84 85
83 86
40 87
87 88
88 89
89 90
90 91
89 92
88 93
93 94
40 95
95 96
96 97
97 98
96 99
1 100
100 101
100 102
100 103
103 104
104 105
103 106
100 107
107 108
107 109
100 110
110 111
100 112
112 113
113 114
114 115
115 116
114 117
113 118
118 119
119 120
112 121
121 122
122 123
123 124
124 125
123 126
122 127
127 128
121 129
129 130
130 131
130 132
132 133
112 134
134 135
135 136
136 137
137 138
136 139
136 140
140 141
112 142
142 143
143 144
144 145
143 146
142 147
147 148
148 149
149 150
150 151
151 152
150 153
149 154
154 155
148 156
156 157
157 158
158 159
159 160
160 161
161 162
160 163
159 164
158 165
165 166
166 167
167 168
168 169
167 170
166 171
165 172
172 173
157 174
174 175
175 176
176 177
177 178
178 179
177 180
176 181
181 182
181 183
183 184
184 185
183 186
174 187
157 188
188 189
189 190
190 191
191 192
190 193
193 194
194 195
193 196
148 197
197 198
198 199
199 200
200 201
201 202
202 203
201 204
200 205
199 206
206 207
207 208
208 209
209 210
208 211
207 212
206 213
213 214
198 215
215 216
216 217
217 218
218 219
219 220
218 221
217 222
222 223
222 224
224 225
225 226
224 227
215 228
198 229
229 230
230 231
231 232
232 233
231 234
234 235
235 236
234 237
112 238
238 239
239 240
