0 1
1 2
1 3
3 4
4 5
5 6
4 7
4 8
1 9
9 10
10 11
11 12
10 13
10 14
1 15
15 16
15 17
15 18
18 19
19 20
18 21
15 22
22 23
22 24
15 25
25 26
15 27
27 28
28 29
29 30
30 31
29 32
28 33
33 34
34 35
27 36
36 37
37 38
38 39
39 40
38 41
37 42
42 43
36 44
44 45
45 46
46 47
47 48
46 49
49 50
36 51
51 52
52 53
53 54
52 55
55 56
56 57
55 58
51 59
59 60
60 61
61 62
62 63
61 64
64 65
59 66
66 67
67 68
67 69
69 70
70 71
69 72
67 73
73 74
51 75
75 76
76 77
77 78
78 79
77 80
80 81
75 82
82 83
83 84
83 85
85 86
86 87
85 88
83 89
89 90
27 91
91 92
92 93
93 94
92 95
91 96
96 97
97 98
27 99
99 100
100 101
101 102
102 103
103 104
102 105
101 106
100 107
107 108
108 109
109 110
108 111
107 112
99 113
113 114
114 115
115 116
116 117
115 118
114 119
119 120
114 121
121 122
122 123
123 124
124 125
125 126
124 127
123 128
122 129
129 130
130 131
131 132
132 133
131 134
130 135
129 136
136 137
121 138
138 139
139 140
140 141
141 142
142 143
141 144
140 145
138 146
146 147
147 148
121 149
149 150
150 151
151 152
152 153
153 154
152 155
151 156
149 157
157 158
158 159
27 160
160 161
161 162
162 163
163 164
162 165
161 166
160 167
167 168
168 169
169 170
170 171
169 172
168 173
173 174
174 175
175 176
174 177
168 178
178 179
179 180
180 181
181 182
182 183
181 184
180 185
179 186
186 187
187 188
188 189
189 190
188 191
187 192
186 193
193 194
178 195
195 196
196 197
197 198
198 199
199 200
198 201
197 202
202 203
203 204
202 205
195 206
206 207
207 208
178 209
209 210
210 211
211 212
212 213
213 214
212 215
211 216
216 217
217 218
216 219
160 220
220 221
221 222
222 223
223 224
223 225
220 226
226 227
227 228
228 229
229 230
228 231
228 232
232 233
220 234
234 235
235 236
236 237
237 238
236 239
236 240
240 241
241 242
240 243
220 244
244 245
245 246
246 247
247 248
246 249
245 250
244 251
251 252
252 253
253 254
254 255
255 256
254 257
253 258
258 259
259 260
258 261
251 262
262 263
263 264
264 265
265 266
264 267
263 268
268 269
269 270
268 271
251 272
272 273
273 274
244 275
275 276
276 277
277 278
278 279
277 280
280 281
275 282
282 283
283 284
284 285
283 286
286 287
287 288
286 289
220 290
290 291
290 292
292 293
293 294
294 295
295 296
296 297
295 298
294 299
293 300
300 301
301 302
302 303
303 304
304 305
303 306
302 307
307 308
308 309
307 310
300 311
311 312
312 313
313 314
314 315
313 316
312 317
311 318
318 319
319 320
320 321
321 322
320 323
319 324
311 325
325 326
326 327
327 328
328 329
327 330
326 331
331 332
332 333
331 334
300 335
335 336
336 337
292 338
338 339
339 340
340 341
339 342
342 343
292 344
344 345
345 346
346 347
345 348
348 349
349 350
348 351
27 352
352 353
353 354
1 355
355 356
355 357
355 358
358 359
359 360
358 361
355 362
362 363
362 364
355 365
355 366
366 367
367 368
368 369
369 370
368 371
367 372
366 373
373 374
374 375
375 376
376 377
375 378
374 379
379 380
373 381
381 382
382 383
383 384
384 385
383 386
386 387
381 388
366 389
389 390
390 391
391 392
390 393
393 394
366 395
395 396
396 397
397 398
396 399
399 400
400 401
399 402
395 403
403 404
404 405
404 406
406 407
407 408
406 409
404 410
410 411
395 412
412 413
413 414
413 415
415 416
416 417
415 418
413 419
419 420
