0 1
1 2
1 3
3 4
3 5
3 6
6 7
7 8
6 9
3 10
10 11
10 12
3 13
13 14
3 15
15 16
16 17
17 18
18 19
17 20
16 21
21 22
15 23
23 24
24 25
25 26
26 27
25 28
24 29
29 30
23 31
31 32
32 33
33 34
34 35
35 36
36 37
35 38
34 39
33 40
40 41
41 42
42 43
41 44
40 45
32 46
46 47
31 48
48 49
49 50
50 51
51 52
52 53
51 54
50 55
49 56
56 57
57 58
58 59
57 60
56 61
48 62
62 63
63 64
64 65
63 66
31 67
67 68
68 69
69 70
70 71
71 72
70 73
69 74
68 75
75 76
76 77
77 78
76 79
75 80
67 81
81 82
82 83
83 84
82 85
31 86
86 87
87 88
88 89
89 90
88 91
88 92
92 93
92 94
94 95
95 96
94 97
92 98
98 99
31 100
100 101
101 102
102 103
103 104
102 105
101 106
106 107
107 108
106 109
23 110
110 111
111 112
112 113
113 114
112 115
111 116
116 117
110 118
118 119
119 120
120 121
121 122
122 123
121 124
120 125
125 126
125 127
127 128
128 129
127 130
125 131
131 132
110 133
133 134
134 135
135 136
136 137
137 138
136 139
135 140
140 141
140 142
142 143
143 144
142 145
140 146
146 147
15 148
148 149
149 150
1 151
151 152
151 153
151 154
154 155
155 156
154 157
151 158
158 159
159 160
158 161
151 162
162 163
151 164
164 165
165 166
166 167
167 168
168 169
167 170
167 171
171 172
166 173
173 174
174 175
173 176
173 177
177 178
164 179
179 180
180 181
181 182
182 183
181 184
180 185
179 186
186 187
187 188
188 189
189 190
188 191
191 192
186 193
193 194
194 195
195 196
194 197
197 198
198 199
197 200
164 201
201 202
202 203
202 204
204 205
202 206
206 207
207 208
206 209
164 210
210 211
211 212
