0 1
1 2
1 3
3 4
3 5
3 6
6 7
7 8
6 9
3 10
10 11
3 12
12 13
13 14
14 15
15 16
16 17
15 18
15 19
19 20
12 21
21 22
22 23
23 24
24 25
23 26
22 27
21 28
28 29
29 30
30 31
31 32
30 33
33 34
34 35
33 36
12 37
37 38
38 39
1 40
40 41
40 42
40 43
43 44
44 45
43 46
40 47
47 48
47 49
40 50
50 51
40 52
52 53
53 54
54 55
55 56
54 57
53 58
58 59
59 60
52 61
61 62
62 63
63 64
64 65
63 66
62 67
67 68
61 69
69 70
70 71
71 72
72 73
73 74
72 75
71 76
76 77
76 78
78 79
79 80
78 81
76 82
82 83
61 84
84 85
85 86
86 87
87 88
86 89
85 90
90 91
84 92
92 93
93 94
94 95
95 96
96 97
95 98
94 99
99 100
99 101
101 102
102 103
101 104
99 105
105 106
84 107
107 108
108 109
109 110
110 111
111 112
110 113
109 114
108 115
115 116
116 117
117 118
118 119
119 120
118 121
118 122
122 123
123 124
122 125
115 126
126 127
127 128
108 129
129 130
130 131
131 132
132 133
131 134
130 135
129 136
136 137
137 138
138 139
139 140
140 141
139 142
139 143
143 144
144 145
143 146
136 147
147 148
148 149
107 150
150 151
151 152
152 153
153 154
152 155
152 156
156 157
156 158
158 159
159 160
158 161
107 162
162 163
163 164
164 165
165 166
164 167
163 168
168 169
169 170
168 171
107 172
172 173
173 174
174 175
175 176
174 177
173 178
178 179
178 180
180 181
181 182
180 183
178 184
184 185
185 186
184 187
52 188
188 189
189 190
