0 1
1 2
1 3
1 4
4 5
4 6
4 7
7 8
7 9
9 10
7 11
4 12
12 13
4 14
14 15
15 16
16 17
16 18
18 19
19 20
19 21
21 22
18 23
18 24
24 25
25 26
24 27
27 28
28 29
27 30
14 31
31 32
32 33
33 34
33 35
31 36
36 37
31 38
38 39
39 40
40 41
41 42
42 43
43 44
44 45
43 46
41 47
47 48
48 49
47 50
40 51
51 52
52 53
53 54
52 55
51 56
39 57
57 58
58 59
59 60
60 61
61 62
62 63
61 64
60 65
65 66
59 67
58 68
68 69
69 70
70 71
69 72
58 73
73 74
74 75
75 76
76 77
77 78
76 79
75 80
80 81
74 82
73 83
83 84
84 85
85 86
84 87
73 88
88 89
89 90
90 91
91 92
90 93
88 94
94 95
95 96
96 97
95 98
38 99
99 100
100 101
101 102
100 103
99 104
104 105
105 106
106 107
105 108
105 109
109 110
14 111
111 112
112 113
112 114
114 115
115 116
114 117
114 118
118 119
118 120
120 121
121 122
122 123
121 124
14 125
125 126
126 127
127 128
127 129
127 130
130 131
131 132
132 133
131 134
130 135
125 136
136 137
137 138
136 139
125 140
140 141
141 142
125 143
143 144
144 145
145 146
146 147
145 148
148 149
144 150
150 151
151 152
150 153
14 154
154 155
155 156
