0 1
1 2
1 3
3 4
3 5
3 6
6 7
7 8
6 9
3 10
10 11
3 12
12 13
13 14
14 15
15 16
16 17
16 18
18 19
15 20
15 21
21 22
22 23
12 24
24 25
25 26
26 27
25 28
25 29
29 30
30 31
29 32
12 33
33 34
34 35
35 36
35 37
35 38
33 39
39 40
40 41
39 42
42 43
43 44
42 45
33 46
46 47
47 48
33 49
49 50
50 51
51 52
52 53
53 54
54 55
53 56
51 57
57 58
58 59
57 60
60 61
61 62
60 63
50 64
64 65
65 66
66 67
67 68
68 69
69 70
68 71
67 72
66 73
73 74
74 75
75 76
74 77
77 78
73 79
65 80
80 81
81 82
82 83
83 84
84 85
83 86
83 87
87 88
88 89
87 90
90 91
82 92
92 93
93 94
92 95
81 96
96 97
97 98
98 99
99 100
98 101
96 102
102 103
103 104
104 105
81 106
106 107
107 108
108 109
109 110
108 111
108 112
112 113
113 114
112 115
115 116
107 117
117 118
118 119
117 120
106 121
121 122
122 123
123 124
124 125
123 126
106 127
127 128
128 129
129 130
130 131
129 132
129 133
133 134
134 135
133 136
136 137
128 138
138 139
139 140
138 141
127 142
142 143
143 144
144 145
145 146
127 147
147 148
65 149
149 150
49 151
151 152
152 153
153 154
152 155
155 156
156 157
155 158
151 159
159 160
160 161
161 162
160 163
160 164
164 165
165 166
164 167
167 168
12 169
169 170
170 171
171 172
172 173
171 174
171 175
175 176
175 177
177 178
178 179
179 180
178 181
12 182
182 183
183 184
184 185
184 186
184 187
187 188
188 189
189 190
188 191
187 192
182 193
193 194
194 195
193 196
182 197
197 198
198 199
182 200
200 201
201 202
202 203
203 204
204 205
203 206
206 207
202 208
208 209
209 210
208 211
12 212
212 213
213 214
