0 1
1 2
1 3
3 4
3 5
3 6
6 7
7 8
6 9
3 10
10 11
3 12
12 13
13 14
14 15
15 16
16 17
16 18
18 19
15 20
15 21
21 22
22 23
12 24
24 25
25 26
26 27
26 28
26 29
24 30
30 31
31 32
30 33
33 34
34 35
33 36
24 37
37 38
38 39
24 40
40 41
41 42
42 43
43 44
44 45
43 46
46 47
42 48
41 49
49 50
50 51
51 52
52 53
51 54
51 55
55 56
56 57
55 58
58 59
41 60
60 61
61 62
62 63
63 64
64 65
65 66
66 67
65 68
63 69
69 70
70 71
71 72
70 73
69 74
62 75
75 76
76 77
77 78
76 79
75 80
80 81
81 82
80 83
80 84
84 85
85 86
84 87
87 88
61 89
89 90
90 91
91 92
92 93
91 94
60 95
95 96
96 97
97 98
98 99
99 100
98 101
96 102
102 103
103 104
104 105
103 106
102 107
107 108
108 109
107 110
107 111
111 112
112 113
111 114
114 115
95 116
116 117
117 118
118 119
119 120
118 121
95 122
122 123
123 124
124 125
125 126
124 127
123 128
128 129
129 130
130 131
129 132
128 133
122 134
134 135
135 136
136 137
137 138
136 139
136 140
140 141
141 142
140 143
143 144
12 145
145 146
146 147
147 148
148 149
147 150
147 151
151 152
151 153
153 154
154 155
155 156
154 157
12 158
158 159
159 160
160 161
160 162
160 163
163 164
164 165
165 166
164 167
163 168
12 169
169 170
170 171
171 172
172 173
171 174
169 175
175 176
176 177
177 178
178 179
179 180
178 181
181 182
177 183
183 184
184 185
183 186
175 187
187 188
188 189
189 190
12 191
191 192
192 193
