0 1
1 2
1 3
3 4
3 5
3 6
6 7
7 8
6 9
3 10
10 11
3 12
12 13
13 14
14 15
15 16
16 17
15 18
15 19
19 20
19 21
21 22
22 23
23 24
22 25
12 26
26 27
27 28
28 29
28 30
28 31
31 32
12 33
33 34
34 35
35 36
35 37
33 38
38 39
33 40
40 41
41 42
42 43
43 44
44 45
45 46
44 47
47 48
43 49
49 50
50 51
49 52
42 53
53 54
54 55
55 56
54 57
57 58
53 59
41 60
60 61
61 62
62 63
63 64
64 65
63 66
66 67
67 68
62 69
69 70
60 71
41 72
72 73
73 74
74 75
75 76
76 77
77 78
76 79
75 80
80 81
81 82
82 83
81 84
84 85
80 86
74 87
87 88
88 89
89 90
88 91
91 92
87 93
93 94
94 95
73 96
96 97
97 98
98 99
99 100
72 101
101 102
102 103
103 104
104 105
103 106
102 107
107 108
108 109
109 110
108 111
111 112
107 113
113 114
114 115
101 116
116 117
117 118
118 119
119 120
101 121
121 122
122 123
123 124
124 125
123 126
122 127
127 128
128 129
129 130
128 131
131 132
127 133
121 134
134 135
135 136
136 137
137 138
138 139
137 140
140 141
141 142
136 143
143 144
134 145
12 146
146 147
147 148
148 149
149 150
148 151
148 152
152 153
152 154
154 155
155 156
156 157
155 158
12 159
159 160
160 161
161 162
160 163
160 164
164 165
160 166
160 167
167 168
160 169
160 170
170 171
171 172
170 173
12 174
174 175
175 176
