0 1
1 2
1 3
3 4
3 5
3 6
6 7
7 8
6 9
3 10
10 11
3 12
12 13
13 14
14 15
15 16
16 17
16 18
18 19
15 20
15 21
21 22
22 23
12 24
24 25
25 26
26 27
26 28
26 29
12 30
30 31
31 32
32 33
32 34
30 35
35 36
30 37
37 38
38 39
39 40
40 41
41 42
42 43
41 44
39 45
45 46
46 47
45 48
38 49
49 50
50 51
51 52
52 53
53 54
54 55
55 56
54 57
52 58
58 59
59 60
60 61
59 62
58 63
51 64
64 65
65 66
66 67
65 68
64 69
69 70
70 71
69 72
69 73
73 74
50 75
75 76
76 77
77 78
76 79
49 80
80 81
81 82
82 83
83 84
84 85
83 86
81 87
87 88
88 89
89 90
88 91
87 92
80 93
93 94
94 95
95 96
96 97
95 98
93 99
99 100
100 101
101 102
102 103
101 104
100 105
105 106
106 107
105 108
105 109
109 110
99 111
111 112
112 113
113 114
112 115
37 116
116 117
117 118
116 119
119 120
120 121
121 122
120 123
120 124
124 125
37 126
126 127
127 128
128 129
127 130
12 131
131 132
132 133
133 134
134 135
133 136
133 137
137 138
137 139
139 140
140 141
141 142
140 143
12 144
144 145
145 146
146 147
146 148
146 149
149 150
150 151
151 152
150 153
149 154
12 155
155 156
156 157
157 158
158 159
157 160
155 161
161 162
162 163
163 164
164 165
163 166
166 167
167 168
162 169
169 170
170 171
169 172
12 173
173 174
174 175
