0 1
1 2
1 3
3 4
3 5
3 6
6 7
7 8
6 9
3 10
10 11
3 12
12 13
13 14
14 15
15 16
16 17
16 18
18 19
15 20
15 21
21 22
22 23
12 24
24 25
25 26
26 27
26 28
26 29
29 30
30 31
29 32
12 33
33 34
34 35
35 36
35 37
35 38
33 39
39 40
40 41
39 42
42 43
33 44
44 45
45 46
33 47
47 48
48 49
49 50
50 51
51 52
50 53
49 54
54 55
55 56
56 57
55 58
58 59
54 60
48 61
61 62
62 63
63 64
64 65
63 66
63 67
67 68
68 69
67 70
70 71
48 72
72 73
73 74
74 75
75 76
76 77
75 78
73 79
79 80
80 81
81 82
82 83
83 84
82 85
81 86
80 87
87 88
88 89
89 90
90 91
89 92
89 93
93 94
94 95
93 96
96 97
87 98
79 99
99 100
100 101
101 102
101 103
101 104
104 105
105 106
104 107
104 108
108 109
109 110
108 111
111 112
79 113
113 114
114 115
115 116
114 117
117 118
118 119
117 120
113 121
121 122
122 123
123 124
124 125
123 126
121 127
127 128
128 129
129 130
128 131
127 132
132 133
133 134
134 135
135 136
134 137
134 138
138 139
139 140
138 141
141 142
132 143
113 144
144 145
145 146
146 147
145 148
148 149
149 150
148 151
144 152
152 153
153 154
154 155
155 156
154 157
152 158
144 159
159 160
12 161
161 162
162 163
163 164
163 165
163 166
166 167
167 168
166 169
12 170
170 171
171 172
172 173
173 174
172 175
172 176
176 177
176 178
178 179
179 180
12 181
181 182
182 183
183 184
183 185
183 186
186 187
187 188
186 189
181 190
190 191
191 192
190 193
181 194
194 195
195 196
181 197
197 198
198 199
199 200
200 201
201 202
200 203
203 204
199 205
205 206
206 207
205 208
12 209
209 210
210 211
