0 1
1 2
1 3
3 4
3 5
3 6
6 7
7 8
8 9
6 10
3 11
3 12
12 13
13 14
14 15
15 16
15 17
15 18
18 19
19 20
18 21
12 22
22 23
23 24
24 25
24 26
24 27
27 28
28 29
29 30
28 31
27 32
12 33
33 34
34 35
35 36
36 37
37 38
36 39
35 40
34 41
33 42
42 43
12 44
44 45
45 46
46 47
47 48
48 49
46 50
46 51
51 52
51 53
53 54
54 55
51 56
56 57
57 58
12 59
59 60
60 61
61 62
61 63
61 64
59 65
65 66
66 67
65 68
68 69
59 70
70 71
71 72
59 73
73 74
74 75
75 76
76 77
76 78
76 79
74 80
80 81
81 82
80 83
83 84
74 85
85 86
86 87
74 88
88 89
89 90
90 91
91 92
92 93
91 94
90 95
95 96
96 97
95 98
89 99
99 100
100 101
101 102
102 103
103 104
102 105
101 106
100 107
89 108
108 109
109 110
110 111
111 112
112 113
111 114
114 115
110 116
116 117
109 118
108 119
119 120
120 121
121 122
122 123
123 124
122 125
125 126
121 127
127 128
120 129
108 130
130 131
131 132
132 133
133 134
133 135
133 136
130 137
137 138
138 139
139 140
138 141
137 142
142 143
143 144
144 145
143 146
146 147
147 148
148 149
147 150
150 151
151 152
150 153
146 154
154 155
130 156
156 157
157 158
158 159
157 160
156 161
161 162
162 163
163 164
162 165
165 166
166 167
167 168
166 169
169 170
165 171
171 172
172 173
171 174
130 175
175 176
176 177
177 178
178 179
179 180
178 181
181 182
177 183
183 184
176 185
185 186
12 187
187 188
188 189
189 190
190 191
189 192
192 193
193 194
192 195
188 196
196 197
197 198
196 199
1 200
200 201
200 202
200 203
203 204
204 205
205 206
203 207
200 208
208 209
208 210
200 211
211 212
211 213
200 214
214 215
215 216
216 217
214 218
200 219
200 220
220 221
221 222
222 223
223 224
224 225
225 226
224 227
223 228
228 229
229 230
228 231
222 232
232 233
233 234
234 235
235 236
234 237
237 238
233 239
239 240
232 241
221 242
242 243
221 244
244 245
245 246
246 247
247 248
246 249
245 250
250 251
251 252
250 253
244 254
254 255
220 256
256 257
257 258
258 259
259 260
260 261
259 262
262 263
258 264
264 265
257 266
266 267
256 268
268 269
269 270
270 271
271 272
270 273
273 274
269 275
275 276
220 277
277 278
278 279
279 280
279 281
279 282
220 283
283 284
284 285
285 286
284 287
287 288
287 289
289 290
287 291
291 292
292 293
291 294
287 295
295 296
287 297
297 298
220 299
299 300
300 301
301 302
300 303
303 304
303 305
305 306
303 307
307 308
303 309
309 310
310 311
309 312
303 313
313 314
220 315
315 316
316 317
317 318
318 319
319 320
318 321
321 322
317 323
323 324
316 325
325 326
220 327
327 328
328 329
