0 1
1 2
1 3
3 4
3 5
3 6
6 7
7 8
8 9
6 10
3 11
3 12
12 13
13 14
14 15
15 16
15 17
15 18
18 19
19 20
18 21
12 22
22 23
23 24
24 25
24 26
24 27
27 28
28 29
29 30
28 31
27 32
12 33
33 34
34 35
35 36
36 37
37 38
38 39
37 40
36 41
35 42
34 43
43 44
44 45
45 46
46 47
45 48
48 49
49 50
48 51
44 52
52 53
53 54
52 55
43 56
33 57
57 58
58 59
12 60
60 61
61 62
62 63
63 64
64 65
63 66
62 67
61 68
12 69
69 70
70 71
71 72
71 73
71 74
69 75
75 76
76 77
75 78
78 79
69 80
80 81
81 82
69 83
83 84
84 85
85 86
86 87
87 88
88 89
87 90
90 91
86 92
85 93
93 94
94 95
95 96
96 97
97 98
98 99
99 100
98 101
101 102
97 103
96 104
95 105
105 106
106 107
107 108
108 109
107 110
110 111
111 112
110 113
106 114
105 115
93 116
93 117
12 118
118 119
119 120
120 121
120 122
120 123
118 124
124 125
125 126
124 127
127 128
118 129
129 130
130 131
118 132
132 133
133 134
134 135
135 136
136 137
137 138
136 139
135 140
140 141
134 142
142 143
143 144
144 145
145 146
146 147
147 148
148 149
147 150
146 151
151 152
145 153
144 154
154 155
155 156
156 157
157 158
156 159
155 160
160 161
161 162
160 163
154 164
142 165
142 166
12 167
167 168
168 169
169 170
169 171
169 172
167 173
173 174
174 175
173 176
176 177
167 178
178 179
179 180
167 181
181 182
182 183
183 184
184 185
184 186
184 187
182 188
188 189
189 190
188 191
191 192
182 193
193 194
194 195
182 196
196 197
197 198
198 199
199 200
200 201
201 202
200 203
203 204
199 205
205 206
198 207
197 208
208 209
209 210
210 211
211 212
212 213
213 214
212 215
215 216
211 217
217 218
210 219
219 220
220 221
221 222
222 223
221 224
224 225
225 226
224 227
220 228
228 229
219 230
230 231
231 232
232 233
231 234
234 235
230 236
236 237
237 238
236 239
197 240
240 241
241 242
242 243
243 244
244 245
245 246
244 247
247 248
243 249
249 250
242 251
12 252
252 253
253 254
254 255
255 256
254 257
257 258
258 259
257 260
253 261
261 262
262 263
261 264
