0 1
1 2
1 3
3 4
3 5
3 6
3 7
7 8
8 9
9 10
7 11
3 12
12 13
12 14
3 15
15 16
15 17
3 18
18 19
18 20
3 21
21 22
21 23
3 24
24 25
25 26
26 27
24 28
3 29
3 30
30 31
31 32
32 33
33 34
34 35
35 36
34 37
37 38
33 39
39 40
40 41
39 42
42 43
32 44
44 45
45 46
46 47
47 48
46 49
49 50
45 51
51 52
44 53
31 54
54 55
55 56
30 57
57 58
58 59
59 60
60 61
59 62
62 63
63 64
62 65
58 66
66 67
67 68
66 69
69 70
70 71
69 72
57 73
73 74
74 75
30 76
76 77
77 78
78 79
79 80
78 81
81 82
82 83
81 84
77 85
85 86
86 87
85 88
88 89
89 90
88 91
76 92
92 93
93 94
30 95
95 96
96 97
97 98
98 99
99 100
98 101
101 102
97 103
103 104
96 105
105 106
95 107
107 108
108 109
109 110
110 111
111 112
110 113
113 114
109 115
115 116
30 117
117 118
118 119
119 120
119 121
119 122
122 123
122 124
124 125
122 126
126 127
122 128
128 129
122 130
130 131
131 132
130 133
122 134
134 135
122 136
136 137
30 138
138 139
139 140
140 141
140 142
140 143
143 144
143 145
145 146
143 147
147 148
143 149
149 150
143 151
151 152
143 153
153 154
154 155
153 156
143 157
157 158
30 159
159 160
160 161
161 162
162 163
163 164
162 165
165 166
161 167
167 168
160 169
169 170
170 171
169 172
172 173
1 174
174 175
174 176
174 177
177 178
178 179
179 180
177 181
174 182
174 183
183 184
184 185
185 186
186 187
187 188
188 189
186 190
186 191
191 192
191 193
193 194
194 195
195 196
196 197
195 198
194 199
191 200
200 201
201 202
202 203
203 204
204 205
203 206
202 207
201 208
183 209
209 210
210 211
211 212
211 213
211 214
209 215
215 216
216 217
215 218
218 219
219 220
218 221
209 222
222 223
223 224
209 225
225 226
226 227
227 228
228 229
227 230
227 231
231 232
232 233
231 234
234 235
227 236
236 237
183 238
238 239
239 240
239 241
241 242
239 243
243 244
244 245
243 246
239 247
247 248
248 249
249 250
248 251
247 252
239 253
239 254
239 255
255 256
