0 1
1 2
1 3
3 4
3 5
3 6
6 7
7 8
8 9
6 10
3 11
3 12
12 13
13 14
14 15
15 16
15 17
15 18
18 19
19 20
18 21
12 22
22 23
23 24
24 25
24 26
24 27
27 28
28 29
29 30
28 31
27 32
12 33
33 34
34 35
35 36
36 37
37 38
35 39
35 40
40 41
40 42
42 43
43 44
40 45
45 46
46 47
12 48
48 49
49 50
50 51
50 52
50 53
48 54
54 55
55 56
54 57
57 58
48 59
59 60
60 61
48 62
62 63
63 64
64 65
65 66
65 67
65 68
63 69
69 70
70 71
69 72
72 73
63 74
74 75
75 76
63 77
77 78
78 79
79 80
80 81
81 82
82 83
81 84
84 85
80 86
86 87
79 88
78 89
89 90
90 91
91 92
92 93
93 94
94 95
93 96
96 97
92 98
98 99
91 100
89 101
77 102
102 103
103 104
104 105
105 106
106 107
105 108
104 109
103 110
110 111
111 112
112 113
111 114
110 115
102 116
116 117
117 118
118 119
119 120
120 121
121 122
120 123
123 124
119 125
125 126
118 127
127 128
128 129
129 130
130 131
129 132
132 133
133 134
132 135
128 136
136 137
127 138
138 139
139 140
140 141
139 142
142 143
138 144
144 145
145 146
144 147
102 148
148 149
149 150
150 151
151 152
150 153
149 154
148 155
155 156
156 157
157 158
158 159
159 160
160 161
159 162
162 163
158 164
164 165
157 166
166 167
167 168
168 169
167 170
170 171
171 172
170 173
166 174
174 175
148 176
176 177
177 178
178 179
179 180
178 181
177 182
176 183
183 184
184 185
185 186
186 187
187 188
188 189
187 190
190 191
186 192
192 193
185 194
194 195
195 196
196 197
195 198
198 199
194 200
200 201
201 202
200 203
176 204
204 205
205 206
206 207
207 208
208 209
209 210
208 211
211 212
207 213
213 214
206 215
12 216
216 217
217 218
218 219
219 220
218 221
221 222
222 223
221 224
217 225
225 226
226 227
225 228
1 229
229 230
229 231
229 232
232 233
233 234
234 235
232 236
229 237
237 238
237 239
229 240
240 241
240 242
229 243
229 244
244 245
245 246
246 247
247 248
247 249
247 250
250 251
251 252
250 253
244 254
254 255
255 256
256 257
256 258
256 259
259 260
260 261
261 262
260 263
259 264
244 265
265 266
266 267
267 268
268 269
267 270
270 271
266 272
272 273
273 274
272 275
275 276
265 277
277 278
278 279
244 280
280 281
281 282
282 283
283 284
284 285
283 286
286 287
282 288
288 289
281 290
280 291
291 292
292 293
244 294
294 295
295 296
296 297
297 298
296 299
299 300
300 301
299 302
295 303
303 304
304 305
303 306
306 307
307 308
306 309
294 310
310 311
311 312
244 313
313 314
314 315
315 316
315 317
317 318
315 319
319 320
320 321
319 322
315 323
323 324
314 325
325 326
325 327
327 328
325 329
329 330
325 331
331 332
332 333
331 334
