0 1
1 2
1 3
3 4
3 5
3 6
6 7
7 8
8 9
6 10
3 11
3 12
12 13
13 14
14 15
15 16
15 17
15 18
18 19
19 20
20 21
19 22
18 23
12 24
24 25
25 26
26 27
26 28
26 29
29 30
30 31
29 32
12 33
33 34
34 35
35 36
36 37
37 38
35 39
35 40
40 41
40 42
42 43
43 44
40 45
45 46
46 47
12 48
48 49
49 50
50 51
51 52
52 53
51 54
50 55
49 56
12 57
57 58
58 59
59 60
59 61
59 62
57 63
63 64
64 65
63 66
66 67
57 68
68 69
69 70
57 71
71 72
72 73
73 74
74 75
74 76
74 77
72 78
78 79
79 80
78 81
81 82
72 83
83 84
84 85
72 86
86 87
87 88
88 89
89 90
90 91
91 92
90 93
93 94
89 95
95 96
88 97
87 98
98 99
99 100
100 101
101 102
102 103
103 104
102 105
105 106
101 107
107 108
100 109
98 110
86 111
111 112
112 113
113 114
114 115
113 116
112 117
117 118
118 119
117 120
111 121
121 122
122 123
123 124
124 125
125 126
126 127
125 128
128 129
124 130
130 131
123 132
132 133
133 134
134 135
135 136
134 137
137 138
138 139
137 140
133 141
141 142
132 143
143 144
144 145
145 146
144 147
147 148
143 149
149 150
150 151
149 152
111 153
153 154
154 155
155 156
154 157
153 158
158 159
159 160
160 161
161 162
162 163
163 164
162 165
165 166
161 167
167 168
160 169
169 170
170 171
171 172
170 173
173 174
174 175
173 176
169 177
177 178
153 179
179 180
180 181
181 182
180 183
179 184
184 185
185 186
186 187
187 188
188 189
189 190
188 191
191 192
187 193
193 194
186 195
195 196
196 197
197 198
196 199
199 200
195 201
201 202
202 203
201 204
12 205
205 206
206 207
207 208
208 209
207 210
210 211
211 212
210 213
206 214
214 215
215 216
214 217
