0 1
1 2
1 3
3 4
3 5
3 6
6 7
7 8
8 9
6 10
3 11
3 12
12 13
13 14
14 15
15 16
16 17
17 18
15 19
15 20
20 21
20 22
22 23
23 24
24 25
23 26
20 27
27 28
28 29
29 30
30 31
29 32
28 33
12 34
34 35
35 36
36 37
37 38
38 39
37 40
36 41
35 42
34 43
43 44
44 45
45 46
46 47
47 48
46 49
45 50
44 51
34 52
52 53
53 54
54 55
55 56
56 57
55 58
54 59
53 60
12 61
61 62
62 63
62 64
64 65
62 66
66 67
12 68
68 69
69 70
70 71
71 72
70 73
73 74
74 75
75 76
74 77
73 78
69 79
79 80
80 81
81 82
82 83
81 84
80 85
79 86
1 87
87 88
87 89
87 90
90 91
91 92
92 93
90 94
87 95
95 96
96 97
97 98
95 99
87 100
87 101
101 102
102 103
103 104
104 105
104 106
104 107
102 108
108 109
109 110
108 111
111 112
112 113
111 114
102 115
115 116
116 117
102 118
118 119
119 120
120 121
121 122
121 123
121 124
119 125
125 126
126 127
125 128
128 129
129 130
130 131
129 132
128 133
119 134
134 135
135 136
119 137
137 138
138 139
139 140
140 141
141 142
140 143
139 144
144 145
145 146
144 147
138 148
137 149
149 150
150 151
151 152
151 153
151 154
150 155
155 156
155 157
155 158
137 159
159 160
160 161
161 162
162 163
163 164
162 165
165 166
161 167
167 168
160 169
159 170
170 171
171 172
172 173
173 174
174 175
175 176
174 177
177 178
173 179
179 180
172 181
170 182
137 183
183 184
184 185
185 186
186 187
185 188
184 189
183 190
190 191
191 192
192 193
191 194
194 195
195 196
196 197
195 198
198 199
194 200
200 201
201 202
200 203
137 204
204 205
205 206
206 207
207 208
206 209
205 210
204 211
211 212
212 213
213 214
212 215
215 216
216 217
217 218
216 219
219 220
220 221
219 222
215 223
223 224
137 225
225 226
226 227
227 228
228 229
229 230
228 231
231 232
227 233
233 234
226 235
235 236
236 237
235 238
238 239
