0 1
1 2
1 3
3 4
4 5
5 6
6 7
4 8
4 9
9 10
9 11
11 12
9 13
13 14
1 15
15 16
15 17
15 18
18 19
18 20
15 21
21 22
21 23
15 24
24 25
25 26
26 27
24 28
15 29
15 30
30 31
31 32
32 33
33 34
33 35
33 36
36 37
37 38
36 39
32 40
40 41
40 42
40 43
43 44
44 45
45 46
44 47
43 48
30 49
49 50
50 51
51 52
52 53
53 54
52 55
51 56
56 57
57 58
56 59
50 60
60 61
61 62
62 63
63 64
62 65
65 66
61 67
67 68
60 69
49 70
70 71
30 72
72 73
73 74
74 75
75 76
76 77
75 78
78 79
74 80
80 81
73 82
82 83
72 84
84 85
85 86
86 87
87 88
86 89
89 90
85 91
91 92
30 93
93 94
94 95
95 96
96 97
95 98
94 99
99 100
100 101
99 102
93 103
103 104
104 105
30 106
106 107
107 108
108 109
108 110
108 111
30 112
112 113
113 114
114 115
114 116
114 117
117 118
117 119
119 120
117 121
121 122
122 123
121 124
117 125
125 126
30 127
127 128
128 129
129 130
129 131
129 132
132 133
132 134
134 135
135 136
134 137
132 138
138 139
132 140
140 141
30 142
142 143
143 144
144 145
143 146
146 147
147 148
146 149
149 150
30 151
151 152
152 153
153 154
154 155
155 156
154 157
157 158
153 159
159 160
152 161
161 162
1 163
163 164
163 165
163 166
166 167
167 168
168 169
166 170
163 171
163 172
172 173
173 174
174 175
175 176
175 177
175 178
178 179
179 180
178 181
174 182
182 183
182 184
182 185
185 186
186 187
187 188
186 189
185 190
172 191
191 192
192 193
193 194
194 195
193 196
191 197
197 198
191 199
199 200
200 201
201 202
200 203
200 204
204 205
200 206
206 207
172 208
208 209
209 210
209 211
211 212
212 213
211 214
209 215
215 216
216 217
215 218
209 219
219 220
