0 1
1 2
1 3
3 4
3 5
5 6
6 7
6 8
8 9
5 10
3 11
11 12
11 13
3 14
3 15
15 16
16 17
17 18
18 19
18 20
18 21
21 22
22 23
21 24
17 25
25 26
25 27
25 28
17 29
29 30
29 31
29 32
32 33
15 34
34 35
35 36
36 37
35 38
38 39
34 40
40 41
41 42
42 43
43 44
43 45
43 46
46 47
47 48
48 49
49 50
48 51
51 52
46 53
40 54
54 55
55 56
56 57
57 58
56 59
56 60
60 61
55 62
62 63
54 64
64 65
65 66
66 67
67 68
66 69
69 70
70 71
69 72
54 73
73 74
74 75
75 76
76 77
75 78
78 79
15 80
80 81
81 82
1 83
83 84
83 85
83 86
86 87
87 88
86 89
83 90
83 91
91 92
92 93
93 94
94 95
94 96
94 97
97 98
98 99
97 100
93 101
101 102
101 103
101 104
91 105
105 106
106 107
107 108
108 109
108 110
110 111
107 112
107 113
113 114
114 115
114 116
116 117
91 118
118 119
119 120
120 121
120 122
120 123
118 124
124 125
125 126
124 127
127 128
118 129
129 130
130 131
118 132
132 133
133 134
134 135
135 136
135 137
135 138
138 139
138 140
140 141
138 142
142 143
143 144
142 145
145 146
132 147
147 148
148 149
149 150
150 151
149 152
148 153
147 154
154 155
155 156
156 157
157 158
156 159
156 160
160 161
161 162
160 163
163 164
154 165
132 166
166 167
167 168
168 169
167 170
170 171
171 172
170 173
166 174
174 175
175 176
176 177
175 178
175 179
179 180
180 181
179 182
182 183
166 184
184 185
185 186
186 187
185 188
185 189
189 190
185 191
191 192
192 193
191 194
194 195
91 196
196 197
197 198
198 199
197 200
