0 1
1 2
1 3
3 4
3 5
3 6
6 7
7 8
6 9
3 10
3 11
11 12
12 13
13 14
14 15
14 16
14 17
17 18
18 19
17 20
11 21
21 22
22 23
23 24
24 25
23 26
23 27
27 28
27 29
29 30
30 31
31 32
30 33
11 34
34 35
35 36
36 37
37 38
36 39
36 40
40 41
40 42
42 43
43 44
44 45
43 46
11 47
47 48
48 49
49 50
49 51
49 52
52 53
53 54
52 55
47 56
56 57
57 58
56 59
47 60
60 61
61 62
47 63
63 64
64 65
65 66
66 67
66 68
66 69
69 70
70 71
69 72
64 73
73 74
74 75
73 76
76 77
64 78
78 79
79 80
64 81
81 82
82 83
83 84
84 85
84 86
84 87
87 88
87 89
89 90
90 91
89 92
92 93
93 94
92 95
81 96
96 97
97 98
98 99
99 100
98 101
101 102
97 103
103 104
104 105
105 106
104 107
107 108
103 109
109 110
110 111
109 112
112 113
96 114
114 115
115 116
116 117
115 118
118 119
119 120
118 121
118 122
122 123
118 124
124 125
124 126
126 127
127 128
126 129
129 130
130 131
129 132
81 133
133 134
134 135
135 136
136 137
135 138
138 139
139 140
138 141
134 142
142 143
63 144
144 145
145 146
146 147
145 148
148 149
11 150
150 151
151 152
152 153
151 154
