0 1
1 2
1 3
3 4
3 5
3 6
6 7
6 8
3 9
9 10
9 11
3 12
12 13
13 14
12 15
3 16
16 17
17 18
18 19
16 20
3 21
21 22
21 23
3 24
3 25
25 26
26 27
27 28
28 29
27 30
30 31
26 32
32 33
33 34
25 35
35 36
36 37
37 38
38 39
39 40
38 41
41 42
37 43
43 44
44 45
43 46
36 47
47 48
35 49
49 50
50 51
51 52
52 53
53 54
52 55
55 56
51 57
57 58
58 59
57 60
25 61
61 62
62 63
63 64
63 65
63 66
66 67
66 68
68 69
69 70
68 71
66 72
72 73
66 74
74 75
66 76
76 77
66 78
78 79
25 80
80 81
81 82
82 83
82 84
82 85
25 86
86 87
87 88
88 89
89 90
88 91
91 92
87 93
93 94
94 95
95 96
94 97
97 98
93 99
99 100
100 101
99 102
102 103
86 104
104 105
105 106
106 107
107 108
106 109
109 110
109 111
111 112
111 113
113 114
114 115
113 116
111 117
117 118
111 119
119 120
111 121
121 122
111 123
123 124
25 125
125 126
126 127
127 128
128 129
129 130
128 131
131 132
127 133
133 134
134 135
133 136
126 137
137 138
138 139
137 140
137 141
141 142
137 143
143 144
1 145
145 146
145 147
145 148
148 149
149 150
148 151
145 152
145 153
153 154
154 155
155 156
156 157
156 158
156 159
159 160
160 161
159 162
153 163
163 164
164 165
165 166
166 167
167 168
165 169
165 170
170 171
170 172
172 173
173 174
170 175
175 176
176 177
177 178
176 179
153 180
180 181
181 182
182 183
182 184
182 185
180 186
186 187
187 188
186 189
189 190
180 191
191 192
192 193
180 194
194 195
195 196
196 197
197 198
197 199
197 200
195 201
201 202
202 203
201 204
204 205
205 206
204 207
195 208
208 209
209 210
195 211
211 212
212 213
213 214
214 215
215 216
216 217
215 218
218 219
214 220
220 221
213 222
222 223
153 224
224 225
225 226
226 227
226 228
226 229
229 230
153 231
231 232
232 233
232 234
232 235
235 236
232 237
237 238
232 239
239 240
232 241
241 242
