0 1
1 2
1 3
3 4
3 5
3 6
6 7
7 8
6 9
3 10
3 11
11 12
12 13
13 14
14 15
15 16
14 17
14 18
18 19
18 20
20 21
21 22
22 23
21 24
11 25
25 26
26 27
27 28
27 29
27 30
11 31
31 32
32 33
33 34
33 35
31 36
36 37
31 38
38 39
39 40
40 41
41 42
41 43
41 44
44 45
45 46
44 47
44 48
48 49
44 50
44 51
51 52
44 53
53 54
38 55
55 56
56 57
57 58
56 59
55 60
60 61
61 62
62 63
61 64
64 65
65 66
66 67
64 68
38 69
69 70
70 71
71 72
72 73
71 74
74 75
70 76
76 77
38 78
78 79
79 80
80 81
79 82
82 83
78 84
84 85
85 86
86 87
87 88
11 89
89 90
90 91
