0 1
1 2
1 3
3 4
3 5
3 6
6 7
7 8
6 9
3 10
3 11
11 12
12 13
13 14
14 15
15 16
15 17
17 18
14 19
14 20
20 21
21 22
21 23
23 24
11 25
25 26
26 27
27 28
27 29
27 30
25 31
31 32
32 33
31 34
34 35
35 36
34 37
25 38
38 39
39 40
25 41
41 42
42 43
43 44
44 45
45 46
44 47
43 48
48 49
49 50
50 51
49 52
49 53
53 54
54 55
55 56
54 57
53 58
48 59
59 60
60 61
59 62
62 63
42 64
64 65
65 66
66 67
65 68
65 69
69 70
70 71
69 72
72 73
42 74
74 75
75 76
76 77
75 78
75 79
79 80
80 81
79 82
82 83
74 84
74 85
85 86
86 87
87 88
88 89
88 90
88 91
87 92
92 93
92 94
92 95
95 96
96 97
97 98
96 99
95 100
85 101
101 102
102 103
103 104
102 105
105 106
101 107
107 108
108 109
109 110
110 111
110 112
110 113
113 114
114 115
115 116
116 117
115 118
118 119
113 120
107 121
121 122
122 123
123 124
124 125
123 126
123 127
127 128
122 129
129 130
130 131
129 132
132 133
121 134
121 135
135 136
136 137
137 138
138 139
137 140
137 141
141 142
136 143
143 144
144 145
143 146
146 147
135 148
148 149
149 150
150 151
149 152
152 153
153 154
152 155
135 156
156 157
157 158
158 159
157 160
160 161
161 162
160 163
85 164
164 165
165 166
166 167
165 168
165 169
169 170
165 171
171 172
172 173
171 174
174 175
11 176
176 177
177 178
178 179
177 180
