0 1
1 2
1 3
3 4
3 5
3 6
6 7
7 8
6 9
3 10
10 11
3 12
12 13
13 14
14 15
15 16
16 17
15 18
15 19
19 20
14 21
21 22
22 23
21 24
21 25
14 26
26 27
27 28
26 29
26 30
12 31
31 32
32 33
33 34
34 35
33 36
32 37
37 38
38 39
39 40
38 41
37 42
31 43
43 44
44 45
45 46
46 47
47 48
46 49
46 50
50 51
51 52
50 53
43 54
54 55
55 56
56 57
55 58
54 59
59 60
60 61
61 62
62 63
63 64
62 65
61 66
66 67
67 68
66 69
59 70
70 71
71 72
72 73
73 74
72 75
71 76
54 77
77 78
78 79
79 80
80 81
81 82
80 83
79 84
84 85
77 86
86 87
87 88
88 89
89 90
88 91
87 92
92 93
93 94
92 95
43 96
96 97
97 98
98 99
99 100
98 101
97 102
102 103
43 104
104 105
105 106
106 107
105 108
108 109
43 110
110 111
111 112
112 113
111 114
114 115
43 116
116 117
117 118
118 119
117 120
116 121
121 122
122 123
123 124
124 125
123 126
126 127
43 128
128 129
129 130
130 131
129 132
132 133
133 134
134 135
133 136
132 137
12 138
138 139
139 140
140 141
141 142
142 143
141 144
139 145
145 146
139 147
147 148
