0 1
1 2
1 3
3 4
4 5
4 6
1 7
7 8
8 9
9 10
8 11
1 12
12 13
12 14
14 15
14 16
12 17
17 18
18 19
19 20
20 21
19 22
22 23
1 24
24 25
24 26
24 27
24 28
28 29
29 30
28 31
24 32
32 33
24 34
34 35
35 36
36 37
37 38
38 39
37 40
36 41
41 42
42 43
41 44
35 45
45 46
46 47
34 48
48 49
49 50
50 51
51 52
52 53
50 54
50 55
55 56
56 57
57 58
58 59
57 60
57 61
57 62
56 63
56 64
56 65
55 66
55 67
34 68
68 69
69 70
70 71
71 72
70 73
70 74
74 75
75 76
74 77
34 78
78 79
79 80
80 81
81 82
80 83
80 84
84 85
34 86
86 87
87 88
88 89
89 90
88 91
86 92
92 93
86 94
94 95
95 96
96 97
97 98
98 99
99 100
98 101
97 102
95 103
103 104
104 105
105 106
106 107
107 108
106 109
105 110
110 111
111 112
110 113
113 114
114 115
113 116
113 117
117 118
118 119
117 120
103 121
121 122
122 123
123 124
122 125
125 126
126 127
125 128
34 129
129 130
130 131
131 132
130 133
0 134
134 135
134 136
134 137
137 138
137 139
137 140
140 141
141 142
140 143
137 144
144 145
137 146
146 147
147 148
148 149
149 150
150 151
149 152
148 153
153 154
154 155
155 156
154 157
153 158
147 159
159 160
160 161
161 162
146 163
163 164
164 165
165 166
166 167
165 168
165 169
169 170
146 171
171 172
172 173
173 174
174 175
173 176
173 177
177 178
178 179
177 180
146 181
181 182
182 183
183 184
184 185
183 186
182 187
187 188
187 189
189 190
190 191
189 192
146 193
193 194
194 195
195 196
196 197
195 198
194 199
199 200
146 201
201 202
202 203
134 204
204 205
204 206
204 207
204 208
208 209
209 210
210 211
208 212
204 213
204 214
214 215
215 216
216 217
217 218
218 219
217 220
217 221
221 222
222 223
221 224
221 225
214 226
226 227
227 228
228 229
229 230
228 231
228 232
232 233
233 234
214 235
235 236
236 237
237 238
238 239
237 240
237 241
241 242
242 243
241 244
241 245
245 246
214 247
247 248
248 249
248 250
250 251
134 252
252 253
252 254
252 255
252 256
256 257
257 258
256 259
252 260
252 261
261 262
262 263
263 264
264 265
265 266
264 267
264 268
268 269
261 270
270 271
271 272
272 273
271 274
270 275
275 276
276 277
277 278
278 279
279 280
278 281
277 282
277 283
283 284
284 285
285 286
284 287
283 288
275 289
289 290
290 291
291 292
290 293
293 294
294 295
293 296
261 297
297 298
298 299
299 300
300 301
299 302
298 303
