0 1
1 2
1 3
3 4
3 5
3 6
6 7
7 8
6 9
3 10
10 11
3 12
12 13
13 14
14 15
15 16
16 17
15 18
15 19
19 20
12 21
21 22
22 23
23 24
24 25
23 26
23 27
12 28
28 29
29 30
30 31
31 32
30 33
30 34
12 35
35 36
36 37
37 38
37 39
37 40
36 41
41 42
41 43
41 44
12 45
45 46
46 47
47 48
48 49
47 50
50 51
46 52
52 53
53 54
52 55
45 56
56 57
57 58
58 59
59 60
58 61
61 62
62 63
61 64
56 65
65 66
66 67
67 68
68 69
67 70
66 71
71 72
56 73
73 74
74 75
75 76
74 77
77 78
56 79
79 80
80 81
81 82
80 83
83 84
56 85
85 86
86 87
87 88
12 89
89 90
90 91
91 92
90 93
89 94
94 95
95 96
96 97
97 98
98 99
97 100
96 101
101 102
101 103
103 104
12 105
105 106
106 107
107 108
106 109
109 110
12 111
111 112
112 113
