0 1
1 2
1 3
3 4
3 5
3 6
6 7
7 8
6 9
3 10
10 11
3 12
12 13
13 14
14 15
15 16
16 17
15 18
14 19
19 20
20 21
21 22
20 23
19 24
13 25
25 26
26 27
27 28
12 29
29 30
30 31
31 32
32 33
31 34
31 35
35 36
12 37
37 38
38 39
39 40
40 41
39 42
39 43
43 44
44 45
43 46
12 47
47 48
48 49
49 50
49 51
49 52
12 53
53 54
54 55
55 56
56 57
55 58
54 59
59 60
60 61
59 62
53 63
63 64
64 65
65 66
66 67
65 68
68 69
69 70
68 71
63 72
72 73
73 74
74 75
75 76
74 77
73 78
78 79
79 80
78 81
63 82
82 83
83 84
84 85
85 86
84 87
83 88
88 89
63 90
90 91
91 92
92 93
93 94
94 95
93 96
92 97
91 98
98 99
99 100
100 101
101 102
100 103
99 104
98 105
90 106
106 107
107 108
108 109
63 110
110 111
111 112
112 113
111 114
114 115
115 116
114 117
63 118
118 119
119 120
120 121
119 122
122 123
123 124
122 125
12 126
126 127
127 128
