0 1
1 2
1 3
3 4
3 5
3 6
6 7
7 8
6 9
3 10
10 11
3 12
12 13
13 14
14 15
15 16
16 17
15 18
15 19
19 20
20 21
19 22
19 23
23 24
12 25
25 26
26 27
27 28
28 29
27 30
27 31
31 32
12 33
33 34
34 35
35 36
36 37
37 38
36 39
35 40
34 41
41 42
42 43
43 44
44 45
43 46
42 47
41 48
33 49
49 50
50 51
51 52
52 53
53 54
52 55
52 56
56 57
57 58
56 59
49 60
60 61
61 62
62 63
63 64
62 65
62 66
66 67
67 68
66 69
49 70
70 71
71 72
72 73
73 74
72 75
71 76
76 77
77 78
76 79
49 80
80 81
81 82
82 83
83 84
82 85
81 86
86 87
49 88
88 89
89 90
90 91
91 92
90 93
89 94
94 95
49 96
96 97
97 98
98 99
97 100
100 101
12 102
102 103
103 104
104 105
103 106
