0 1
1 2
1 3
3 4
3 5
3 6
6 7
7 8
6 9
3 10
10 11
3 12
12 13
13 14
14 15
15 16
16 17
15 18
14 19
19 20
20 21
21 22
20 23
19 24
13 25
25 26
26 27
12 28
28 29
29 30
30 31
31 32
30 33
30 34
12 35
35 36
36 37
37 38
38 39
37 40
37 41
41 42
12 43
43 44
44 45
45 46
44 47
47 48
48 49
47 50
12 51
51 52
52 53
53 54
54 55
53 56
52 57
57 58
58 59
59 60
58 61
57 62
51 63
63 64
64 65
65 66
66 67
67 68
66 69
66 70
70 71
71 72
70 73
63 74
74 75
75 76
76 77
77 78
76 79
75 80
80 81
81 82
80 83
63 84
84 85
85 86
86 87
87 88
86 89
85 90
90 91
63 92
92 93
93 94
94 95
93 96
92 97
97 98
98 99
99 100
100 101
99 102
98 103
103 104
63 105
105 106
106 107
107 108
106 109
109 110
63 111
111 112
112 113
113 114
112 115
115 116
116 117
115 118
12 119
119 120
120 121
