0 1
1 2
1 3
3 4
3 5
3 6
6 7
7 8
6 9
3 10
10 11
3 12
12 13
13 14
14 15
15 16
16 17
15 18
14 19
19 20
20 21
21 22
20 23
19 24
13 25
25 26
26 27
27 28
12 29
29 30
30 31
31 32
32 33
31 34
31 35
35 36
12 37
37 38
38 39
39 40
40 41
39 42
39 43
43 44
44 45
43 46
12 47
47 48
48 49
49 50
48 51
51 52
52 53
51 54
12 55
55 56
56 57
57 58
58 59
57 60
56 61
12 62
62 63
63 64
64 65
63 66
66 67
66 68
68 69
12 70
70 71
71 72
72 73
73 74
72 75
71 76
76 77
76 78
78 79
12 80
80 81
81 82
1 83
83 84
83 85
83 86
86 87
87 88
86 89
83 90
90 91
83 92
92 93
93 94
94 95
95 96
96 97
95 98
95 99
92 100
100 101
101 102
102 103
103 104
102 105
102 106
106 107
92 108
108 109
109 110
110 111
109 112
108 113
113 114
114 115
115 116
116 117
117 118
116 119
116 120
120 121
121 122
120 123
113 124
124 125
125 126
126 127
127 128
126 129
125 130
130 131
113 132
132 133
133 134
134 135
133 136
136 137
113 138
138 139
139 140
140 141
139 142
142 143
92 144
144 145
145 146
