0 1
1 2
1 3
3 4
3 5
3 6
6 7
7 8
6 9
3 10
10 11
11 12
11 13
13 14
10 15
3 16
3 17
17 18
18 19
19 20
20 21
21 22
21 23
23 24
21 25
25 26
20 27
20 28
28 29
29 30
17 31
31 32
32 33
32 34
34 35
32 36
36 37
32 38
32 39
39 40
1 41
41 42
41 43
41 44
44 45
45 46
44 47
41 48
48 49
49 50
49 51
51 52
48 53
41 54
54 55
54 56
41 57
57 58
58 59
58 60
60 61
58 62
62 63
57 64
41 65
41 66
66 67
67 68
68 69
69 70
68 71
71 72
72 73
71 74
67 75
75 76
76 77
66 78
78 79
79 80
80 81
79 82
79 83
83 84
78 85
85 86
86 87
87 88
88 89
87 90
87 91
91 92
66 93
93 94
94 95
95 96
95 97
95 98
66 99
99 100
100 101
101 102
101 103
101 104
104 105
99 106
106 107
107 108
106 109
109 110
110 111
109 112
99 113
113 114
114 115
99 116
116 117
117 118
118 119
119 120
118 121
118 122
122 123
123 124
122 125
122 126
126 127
122 128
128 129
117 130
130 131
131 132
132 133
133 134
132 135
135 136
135 137
137 138
135 139
139 140
135 141
141 142
135 143
143 144
130 145
145 146
146 147
147 148
146 149
146 150
150 151
146 152
152 153
130 154
154 155
155 156
156 157
155 158
154 159
159 160
160 161
66 162
162 163
163 164
