0 1
1 2
1 3
3 4
3 5
3 6
6 7
7 8
6 9
3 10
10 11
11 12
11 13
13 14
10 15
3 16
3 17
17 18
18 19
19 20
20 21
21 22
20 23
20 24
24 25
24 26
26 27
27 28
28 29
29 30
28 31
27 32
17 33
33 34
34 35
35 36
36 37
35 38
34 39
17 40
40 41
41 42
42 43
42 44
42 45
40 46
46 47
47 48
46 49
49 50
50 51
49 52
40 53
53 54
54 55
40 56
56 57
57 58
58 59
59 60
60 61
59 62
62 63
57 64
56 65
65 66
66 67
67 68
68 69
67 70
65 71
71 72
65 73
73 74
74 75
75 76
76 77
76 78
76 79
79 80
80 81
79 82
82 83
83 84
82 85
73 86
86 87
87 88
88 89
89 90
88 91
91 92
92 93
91 94
87 95
95 96
96 97
95 98
95 99
99 100
100 101
99 102
99 103
103 104
99 105
105 106
86 107
107 108
108 109
109 110
110 111
111 112
110 113
113 114
109 115
17 116
116 117
117 118
118 119
117 120
120 121
121 122
120 123
