0 1
1 2
1 3
3 4
3 5
3 6
6 7
7 8
6 9
3 10
10 11
11 12
11 13
13 14
10 15
3 16
3 17
17 18
18 19
19 20
20 21
21 22
20 23
20 24
24 25
25 26
17 27
27 28
28 29
29 30
29 31
29 32
27 33
33 34
34 35
33 36
36 37
37 38
36 39
27 40
40 41
41 42
27 43
43 44
44 45
45 46
46 47
45 48
45 49
49 50
50 51
49 52
49 53
53 54
17 55
55 56
56 57
57 58
56 59
56 60
60 61
1 62
62 63
62 64
64 65
64 66
66 67
67 68
68 69
66 70
66 71
71 72
72 73
71 74
74 75
62 76
76 77
76 78
78 79
78 80
78 81
62 82
82 83
82 84
82 85
85 86
86 87
85 88
82 89
82 90
90 91
91 92
92 93
93 94
94 95
93 96
93 97
90 98
98 99
99 100
100 101
100 102
100 103
98 104
104 105
105 106
104 107
107 108
108 109
107 110
98 111
111 112
112 113
98 114
114 115
115 116
116 117
117 118
117 119
117 120
120 121
121 122
122 123
121 124
121 125
125 126
120 127
114 128
128 129
129 130
130 131
131 132
132 133
131 134
130 135
135 136
129 137
128 138
138 139
139 140
140 141
141 142
140 143
143 144
144 145
145 146
144 147
143 148
148 149
128 150
150 151
151 152
152 153
153 154
154 155
153 156
153 157
157 158
158 159
150 160
160 161
161 162
162 163
163 164
164 165
163 166
162 167
167 168
161 169
169 170
150 171
171 172
172 173
173 174
172 175
175 176
90 177
177 178
178 179
179 180
180 181
179 182
178 183
62 184
184 185
184 186
184 187
187 188
188 189
187 190
184 191
184 192
192 193
193 194
194 195
195 196
196 197
195 198
195 199
192 200
200 201
201 202
202 203
202 204
202 205
200 206
206 207
207 208
206 209
209 210
210 211
209 212
200 213
213 214
214 215
200 216
216 217
217 218
218 219
219 220
219 221
219 222
222 223
223 224
224 225
223 226
223 227
227 228
222 229
216 230
230 231
231 232
232 233
233 234
234 235
233 236
232 237
237 238
231 239
230 240
240 241
241 242
216 243
243 244
244 245
245 246
244 247
247 248
248 249
249 250
248 251
247 252
252 253
192 254
254 255
255 256
256 257
255 258
62 259
259 260
259 261
259 262
262 263
263 264
262 265
259 266
259 267
267 268
268 269
269 270
270 271
270 272
270 273
273 274
274 275
273 276
267 277
277 278
278 279
279 280
280 281
279 282
279 283
283 284
283 285
285 286
286 287
287 288
286 289
267 290
290 291
291 292
292 293
293 294
292 295
291 296
267 297
297 298
298 299
299 300
299 301
299 302
297 303
303 304
304 305
303 306
306 307
297 308
308 309
309 310
297 311
311 312
312 313
313 314
314 315
315 316
314 317
317 318
312 319
311 320
320 321
321 322
322 323
323 324
322 325
322 326
311 327
327 328
328 329
329 330
329 331
329 332
332 333
327 334
334 335
335 336
334 337
337 338
327 339
339 340
340 341
327 342
342 343
343 344
344 345
345 346
345 347
345 348
348 349
349 350
350 351
349 352
349 353
353 354
348 355
342 356
356 357
357 358
358 359
359 360
360 361
359 362
358 363
363 364
357 365
356 366
342 367
367 368
368 369
369 370
368 371
371 372
372 373
373 374
372 375
371 376
376 377
342 378
378 379
379 380
380 381
379 382
378 383
383 384
384 385
385 386
386 387
385 388
388 389
389 390
388 391
384 392
267 393
393 394
394 395
395 396
394 397
397 398
