0 1
1 2
1 3
3 4
3 5
3 6
6 7
7 8
6 9
3 10
10 11
11 12
11 13
13 14
10 15
3 16
3 17
17 18
18 19
19 20
20 21
21 22
20 23
20 24
24 25
24 26
26 27
27 28
28 29
29 30
28 31
27 32
17 33
33 34
34 35
35 36
36 37
35 38
38 39
39 40
38 41
34 42
17 43
43 44
44 45
45 46
45 47
45 48
48 49
49 50
50 51
49 52
48 53
43 54
54 55
55 56
54 57
43 58
58 59
59 60
43 61
61 62
62 63
63 64
64 65
65 66
64 67
62 68
68 69
62 70
70 71
71 72
72 73
73 74
74 75
75 76
74 77
77 78
78 79
77 80
72 81
81 82
82 83
81 84
71 85
85 86
86 87
87 88
88 89
89 90
88 91
88 92
92 93
93 94
92 95
92 96
96 97
92 98
98 99
99 100
100 101
99 102
102 103
103 104
102 105
87 106
106 107
107 108
108 109
107 110
110 111
86 112
112 113
113 114
114 115
115 116
114 117
117 118
113 119
119 120
120 121
119 122
122 123
123 124
122 125
125 126
126 127
125 128
17 129
129 130
130 131
131 132
130 133
