0 1
1 2
1 3
3 4
4 5
5 6
5 7
7 8
4 9
4 10
1 11
11 12
11 13
11 14
14 15
15 16
14 17
11 18
18 19
19 20
19 21
21 22
18 23
11 24
11 25
25 26
26 27
27 28
28 29
27 30
30 31
31 32
30 33
33 34
25 35
35 36
36 37
36 38
38 39
36 40
40 41
41 42
40 43
36 44
1 45
45 46
45 47
45 48
48 49
49 50
48 51
45 52
52 53
52 54
45 55
55 56
55 57
45 58
45 59
59 60
60 61
61 62
62 63
61 64
64 65
60 66
66 67
59 68
68 69
69 70
70 71
70 72
70 73
73 74
59 75
75 76
76 77
77 78
78 79
77 80
77 81
59 82
82 83
83 84
84 85
83 86
86 87
82 88
88 89
89 90
90 91
91 92
90 93
93 94
94 95
93 96
93 97
97 98
88 99
99 100
100 101
101 102
100 103
100 104
104 105
99 106
106 107
107 108
108 109
108 110
110 111
108 112
112 113
108 114
114 115
115 116
114 117
107 118
118 119
88 120
120 121
121 122
122 123
59 124
124 125
