0 1
1 2
1 3
3 4
3 5
3 6
6 7
7 8
6 9
3 10
10 11
10 12
3 13
3 14
14 15
15 16
16 17
17 18
18 19
18 20
20 21
17 22
17 23
23 24
24 25
14 26
26 27
27 28
28 29
28 30
28 31
26 32
32 33
33 34
32 35
35 36
26 37
37 38
38 39
26 40
40 41
41 42
42 43
43 44
42 45
42 46
46 47
47 48
46 49
49 50
14 51
51 52
52 53
53 54
53 55
53 56
56 57
14 58
58 59
59 60
60 61
59 62
62 63
63 64
62 65
58 66
66 67
67 68
68 69
69 70
70 71
69 72
68 73
73 74
74 75
73 76
76 77
67 78
78 79
79 80
80 81
81 82
80 83
78 84
84 85
85 86
86 87
85 88
85 89
89 90
90 91
89 92
92 93
66 94
94 95
95 96
96 97
14 98
98 99
99 100
100 101
99 102
