0 1
1 2
1 3
3 4
3 5
3 6
6 7
7 8
6 9
3 10
10 11
10 12
3 13
13 14
13 15
15 16
15 17
17 18
3 19
19 20
20 21
21 22
22 23
21 24
21 25
25 26
19 27
27 28
28 29
29 30
30 31
30 32
32 33
32 34
34 35
29 36
29 37
37 38
38 39
19 40
40 41
41 42
42 43
42 44
42 45
45 46
46 47
45 48
19 49
49 50
50 51
51 52
51 53
51 54
49 55
55 56
56 57
55 58
58 59
59 60
58 61
49 62
62 63
63 64
49 65
65 66
66 67
67 68
68 69
69 70
68 71
67 72
72 73
73 74
74 75
73 76
76 77
72 78
78 79
79 80
78 81
81 82
82 83
81 84
66 85
85 86
65 87
87 88
88 89
89 90
89 91
89 92
92 93
93 94
92 95
87 96
96 97
97 98
96 99
99 100
100 101
99 102
87 103
103 104
104 105
87 106
106 107
107 108
108 109
109 110
110 111
109 112
112 113
113 114
112 115
108 116
116 117
117 118
118 119
117 120
120 121
116 122
122 123
123 124
122 125
125 126
126 127
125 128
107 129
129 130
106 131
131 132
132 133
133 134
133 135
133 136
136 137
137 138
136 139
106 140
140 141
141 142
142 143
142 144
142 145
145 146
146 147
145 148
106 149
149 150
150 151
151 152
150 153
153 154
149 155
155 156
156 157
157 158
158 159
158 160
158 161
161 162
162 163
163 164
162 165
165 166
161 167
167 168
168 169
167 170
170 171
155 172
172 173
173 174
174 175
173 176
176 177
177 178
178 179
177 180
180 181
176 182
182 183
183 184
182 185
185 186
155 187
187 188
188 189
189 190
188 191
191 192
187 193
193 194
194 195
195 196
196 197
187 198
198 199
199 200
200 201
199 202
202 203
198 204
204 205
205 206
206 207
207 208
198 209
209 210
210 211
211 212
212 213
211 214
211 215
215 216
216 217
215 218
215 219
219 220
220 221
219 222
222 223
215 224
224 225
225 226
224 227
227 228
215 229
229 230
230 231
229 232
232 233
215 234
234 235
235 236
234 237
237 238
209 239
239 240
240 241
241 242
209 243
243 244
244 245
245 246
209 247
247 248
248 249
249 250
250 251
249 252
252 253
248 254
254 255
255 256
256 257
255 258
258 259
254 260
260 261
261 262
260 263
263 264
264 265
263 266
247 267
267 268
268 269
269 270
270 271
209 272
272 273
273 274
274 275
275 276
274 277
277 278
273 279
279 280
280 281
281 282
280 283
283 284
279 285
285 286
286 287
285 288
288 289
289 290
288 291
272 292
292 293
293 294
294 295
295 296
19 297
297 298
298 299
