0 1
1 2
1 3
3 4
3 5
3 6
6 7
7 8
6 9
3 10
10 11
10 12
3 13
13 14
13 15
15 16
15 17
17 18
3 19
19 20
20 21
21 22
22 23
21 24
21 25
25 26
19 27
27 28
28 29
29 30
29 31
29 32
32 33
33 34
32 35
19 36
36 37
37 38
38 39
39 40
39 41
41 42
41 43
43 44
38 45
38 46
46 47
47 48
19 49
49 50
50 51
51 52
51 53
51 54
49 55
55 56
56 57
55 58
58 59
59 60
58 61
49 62
62 63
63 64
49 65
65 66
66 67
67 68
68 69
69 70
68 71
67 72
72 73
73 74
74 75
73 76
76 77
72 78
78 79
79 80
78 81
81 82
82 83
81 84
66 85
65 86
86 87
87 88
88 89
88 90
88 91
91 92
92 93
91 94
86 95
95 96
96 97
95 98
98 99
99 100
98 101
86 102
102 103
103 104
86 105
105 106
106 107
107 108
108 109
109 110
108 111
111 112
112 113
111 114
107 115
115 116
116 117
117 118
116 119
119 120
115 121
121 122
122 123
121 124
124 125
125 126
124 127
106 128
105 129
129 130
130 131
131 132
131 133
131 134
134 135
135 136
134 137
105 138
138 139
139 140
140 141
140 142
140 143
143 144
144 145
143 146
105 147
147 148
148 149
149 150
148 151
151 152
147 153
153 154
154 155
155 156
156 157
156 158
156 159
159 160
160 161
161 162
162 163
162 164
164 165
165 166
164 167
167 168
161 169
169 170
170 171
169 172
172 173
160 174
174 175
175 176
174 177
177 178
159 179
179 180
180 181
179 182
182 183
153 184
184 185
185 186
186 187
185 188
188 189
184 190
190 191
191 192
192 193
193 194
184 195
195 196
196 197
197 198
196 199
199 200
195 201
201 202
202 203
203 204
204 205
195 206
206 207
207 208
208 209
209 210
210 211
210 212
212 213
209 214
209 215
215 216
216 217
215 218
215 219
219 220
220 221
219 222
222 223
215 224
224 225
225 226
224 227
227 228
215 229
229 230
230 231
229 232
232 233
215 234
234 235
235 236
234 237
237 238
206 239
239 240
240 241
241 242
240 243
240 244
244 245
206 246
246 247
247 248
248 249
206 250
250 251
251 252
252 253
206 254
254 255
255 256
256 257
257 258
256 259
259 260
255 261
261 262
262 263
263 264
262 265
265 266
261 267
267 268
268 269
267 270
270 271
271 272
270 273
254 274
274 275
275 276
276 277
206 278
278 279
279 280
280 281
281 282
280 283
283 284
279 285
285 286
286 287
287 288
286 289
289 290
285 291
291 292
292 293
291 294
294 295
295 296
294 297
278 298
298 299
299 300
300 301
19 302
302 303
303 304
