0 1
1 2
1 3
3 4
3 5
3 6
6 7
7 8
6 9
3 10
10 11
10 12
3 13
13 14
13 15
15 16
15 17
17 18
3 19
19 20
20 21
21 22
22 23
21 24
21 25
25 26
19 27
27 28
28 29
29 30
29 31
29 32
32 33
19 34
34 35
35 36
36 37
37 38
37 39
39 40
39 41
41 42
36 43
36 44
44 45
45 46
19 47
47 48
48 49
49 50
49 51
49 52
52 53
53 54
54 55
53 56
52 57
19 58
58 59
59 60
60 61
60 62
60 63
19 64
64 65
65 66
66 67
66 68
66 69
19 70
70 71
71 72
72 73
71 74
74 75
75 76
76 77
75 78
74 79
70 80
80 81
81 82
82 83
83 84
83 85
83 86
86 87
87 88
86 89
80 90
90 91
91 92
92 93
91 94
94 95
95 96
96 97
95 98
94 99
90 100
100 101
101 102
102 103
103 104
103 105
103 106
106 107
107 108
106 109
100 110
110 111
111 112
112 113
111 114
100 115
115 116
116 117
117 118
116 119
119 120
120 121
121 122
120 123
119 124
100 125
125 126
126 127
127 128
126 129
129 130
125 131
131 132
132 133
133 134
134 135
133 136
136 137
137 138
138 139
137 140
140 141
136 142
142 143
143 144
142 145
145 146
131 147
147 148
148 149
149 150
148 151
151 152
152 153
153 154
154 155
153 156
156 157
157 158
156 159
159 160
152 161
161 162
162 163
161 164
164 165
147 166
166 167
167 168
168 169
169 170
170 171
171 172
170 173
173 174
174 175
169 176
176 177
177 178
176 179
179 180
168 181
181 182
182 183
181 184
184 185
167 186
147 187
187 188
188 189
189 190
188 191
191 192
192 193
193 194
194 195
193 196
196 197
197 198
196 199
199 200
192 201
201 202
202 203
201 204
204 205
187 206
206 207
207 208
208 209
209 210
210 211
211 212
210 213
213 214
214 215
209 216
216 217
217 218
216 219
219 220
208 221
221 222
222 223
221 224
224 225
207 226
187 227
227 228
228 229
229 230
230 231
229 232
229 233
233 234
234 235
233 236
233 237
237 238
238 239
237 240
240 241
233 242
242 243
243 244
242 245
245 246
233 247
247 248
248 249
247 250
250 251
233 252
252 253
253 254
252 255
255 256
227 257
257 258
258 259
259 260
260 261
261 262
260 263
263 264
264 265
259 266
266 267
267 268
266 269
269 270
258 271
271 272
272 273
271 274
274 275
257 276
227 277
277 278
278 279
279 280
280 281
281 282
280 283
283 284
284 285
279 286
286 287
287 288
286 289
289 290
278 291
291 292
292 293
291 294
294 295
277 296
100 297
297 298
298 299
299 300
300 301
301 302
300 303
303 304
304 305
299 306
306 307
307 308
306 309
309 310
298 311
311 312
312 313
311 314
314 315
315 316
316 317
315 318
314 319
297 320
80 321
321 322
322 323
323 324
324 325
325 326
324 327
327 328
328 329
323 330
330 331
331 332
330 333
333 334
322 335
335 336
336 337
335 338
338 339
339 340
340 341
339 342
338 343
321 344
19 345
345 346
346 347
