0 1
1 2
1 3
3 4
3 5
3 6
6 7
7 8
6 9
3 10
10 11
10 12
3 13
13 14
13 15
15 16
15 17
17 18
3 19
19 20
20 21
21 22
22 23
22 24
22 25
25 26
26 27
25 28
19 29
29 30
30 31
31 32
30 33
30 34
34 35
19 36
36 37
37 38
38 39
39 40
39 41
41 42
41 43
43 44
38 45
38 46
46 47
47 48
19 49
49 50
50 51
51 52
51 53
51 54
49 55
55 56
56 57
55 58
58 59
49 60
60 61
61 62
49 63
63 64
64 65
65 66
66 67
67 68
66 69
65 70
70 71
71 72
72 73
71 74
74 75
70 76
76 77
77 78
76 79
79 80
80 81
79 82
64 83
63 84
84 85
85 86
86 87
86 88
86 89
89 90
90 91
89 92
84 93
93 94
94 95
93 96
96 97
84 98
98 99
99 100
84 101
101 102
102 103
103 104
104 105
105 106
104 107
107 108
108 109
107 110
103 111
111 112
112 113
113 114
112 115
115 116
111 117
117 118
118 119
117 120
120 121
121 122
120 123
102 124
101 125
125 126
126 127
127 128
127 129
127 130
130 131
131 132
130 133
126 134
134 135
134 136
134 137
137 138
138 139
137 140
101 141
141 142
142 143
143 144
142 145
145 146
141 147
147 148
148 149
149 150
150 151
150 152
150 153
153 154
154 155
155 156
156 157
156 158
158 159
159 160
158 161
161 162
155 163
163 164
163 165
165 166
166 167
165 168
168 169
154 170
170 171
170 172
172 173
173 174
172 175
175 176
153 177
177 178
177 179
179 180
180 181
179 182
182 183
147 184
184 185
185 186
186 187
185 188
188 189
184 190
190 191
191 192
192 193
184 194
194 195
195 196
196 197
195 198
198 199
194 200
200 201
201 202
202 203
194 204
204 205
205 206
206 207
207 208
208 209
208 210
210 211
207 212
207 213
213 214
214 215
204 216
216 217
217 218
218 219
217 220
217 221
221 222
222 223
221 224
224 225
204 226
226 227
227 228
228 229
227 230
227 231
231 232
232 233
231 234
234 235
204 236
236 237
237 238
238 239
237 240
237 241
241 242
242 243
241 244
244 245
204 246
246 247
247 248
248 249
247 250
247 251
251 252
252 253
251 254
254 255
204 256
256 257
257 258
258 259
257 260
257 261
261 262
204 263
263 264
264 265
265 266
204 267
267 268
268 269
269 270
204 271
271 272
272 273
273 274
274 275
273 276
276 277
272 278
278 279
279 280
280 281
279 282
282 283
278 284
284 285
285 286
284 287
287 288
288 289
287 290
271 291
291 292
292 293
293 294
204 295
295 296
296 297
297 298
298 299
297 300
300 301
296 302
302 303
303 304
304 305
303 306
306 307
302 308
308 309
309 310
308 311
311 312
312 313
311 314
295 315
315 316
316 317
317 318
19 319
319 320
320 321
