0 1
1 2
1 3
3 4
3 5
3 6
6 7
7 8
8 9
6 10
3 11
11 12
11 13
13 14
13 15
15 16
3 17
17 18
18 19
19 20
20 21
21 22
21 23
23 24
21 25
25 26
20 27
20 28
28 29
29 30
17 31
31 32
32 33
33 34
34 35
34 36
36 37
36 38
38 39
33 40
33 41
41 42
42 43
17 44
44 45
45 46
46 47
47 48
46 49
44 50
50 51
44 52
52 53
53 54
54 55
55 56
56 57
55 58
55 59
59 60
60 61
59 62
52 63
63 64
64 65
65 66
64 67
64 68
68 69
52 70
70 71
71 72
72 73
73 74
72 75
72 76
76 77
77 78
76 79
79 80
52 81
81 82
82 83
83 84
82 85
82 86
86 87
81 88
88 89
89 90
90 91
91 92
92 93
91 94
91 95
95 96
96 97
95 98
95 99
99 100
90 101
90 102
102 103
81 104
104 105
105 106
106 107
107 108
106 109
106 110
110 111
106 112
112 113
113 114
112 115
104 116
116 117
117 118
118 119
119 120
119 121
121 122
118 123
118 124
124 125
125 126
104 127
127 128
128 129
129 130
128 131
128 132
132 133
104 134
134 135
135 136
136 137
135 138
135 139
139 140
17 141
141 142
142 143
