0 1
1 2
1 3
3 4
3 5
3 6
6 7
7 8
8 9
6 10
3 11
11 12
11 13
13 14
13 15
15 16
3 17
17 18
18 19
19 20
20 21
21 22
22 23
20 24
20 25
25 26
26 27
25 28
28 29
29 30
30 31
29 32
17 33
33 34
34 35
35 36
36 37
36 38
38 39
38 40
40 41
35 42
35 43
43 44
44 45
17 46
46 47
47 48
48 49
49 50
49 51
51 52
49 53
53 54
53 55
55 56
48 57
48 58
58 59
59 60
17 61
61 62
62 63
63 64
64 65
64 66
66 67
63 68
63 69
69 70
70 71
17 72
72 73
73 74
74 75
74 76
74 77
72 78
78 79
79 80
78 81
81 82
82 83
81 84
72 85
85 86
86 87
72 88
88 89
89 90
90 91
91 92
92 93
91 94
91 95
95 96
96 97
97 98
96 99
99 100
95 101
88 102
102 103
103 104
104 105
103 106
103 107
107 108
88 109
109 110
110 111
111 112
112 113
111 114
111 115
115 116
116 117
115 118
118 119
88 120
120 121
121 122
122 123
123 124
122 125
125 126
121 127
127 128
88 129
129 130
130 131
131 132
132 133
132 134
134 135
131 136
131 137
137 138
138 139
137 140
137 141
141 142
137 143
143 144
144 145
88 146
146 147
147 148
148 149
147 150
147 151
151 152
152 153
151 154
154 155
88 156
156 157
157 158
158 159
157 160
157 161
161 162
157 163
163 164
17 165
165 166
166 167
167 168
167 169
167 170
165 171
171 172
172 173
171 174
174 175
175 176
174 177
165 178
178 179
179 180
165 181
181 182
182 183
183 184
184 185
185 186
185 187
187 188
184 189
184 190
190 191
191 192
190 193
190 194
194 195
195 196
194 197
197 198
190 199
199 200
200 201
181 202
202 203
203 204
204 205
205 206
204 207
204 208
208 209
209 210
208 211
211 212
202 213
213 214
214 215
215 216
216 217
215 218
215 219
219 220
213 221
221 222
222 223
223 224
222 225
222 226
226 227
227 228
226 229
229 230
17 231
231 232
232 233
