0 1
1 2
1 3
3 4
3 5
3 6
6 7
7 8
8 9
6 10
3 11
11 12
11 13
13 14
13 15
15 16
3 17
17 18
18 19
19 20
20 21
21 22
21 23
23 24
21 25
25 26
25 27
27 28
20 29
20 30
30 31
31 32
31 33
33 34
31 35
35 36
35 37
37 38
17 39
39 40
40 41
41 42
42 43
41 44
39 45
45 46
39 47
47 48
48 49
49 50
50 51
51 52
50 53
50 54
54 55
55 56
54 57
47 58
58 59
59 60
60 61
59 62
59 63
63 64
47 65
65 66
66 67
67 68
68 69
67 70
67 71
71 72
72 73
71 74
74 75
47 76
76 77
77 78
78 79
79 80
78 81
78 82
82 83
78 84
84 85
85 86
85 87
84 88
88 89
89 90
90 91
77 92
77 93
93 94
17 95
95 96
96 97
97 98
97 99
99 100
99 101
101 102
96 103
103 104
104 105
103 106
