0 1
1 2
1 3
3 4
3 5
3 6
6 7
7 8
6 9
3 10
10 11
3 12
12 13
13 14
14 15
15 16
16 17
15 18
15 19
19 20
20 21
19 22
12 23
23 24
24 25
25 26
24 27
24 28
28 29
12 30
30 31
31 32
32 33
31 34
34 35
1 36
36 37
36 38
36 39
39 40
40 41
41 42
39 43
36 44
44 45
44 46
46 47
46 48
48 49
36 50
50 51
51 52
52 53
53 54
53 55
53 56
56 57
57 58
56 59
50 60
60 61
61 62
62 63
63 64
63 65
65 66
63 67
67 68
67 69
69 70
62 71
62 72
72 73
73 74
50 75
75 76
76 77
77 78
78 79
77 80
75 81
81 82
75 83
83 84
84 85
85 86
86 87
87 88
86 89
86 90
90 91
90 92
92 93
83 94
94 95
95 96
96 97
97 98
96 99
96 100
100 101
94 102
102 103
103 104
104 105
105 106
104 107
104 108
108 109
104 110
110 111
111 112
83 113
113 114
114 115
115 116
116 117
115 118
115 119
119 120
114 121
114 122
122 123
50 124
124 125
125 126
126 127
125 128
128 129
129 130
128 131
