0 1
1 2
1 3
3 4
3 5
3 6
6 7
7 8
6 9
3 10
10 11
10 12
3 13
3 14
14 15
15 16
16 17
17 18
16 19
16 20
20 21
14 22
22 23
23 24
24 25
24 26
24 27
14 28
28 29
29 30
30 31
30 32
30 33
33 34
34 35
33 36
14 37
37 38
38 39
39 40
39 41
39 42
37 43
43 44
44 45
43 46
46 47
47 48
46 49
37 50
50 51
51 52
37 53
53 54
54 55
55 56
56 57
55 58
58 59
59 60
58 61
58 62
62 63
58 64
64 65
65 66
64 67
67 68
14 69
69 70
70 71
71 72
71 73
71 74
74 75
14 76
76 77
77 78
78 79
77 80
80 81
76 82
82 83
83 84
84 85
85 86
85 87
85 88
88 89
89 90
88 91
91 92
92 93
93 94
94 95
93 96
96 97
91 98
82 99
99 100
100 101
100 102
102 103
100 104
104 105
100 106
106 107
99 108
108 109
109 110
110 111
111 112
110 113
113 114
99 115
115 116
116 117
117 118
118 119
117 120
120 121
121 122
120 123
14 124
124 125
125 126
1 127
127 128
127 129
127 130
130 131
131 132
130 133
127 134
134 135
134 136
127 137
137 138
137 139
127 140
127 141
141 142
142 143
143 144
144 145
144 146
144 147
141 148
148 149
149 150
150 151
150 152
150 153
141 154
154 155
155 156
156 157
156 158
154 159
159 160
154 161
161 162
162 163
163 164
164 165
164 166
164 167
167 168
168 169
167 170
170 171
161 172
172 173
173 174
174 175
173 176
176 177
161 178
178 179
179 180
180 181
181 182
180 183
183 184
179 185
178 186
186 187
187 188
188 189
141 190
190 191
191 192
192 193
191 194
194 195
