0 1
1 2
1 3
3 4
3 5
3 6
6 7
7 8
6 9
3 10
10 11
10 12
3 13
3 14
14 15
15 16
16 17
17 18
17 19
17 20
16 21
21 22
21 23
21 24
24 25
24 26
26 27
14 28
28 29
29 30
30 31
29 32
32 33
28 34
34 35
35 36
36 37
37 38
37 39
37 40
40 41
41 42
42 43
43 44
42 45
45 46
40 47
34 48
48 49
49 50
50 51
50 52
52 53
50 54
54 55
50 56
56 57
56 58
58 59
49 60
48 61
61 62
62 63
63 64
64 65
63 66
66 67
48 68
68 69
69 70
70 71
71 72
70 73
73 74
74 75
73 76
14 77
77 78
78 79
78 80
80 81
1 82
82 83
82 84
82 85
85 86
86 87
85 88
82 89
89 90
89 91
82 92
92 93
92 94
82 95
82 96
96 97
97 98
98 99
99 100
99 101
99 102
96 103
103 104
104 105
105 106
105 107
105 108
103 109
109 110
110 111
109 112
112 113
113 114
112 115
103 116
116 117
117 118
103 119
119 120
120 121
121 122
122 123
122 124
122 125
125 126
126 127
126 128
128 129
129 130
128 131
131 132
125 133
133 134
119 135
135 136
136 137
137 138
138 139
138 140
140 141
141 142
140 143
143 144
137 145
145 146
136 147
135 148
148 149
149 150
150 151
119 152
152 153
153 154
154 155
153 156
156 157
96 158
158 159
159 160
160 161
159 162
162 163
