0 1
1 2
1 3
3 4
3 5
3 6
6 7
7 8
6 9
3 10
10 11
10 12
3 13
3 14
14 15
15 16
16 17
17 18
17 19
17 20
20 21
21 22
20 23
14 24
24 25
25 26
26 27
26 28
26 29
24 30
30 31
31 32
30 33
33 34
34 35
33 36
24 37
37 38
38 39
24 40
40 41
41 42
42 43
43 44
44 45
43 46
46 47
42 48
48 49
41 50
50 51
51 52
52 53
53 54
52 55
55 56
56 57
55 58
58 59
14 60
60 61
61 62
62 63
62 64
62 65
14 66
66 67
67 68
68 69
68 70
68 71
71 72
14 73
73 74
74 75
75 76
75 77
75 78
78 79
14 80
80 81
81 82
82 83
81 84
84 85
80 86
86 87
87 88
88 89
89 90
89 91
89 92
92 93
93 94
92 95
95 96
96 97
97 98
98 99
97 100
100 101
95 102
86 103
103 104
104 105
105 106
105 107
105 108
86 109
109 110
110 111
111 112
111 113
111 114
109 115
115 116
116 117
115 118
118 119
119 120
118 121
109 122
122 123
123 124
109 125
125 126
126 127
127 128
128 129
128 130
128 131
131 132
132 133
131 134
134 135
125 136
136 137
137 138
138 139
137 140
140 141
141 142
140 143
140 144
144 145
145 146
144 147
147 148
86 149
149 150
150 151
151 152
150 153
153 154
149 155
155 156
156 157
157 158
158 159
157 160
160 161
161 162
160 163
160 164
164 165
160 166
166 167
155 168
168 169
169 170
170 171
169 172
172 173
173 174
172 175
149 176
176 177
177 178
178 179
179 180
178 181
181 182
182 183
181 184
14 185
185 186
186 187
