0 1
1 2
1 3
3 4
3 5
3 6
6 7
7 8
6 9
3 10
10 11
10 12
3 13
3 14
14 15
15 16
16 17
17 18
17 19
17 20
14 21
21 22
22 23
23 24
23 25
23 26
14 27
27 28
28 29
29 30
29 31
27 32
32 33
27 34
34 35
35 36
36 37
35 38
38 39
39 40
38 41
38 42
42 43
38 44
44 45
14 46
46 47
47 48
48 49
47 50
50 51
46 52
52 53
53 54
54 55
55 56
55 57
55 58
58 59
59 60
58 61
61 62
62 63
63 64
64 65
63 66
66 67
61 68
52 69
69 70
70 71
70 72
72 73
70 74
74 75
70 76
76 77
69 78
78 79
79 80
80 81
81 82
80 83
83 84
69 85
85 86
86 87
87 88
88 89
87 90
90 91
91 92
90 93
14 94
94 95
95 96
1 97
97 98
97 99
97 100
100 101
101 102
100 103
97 104
104 105
104 106
97 107
107 108
107 109
97 110
97 111
111 112
112 113
113 114
114 115
114 116
114 117
111 118
118 119
119 120
120 121
120 122
118 123
123 124
118 125
125 126
126 127
127 128
128 129
129 130
128 131
131 132
127 133
126 134
134 135
135 136
136 137
135 138
138 139
139 140
138 141
141 142
126 143
143 144
144 145
145 146
146 147
145 148
148 149
149 150
150 151
149 152
152 153
148 154
125 155
155 156
156 157
157 158
156 159
159 160
155 161
161 162
111 163
163 164
