0 1
1 2
1 3
3 4
3 5
3 6
6 7
7 8
8 9
6 10
3 11
11 12
11 13
13 14
13 15
15 16
3 17
17 18
18 19
19 20
20 21
21 22
21 23
23 24
23 25
25 26
20 27
20 28
28 29
29 30
17 31
31 32
32 33
33 34
34 35
34 36
36 37
34 38
38 39
38 40
40 41
33 42
33 43
43 44
44 45
17 46
46 47
47 48
48 49
49 50
48 51
46 52
52 53
46 54
54 55
55 56
56 57
57 58
58 59
57 60
57 61
61 62
62 63
61 64
54 65
65 66
66 67
67 68
66 69
66 70
70 71
54 72
72 73
73 74
74 75
73 76
73 77
77 78
78 79
77 80
77 81
81 82
72 83
83 84
84 85
85 86
86 87
87 88
87 89
89 90
86 91
86 92
92 93
93 94
92 95
92 96
96 97
97 98
96 99
96 100
100 101
83 102
102 103
103 104
104 105
103 106
103 107
107 108
83 109
109 110
110 111
111 112
110 113
110 114
114 115
115 116
114 117
114 118
118 119
110 120
120 121
72 122
122 123
123 124
124 125
125 126
126 127
126 128
128 129
125 130
125 131
131 132
132 133
122 134
134 135
135 136
136 137
135 138
135 139
139 140
122 141
141 142
142 143
143 144
142 145
142 146
146 147
147 148
146 149
146 150
150 151
142 152
152 153
17 154
154 155
155 156
156 157
157 158
156 159
154 160
160 161
161 162
160 163
154 164
164 165
165 166
166 167
167 168
166 169
166 170
170 171
171 172
170 173
173 174
174 175
173 176
173 177
177 178
17 179
179 180
180 181
