0 1
1 2
1 3
3 4
3 5
3 6
6 7
7 8
8 9
6 10
3 11
11 12
11 13
13 14
13 15
15 16
3 17
17 18
18 19
19 20
20 21
21 22
21 23
23 24
21 25
25 26
20 27
20 28
28 29
29 30
17 31
31 32
32 33
33 34
34 35
34 36
36 37
36 38
38 39
33 40
33 41
41 42
42 43
17 44
44 45
45 46
46 47
47 48
46 49
44 50
50 51
44 52
52 53
53 54
54 55
55 56
56 57
55 58
55 59
59 60
59 61
61 62
52 63
63 64
64 65
65 66
64 67
64 68
68 69
63 70
70 71
71 72
72 73
73 74
73 75
73 76
76 77
77 78
76 79
76 80
80 81
70 82
82 83
83 84
84 85
85 86
84 87
84 88
88 89
83 90
83 91
91 92
63 93
93 94
94 95
95 96
96 97
97 98
97 99
99 100
96 101
96 102
102 103
103 104
93 105
105 106
106 107
107 108
106 109
106 110
110 111
93 112
112 113
113 114
114 115
113 116
113 117
117 118
93 119
119 120
120 121
121 122
120 123
120 124
124 125
124 126
126 127
120 128
128 129
129 130
130 131
129 132
128 133
17 134
134 135
135 136
1 137
137 138
137 139
137 140
140 141
141 142
140 143
137 144
144 145
137 146
146 147
147 148
148 149
149 150
150 151
149 152
149 153
153 154
154 155
153 156
146 157
157 158
158 159
159 160
158 161
158 162
162 163
146 164
164 165
165 166
166 167
167 168
166 169
166 170
170 171
171 172
170 173
173 174
146 175
175 176
176 177
