0 1
1 2
1 3
3 4
3 5
3 6
6 7
7 8
8 9
6 10
3 11
11 12
11 13
13 14
13 15
15 16
3 17
17 18
18 19
19 20
20 21
21 22
21 23
23 24
23 25
25 26
20 27
20 28
28 29
29 30
17 31
31 32
32 33
33 34
34 35
34 36
36 37
34 38
38 39
38 40
40 41
33 42
33 43
43 44
44 45
17 46
46 47
47 48
48 49
48 50
48 51
46 52
52 53
53 54
52 55
55 56
56 57
55 58
46 59
59 60
60 61
46 62
62 63
63 64
64 65
65 66
66 67
65 68
65 69
69 70
70 71
71 72
70 73
73 74
69 75
62 76
76 77
77 78
78 79
77 80
77 81
81 82
62 83
83 84
84 85
85 86
86 87
85 88
85 89
89 90
90 91
89 92
92 93
62 94
94 95
95 96
96 97
97 98
96 99
96 100
100 101
94 102
102 103
103 104
104 105
105 106
104 107
104 108
108 109
104 110
110 111
111 112
62 113
113 114
114 115
115 116
116 117
115 118
115 119
119 120
114 121
114 122
122 123
123 124
122 125
125 126
17 127
127 128
128 129
129 130
130 131
130 132
132 133
129 134
127 135
135 136
136 137
135 138
127 139
139 140
140 141
141 142
142 143
141 144
141 145
145 146
17 147
147 148
148 149
