0 1
1 2
1 3
3 4
3 5
3 6
6 7
7 8
7 9
3 10
10 11
11 12
12 13
11 14
3 15
15 16
15 17
15 18
18 19
18 20
15 21
21 22
22 23
21 24
15 25
25 26
26 27
27 28
28 29
28 30
27 31
31 32
25 33
33 34
34 35
35 36
35 37
34 38
38 39
1 40
40 41
40 42
40 43
43 44
43 45
40 46
46 47
40 48
48 49
49 50
50 51
51 52
52 53
53 54
51 55
51 56
56 57
57 58
56 59
59 60
48 61
61 62
62 63
63 64
64 65
63 66
62 67
67 68
68 69
67 70
67 71
48 72
72 73
73 74
74 75
75 76
74 77
73 78
78 79
79 80
78 81
78 82
48 83
83 84
84 85
85 86
86 87
85 88
84 89
89 90
90 91
89 92
89 93
48 94
94 95
95 96
96 97
97 98
96 99
95 100
100 101
101 102
100 103
100 104
48 105
105 106
106 107
107 108
108 109
107 110
106 111
111 112
112 113
111 114
111 115
48 116
116 117
117 118
118 119
119 120
118 121
117 122
122 123
123 124
122 125
122 126
48 127
127 128
128 129
129 130
130 131
129 132
128 133
133 134
134 135
133 136
133 137
48 138
138 139
139 140
140 141
141 142
140 143
139 144
144 145
145 146
144 147
144 148
48 149
149 150
150 151
151 152
152 153
151 154
150 155
155 156
156 157
155 158
155 159
48 160
160 161
161 162
162 163
163 164
162 165
161 166
166 167
167 168
166 169
166 170
48 171
171 172
172 173
173 174
174 175
173 176
172 177
177 178
178 179
177 180
177 181
48 182
182 183
183 184
184 185
185 186
184 187
183 188
188 189
189 190
188 191
188 192
48 193
193 194
194 195
195 196
196 197
195 198
194 199
199 200
200 201
199 202
199 203
48 204
204 205
205 206
206 207
206 208
206 209
48 210
210 211
211 212
212 213
213 214
212 215
212 216
216 217
217 218
48 219
219 220
220 221
221 222
222 223
221 224
220 225
225 226
226 227
225 228
228 229
229 230
228 231
219 232
232 233
233 234
234 235
235 236
234 237
237 238
238 239
239 240
238 241
241 242
237 243
233 244
244 245
245 246
246 247
247 248
246 249
249 250
250 251
251 252
250 253
253 254
249 255
244 256
256 257
257 258
258 259
257 260
257 261
261 262
262 263
263 264
262 265
265 266
261 267
232 268
268 269
269 270
270 271
48 272
272 273
273 274
274 275
273 276
