0 1
1 2
1 3
3 4
3 5
3 6
6 7
6 8
3 9
9 10
10 11
11 12
9 13
3 14
14 15
3 16
16 17
17 18
18 19
19 20
20 21
20 22
22 23
19 24
19 25
25 26
26 27
16 28
28 29
29 30
30 31
31 32
32 33
32 34
34 35
30 36
30 37
37 38
38 39
37 40
40 41
41 42
16 43
43 44
44 45
45 46
46 47
45 48
45 49
49 50
49 51
51 52
52 53
16 54
54 55
55 56
56 57
56 58
56 59
54 60
60 61
61 62
60 63
63 64
64 65
63 66
54 67
67 68
68 69
54 70
70 71
71 72
72 73
73 74
73 75
73 76
76 77
77 78
78 79
77 80
80 81
76 82
70 83
83 84
84 85
85 86
85 87
85 88
88 89
89 90
90 91
89 92
92 93
88 94
70 95
95 96
96 97
97 98
98 99
98 100
100 101
97 102
97 103
103 104
104 105
103 106
106 107
70 108
108 109
109 110
110 111
109 112
108 113
113 114
114 115
115 116
116 117
115 118
118 119
119 120
113 121
121 122
122 123
123 124
124 125
123 126
126 127
122 128
128 129
70 130
130 131
131 132
132 133
131 134
131 135
135 136
70 137
137 138
138 139
139 140
140 141
139 142
142 143
16 144
144 145
145 146
146 147
146 148
146 149
144 150
150 151
151 152
150 153
153 154
144 155
155 156
156 157
144 158
158 159
159 160
160 161
161 162
162 163
161 164
164 165
160 166
159 167
167 168
168 169
169 170
169 171
171 172
169 173
173 174
169 175
175 176
169 177
177 178
16 179
179 180
180 181
181 182
182 183
181 184
180 185
185 186
179 187
187 188
188 189
189 190
189 191
191 192
16 193
193 194
194 195
195 196
196 197
197 198
196 199
195 200
195 201
201 202
202 203
203 204
194 205
1 206
206 207
206 208
206 209
209 210
209 211
206 212
212 213
213 214
213 215
215 216
212 217
206 218
218 219
219 220
220 221
220 222
222 223
218 224
206 225
225 226
226 227
225 228
206 229
206 230
230 231
231 232
232 233
233 234
234 235
233 236
236 237
230 238
238 239
239 240
240 241
241 242
240 243
243 244
239 245
238 246
246 247
230 248
248 249
249 250
250 251
249 252
249 253
253 254
230 255
255 256
256 257
257 258
258 259
257 260
260 261
230 262
262 263
263 264
264 265
265 266
265 267
267 268
264 269
264 270
270 271
271 272
270 273
273 274
230 275
275 276
276 277
277 278
276 279
275 280
280 281
230 282
282 283
283 284
284 285
284 286
282 287
287 288
282 289
289 290
290 291
291 292
291 293
293 294
291 295
295 296
291 297
297 298
291 299
299 300
