0 1
1 2
1 3
3 4
4 5
5 6
5 7
7 8
4 9
1 10
10 11
11 12
12 13
11 14
1 15
15 16
16 17
16 18
1 19
19 20
20 21
21 22
20 23
1 24
24 25
24 26
24 27
27 28
27 29
24 30
30 31
31 32
32 33
30 34
24 35
35 36
24 37
37 38
38 39
39 40
40 41
39 42
42 43
42 44
44 45
45 46
37 47
47 48
48 49
49 50
48 51
51 52
51 53
53 54
54 55
37 56
56 57
57 58
58 59
57 60
37 61
61 62
62 63
63 64
62 65
65 66
66 67
37 68
68 69
69 70
70 71
71 72
72 73
72 74
74 75
70 76
70 77
77 78
77 79
79 80
77 81
81 82
37 83
83 84
84 85
85 86
85 87
85 88
83 89
89 90
90 91
89 92
92 93
83 94
94 95
95 96
83 97
97 98
98 99
99 100
100 101
101 102
100 103
103 104
99 105
98 106
106 107
107 108
108 109
108 110
110 111
108 112
112 113
106 114
114 115
115 116
114 117
117 118
118 119
118 120
118 121
37 122
122 123
123 124
124 125
123 126
123 127
127 128
37 129
129 130
130 131
131 132
132 133
131 134
131 135
135 136
135 137
137 138
138 139
37 140
140 141
141 142
142 143
142 144
142 145
37 146
146 147
147 148
148 149
148 150
146 151
151 152
146 153
153 154
154 155
155 156
156 157
157 158
156 159
159 160
155 161
161 162
153 163
163 164
164 165
165 166
37 167
167 168
168 169
1 170
170 171
170 172
170 173
173 174
174 175
175 176
175 177
177 178
173 179
170 180
180 181
180 182
170 183
170 184
184 185
185 186
186 187
187 188
186 189
189 190
185 191
191 192
192 193
193 194
194 195
193 196
184 197
197 198
198 199
199 200
200 201
199 202
202 203
198 204
204 205
197 206
184 207
207 208
208 209
209 210
210 211
209 212
212 213
208 214
184 215
215 216
216 217
217 218
218 219
217 220
220 221
216 222
184 223
223 224
224 225
225 226
225 227
223 228
228 229
229 230
228 231
231 232
223 233
233 234
234 235
235 236
235 237
237 238
235 239
239 240
184 241
241 242
242 243
243 244
242 245
242 246
246 247
184 248
248 249
249 250
250 251
251 252
250 253
253 254
249 255
1 256
256 257
256 258
256 259
259 260
259 261
256 262
262 263
263 264
264 265
262 266
256 267
267 268
268 269
268 270
270 271
256 272
272 273
273 274
274 275
275 276
276 277
277 278
277 279
279 280
275 281
275 282
282 283
283 284
282 285
285 286
286 287
272 288
288 289
289 290
290 291
290 292
290 293
288 294
294 295
295 296
294 297
297 298
288 299
299 300
300 301
288 302
302 303
303 304
304 305
305 306
306 307
305 308
308 309
304 310
310 311
311 312
272 313
313 314
314 315
315 316
316 317
315 318
313 319
319 320
313 321
321 322
322 323
323 324
324 325
324 326
324 327
327 328
328 329
327 330
321 331
331 332
332 333
333 334
333 335
333 336
336 337
337 338
336 339
321 340
340 341
341 342
342 343
343 344
342 345
345 346
341 347
341 348
348 349
272 350
350 351
351 352
