0 1
1 2
1 3
3 4
4 5
5 6
4 7
1 8
8 9
9 10
10 11
10 12
12 13
9 14
1 15
15 16
15 17
15 18
18 19
18 20
15 21
21 22
22 23
23 24
21 25
15 26
26 27
15 28
28 29
29 30
30 31
31 32
30 33
33 34
33 35
35 36
36 37
28 38
38 39
39 40
40 41
41 42
42 43
42 44
44 45
40 46
40 47
47 48
48 49
47 50
50 51
51 52
28 53
53 54
54 55
55 56
54 57
57 58
58 59
28 60
60 61
61 62
62 63
63 64
62 65
62 66
66 67
66 68
68 69
69 70
28 71
71 72
72 73
73 74
73 75
73 76
71 77
77 78
78 79
77 80
80 81
71 82
82 83
83 84
71 85
85 86
86 87
87 88
88 89
89 90
88 91
91 92
87 93
93 94
94 95
28 96
96 97
97 98
98 99
99 100
98 101
96 102
102 103
96 104
104 105
105 106
106 107
107 108
108 109
107 110
110 111
111 112
110 113
106 114
106 115
115 116
116 117
115 118
28 119
119 120
120 121
121 122
121 123
121 124
119 125
125 126
126 127
125 128
128 129
119 130
130 131
131 132
119 133
133 134
134 135
135 136
136 137
137 138
136 139
139 140
135 141
134 142
142 143
143 144
144 145
144 146
146 147
144 148
148 149
143 150
150 151
151 152
152 153
152 154
154 155
28 156
156 157
157 158
158 159
158 160
158 161
28 162
162 163
163 164
164 165
165 166
164 167
162 168
168 169
169 170
170 171
171 172
172 173
171 174
174 175
170 176
176 177
177 178
176 179
168 180
180 181
181 182
182 183
28 184
184 185
185 186
1 187
187 188
187 189
187 190
190 191
191 192
192 193
192 194
194 195
190 196
187 197
197 198
197 199
187 200
187 201
201 202
202 203
203 204
204 205
205 206
204 207
207 208
203 209
201 210
210 211
211 212
212 213
212 214
210 215
215 216
216 217
215 218
218 219
210 220
220 221
221 222
222 223
223 224
224 225
223 226
226 227
222 228
221 229
229 230
220 231
231 232
232 233
233 234
234 235
233 236
236 237
232 238
231 239
239 240
240 241
241 242
241 243
243 244
241 245
245 246
240 247
247 248
201 249
249 250
250 251
251 252
252 253
251 254
254 255
250 256
201 257
257 258
258 259
259 260
258 261
258 262
262 263
201 264
264 265
