0 1
1 2
1 3
3 4
4 5
4 6
1 7
7 8
8 9
9 10
8 11
1 12
12 13
12 14
12 15
15 16
15 17
12 18
18 19
19 20
20 21
18 22
12 23
23 24
12 25
25 26
26 27
27 28
28 29
27 30
25 31
31 32
32 33
33 34
32 35
35 36
35 37
37 38
38 39
25 40
40 41
41 42
42 43
43 44
44 45
42 46
42 47
47 48
47 49
49 50
50 51
47 52
52 53
53 54
25 55
55 56
56 57
57 58
58 59
57 60
55 61
61 62
55 63
63 64
64 65
65 66
66 67
67 68
68 69
67 70
70 71
71 72
70 73
66 74
74 75
75 76
74 77
65 78
25 79
79 80
80 81
81 82
82 83
83 84
81 85
81 86
86 87
87 88
86 89
89 90
90 91
25 92
92 93
93 94
94 95
94 96
94 97
92 98
98 99
99 100
98 101
101 102
92 103
103 104
104 105
92 106
106 107
107 108
108 109
109 110
110 111
111 112
110 113
113 114
109 115
108 116
116 117
116 118
118 119
116 120
120 121
116 122
122 123
116 124
124 125
107 126
126 127
127 128
127 129
129 130
25 131
131 132
132 133
1 134
134 135
134 136
134 137
137 138
137 139
134 140
140 141
140 142
134 143
143 144
144 145
145 146
143 147
134 148
148 149
149 150
150 151
148 152
134 153
134 154
154 155
155 156
156 157
157 158
158 159
157 160
160 161
156 162
155 163
163 164
164 165
165 166
166 167
167 168
166 169
169 170
165 171
164 172
172 173
164 174
174 175
175 176
176 177
177 178
176 179
179 180
175 181
174 182
182 183
154 184
184 185
185 186
186 187
187 188
186 189
189 190
185 191
154 192
192 193
193 194
194 195
194 196
194 197
192 198
198 199
199 200
198 201
201 202
192 203
203 204
204 205
192 206
206 207
207 208
208 209
209 210
210 211
211 212
210 213
213 214
209 215
215 216
208 217
217 218
217 219
219 220
217 221
221 222
217 223
223 224
217 225
225 226
207 227
227 228
154 229
229 230
230 231
231 232
232 233
231 234
234 235
235 236
230 237
237 238
154 239
239 240
240 241
241 242
242 243
241 244
244 245
240 246
154 247
247 248
