0 1
1 2
1 3
3 4
3 5
3 6
6 7
7 8
6 9
3 10
10 11
11 12
10 13
3 14
14 15
3 16
16 17
17 18
18 19
19 20
20 21
19 22
19 23
23 24
23 25
25 26
16 27
27 28
28 29
29 30
30 31
29 32
29 33
33 34
33 35
35 36
16 37
37 38
38 39
39 40
39 41
39 42
42 43
43 44
44 45
43 46
42 47
47 48
48 49
47 50
16 51
51 52
52 53
53 54
53 55
53 56
56 57
57 58
56 59
16 60
60 61
61 62
62 63
63 64
62 65
62 66
66 67
67 68
66 69
69 70
70 71
69 72
16 73
73 74
74 75
75 76
74 77
77 78
78 79
77 80
16 81
81 82
82 83
83 84
82 85
85 86
86 87
85 88
16 89
89 90
90 91
91 92
92 93
91 94
91 95
95 96
16 97
97 98
98 99
99 100
100 101
99 102
98 103
103 104
104 105
103 106
97 107
107 108
108 109
109 110
110 111
109 112
112 113
113 114
114 115
115 116
114 117
113 118
118 119
119 120
118 121
112 122
122 123
107 124
124 125
125 126
126 127
125 128
128 129
129 130
128 131
107 132
132 133
133 134
134 135
135 136
134 137
134 138
138 139
139 140
138 141
141 142
142 143
141 144
107 145
145 146
146 147
147 148
148 149
147 150
146 151
151 152
107 153
153 154
154 155
155 156
154 157
157 158
158 159
157 160
107 161
161 162
162 163
163 164
162 165
165 166
166 167
165 168
107 169
169 170
170 171
171 172
170 173
173 174
174 175
173 176
16 177
177 178
178 179
179 180
178 181
177 182
182 183
183 184
184 185
185 186
184 187
187 188
188 189
189 190
188 191
187 192
192 193
182 194
194 195
195 196
196 197
195 198
198 199
199 200
198 201
182 202
202 203
203 204
204 205
205 206
204 207
204 208
208 209
209 210
208 211
211 212
212 213
211 214
182 215
215 216
216 217
217 218
218 219
217 220
216 221
221 222
182 223
223 224
224 225
225 226
224 227
227 228
228 229
227 230
182 231
231 232
232 233
233 234
232 235
235 236
236 237
235 238
16 239
239 240
240 241
241 242
240 243
239 244
244 245
245 246
246 247
247 248
246 249
249 250
250 251
251 252
250 253
249 254
254 255
244 256
256 257
257 258
258 259
257 260
260 261
261 262
260 263
244 264
264 265
265 266
266 267
267 268
266 269
266 270
270 271
271 272
270 273
273 274
274 275
273 276
244 277
277 278
278 279
279 280
280 281
279 282
278 283
283 284
244 285
285 286
286 287
287 288
286 289
289 290
290 291
289 292
244 293
293 294
294 295
295 296
294 297
297 298
298 299
297 300
16 301
301 302
302 303
303 304
302 305
301 306
306 307
307 308
308 309
309 310
310 311
309 312
309 313
313 314
314 315
313 316
316 317
306 318
318 319
319 320
320 321
321 322
320 323
319 324
324 325
306 326
326 327
327 328
328 329
327 330
330 331
331 332
330 333
16 334
334 335
335 336
336 337
337 338
336 339
336 340
340 341
340 342
342 343
16 344
344 345
345 346
1 347
347 348
347 349
349 350
350 351
349 352
347 353
353 354
347 355
355 356
356 357
357 358
358 359
359 360
358 361
358 362
362 363
355 364
364 365
365 366
366 367
367 368
366 369
366 370
355 371
371 372
372 373
373 374
372 375
371 376
376 377
377 378
378 379
379 380
380 381
379 382
379 383
383 384
384 385
383 386
376 387
387 388
388 389
389 390
390 391
389 392
388 393
393 394
376 395
395 396
396 397
397 398
396 399
399 400
376 401
401 402
402 403
403 404
402 405
405 406
355 407
407 408
408 409
