0 1
1 2
1 3
3 4
3 5
3 6
6 7
7 8
6 9
3 10
10 11
11 12
10 13
3 14
14 15
3 16
16 17
17 18
18 19
19 20
20 21
19 22
18 23
23 24
24 25
23 26
17 27
27 28
28 29
29 30
30 31
29 32
28 33
33 34
28 35
35 36
16 37
37 38
38 39
39 40
40 41
39 42
39 43
43 44
43 45
45 46
16 47
47 48
48 49
49 50
50 51
49 52
49 53
53 54
53 55
55 56
16 57
57 58
58 59
59 60
60 61
59 62
59 63
63 64
64 65
63 66
66 67
16 68
68 69
69 70
70 71
71 72
70 73
70 74
74 75
16 76
76 77
77 78
78 79
78 80
78 81
16 82
82 83
83 84
84 85
85 86
86 87
85 88
84 89
89 90
90 91
89 92
83 93
93 94
94 95
93 96
82 97
97 98
98 99
99 100
100 101
100 102
100 103
103 104
104 105
105 106
104 107
107 108
108 109
109 110
110 111
109 112
108 113
113 114
114 115
113 116
108 117
103 118
118 119
119 120
120 121
121 122
120 123
119 124
124 125
125 126
124 127
119 128
97 129
129 130
130 131
131 132
131 133
131 134
134 135
135 136
134 137
97 138
138 139
139 140
140 141
139 142
142 143
143 144
142 145
97 146
146 147
147 148
148 149
149 150
148 151
147 152
152 153
153 154
152 155
155 156
97 157
157 158
158 159
159 160
158 161
161 162
162 163
161 164
97 165
165 166
166 167
167 168
166 169
165 170
170 171
171 172
172 173
171 174
174 175
175 176
174 177
97 178
178 179
179 180
180 181
179 182
178 183
183 184
184 185
185 186
184 187
187 188
188 189
187 190
16 191
191 192
192 193
192 194
194 195
195 196
194 197
1 198
198 199
198 200
198 201
198 202
202 203
203 204
202 205
198 206
206 207
198 208
208 209
209 210
210 211
211 212
212 213
211 214
210 215
215 216
216 217
217 218
216 219
215 220
209 221
221 222
222 223
208 224
224 225
225 226
226 227
227 228
226 229
226 230
208 231
231 232
232 233
233 234
234 235
233 236
233 237
237 238
208 239
239 240
240 241
241 242
240 243
239 244
244 245
245 246
246 247
247 248
248 249
247 250
247 251
251 252
252 253
251 254
244 255
255 256
256 257
257 258
258 259
257 260
256 261
261 262
244 263
263 264
264 265
265 266
264 267
267 268
244 269
269 270
270 271
271 272
270 273
273 274
208 275
275 276
276 277
