0 1
1 2
1 3
3 4
3 5
3 6
6 7
7 8
8 9
6 10
3 11
11 12
3 13
13 14
14 15
15 16
16 17
16 18
16 19
19 20
20 21
19 22
13 23
23 24
24 25
25 26
26 27
25 28
25 29
13 30
30 31
31 32
32 33
32 34
32 35
30 36
36 37
37 38
36 39
39 40
40 41
39 42
30 43
43 44
44 45
30 46
46 47
47 48
48 49
49 50
50 51
51 52
50 53
53 54
49 55
48 56
56 57
47 58
58 59
59 60
60 61
61 62
60 63
63 64
64 65
65 66
64 67
67 68
63 69
58 70
70 71
71 72
72 73
71 74
74 75
75 76
74 77
77 78
13 79
79 80
80 81
81 82
82 83
81 84
81 85
13 86
86 87
87 88
88 89
87 90
86 91
91 92
92 93
93 94
94 95
94 96
94 97
91 98
98 99
99 100
100 101
101 102
100 103
100 104
104 105
105 106
104 107
104 108
104 109
109 110
91 111
111 112
112 113
113 114
113 115
113 116
111 117
117 118
118 119
117 120
120 121
121 122
120 123
111 124
124 125
125 126
111 127
127 128
128 129
129 130
130 131
131 132
132 133
133 134
134 135
133 136
136 137
132 138
132 139
139 140
130 141
141 142
142 143
143 144
144 145
143 146
146 147
142 148
142 149
149 150
150 151
149 152
149 153
153 154
154 155
153 156
153 157
129 158
158 159
159 160
160 161
161 162
160 163
163 164
159 165
159 166
166 167
167 168
168 169
167 170
166 171
158 172
172 173
173 174
172 175
172 176
176 177
177 178
178 179
177 180
176 181
128 182
182 183
183 184
184 185
185 186
184 187
91 188
188 189
189 190
188 191
191 192
192 193
193 194
194 195
193 196
196 197
191 198
91 199
199 200
200 201
201 202
13 203
203 204
204 205
