0 1
1 2
1 3
3 4
3 5
3 6
6 7
7 8
8 9
6 10
3 11
11 12
3 13
13 14
14 15
15 16
16 17
17 18
16 19
16 20
20 21
21 22
13 23
23 24
24 25
25 26
26 27
25 28
24 29
23 30
30 31
13 32
32 33
33 34
34 35
34 36
34 37
32 38
38 39
39 40
38 41
41 42
42 43
43 44
42 45
41 46
32 47
47 48
48 49
32 50
50 51
51 52
52 53
53 54
53 55
53 56
56 57
57 58
58 59
57 60
56 61
56 62
62 63
50 64
64 65
65 66
66 67
66 68
66 69
64 70
70 71
71 72
70 73
73 74
74 75
73 76
64 77
77 78
78 79
64 80
80 81
81 82
82 83
83 84
84 85
83 86
86 87
87 88
88 89
87 90
90 91
86 92
82 93
93 94
94 95
95 96
96 97
95 98
98 99
94 100
94 101
101 102
93 103
103 104
81 105
105 106
106 107
107 108
108 109
107 110
50 111
111 112
112 113
113 114
112 115
112 116
116 117
13 118
118 119
119 120
120 121
119 122
