0 1
1 2
1 3
3 4
3 5
3 6
6 7
7 8
8 9
6 10
3 11
11 12
3 13
13 14
14 15
15 16
16 17
16 18
16 19
19 20
20 21
19 22
13 23
23 24
24 25
25 26
25 27
25 28
28 29
29 30
28 31
13 32
32 33
33 34
34 35
34 36
34 37
37 38
13 39
39 40
40 41
41 42
41 43
41 44
39 45
45 46
46 47
45 48
48 49
39 50
50 51
51 52
39 53
53 54
54 55
55 56
56 57
56 58
56 59
59 60
60 61
61 62
60 63
63 64
59 65
53 66
66 67
67 68
68 69
67 70
70 71
66 72
72 73
73 74
74 75
75 76
74 77
77 78
72 79
79 80
80 81
81 82
80 83
83 84
13 85
85 86
86 87
87 88
88 89
87 90
87 91
91 92
92 93
91 94
94 95
13 96
96 97
97 98
98 99
99 100
98 101
98 102
102 103
103 104
102 105
13 106
106 107
107 108
108 109
108 110
108 111
106 112
112 113
113 114
112 115
115 116
116 117
115 118
106 119
119 120
120 121
106 122
122 123
123 124
124 125
125 126
125 127
125 128
122 129
129 130
130 131
131 132
131 133
131 134
129 135
135 136
136 137
135 138
138 139
129 140
140 141
141 142
129 143
143 144
144 145
145 146
146 147
147 148
146 149
146 150
150 151
145 152
152 153
153 154
154 155
153 156
156 157
152 158
152 159
159 160
144 161
161 162
162 163
163 164
164 165
163 166
161 167
122 168
168 169
169 170
168 171
171 172
172 173
173 174
174 175
173 176
173 177
177 178
178 179
177 180
177 181
181 182
168 183
183 184
13 185
185 186
186 187
187 188
186 189
