0 1
1 2
1 3
1 4
4 5
4 6
4 7
7 8
8 9
7 10
4 11
4 12
12 13
13 14
14 15
15 16
16 17
15 18
14 19
19 20
20 21
21 22
20 23
19 24
13 25
25 26
12 27
27 28
28 29
29 30
29 31
31 32
29 33
12 34
34 35
35 36
36 37
36 38
38 39
39 40
38 41
36 42
12 43
43 44
44 45
45 46
44 47
47 48
43 49
49 50
50 51
51 52
52 53
53 54
54 55
55 56
54 57
53 58
52 59
59 60
60 61
61 62
60 63
59 64
51 65
65 66
66 67
67 68
68 69
67 70
66 71
65 72
50 73
73 74
49 75
75 76
76 77
77 78
76 79
79 80
80 81
79 82
49 83
83 84
84 85
85 86
84 87
87 88
88 89
89 90
88 91
87 92
12 93
93 94
