0 1
1 2
1 3
1 4
4 5
4 6
4 7
7 8
8 9
7 10
4 11
4 12
12 13
13 14
14 15
15 16
16 17
15 18
14 19
19 20
20 21
21 22
20 23
19 24
13 25
25 26
12 27
27 28
28 29
29 30
30 31
29 32
28 33
33 34
34 35
33 36
12 37
37 38
38 39
39 40
38 41
41 42
12 43
43 44
44 45
45 46
44 47
47 48
48 49
47 50
12 51
51 52
52 53
53 54
54 55
53 56
52 57
57 58
58 59
59 60
58 61
57 62
51 63
63 64
64 65
65 66
66 67
65 68
68 69
69 70
68 71
63 72
72 73
73 74
74 75
73 76
76 77
77 78
78 79
77 80
76 81
63 82
82 83
83 84
84 85
83 86
86 87
82 88
88 89
89 90
12 91
91 92
