0 1
1 2
1 3
3 4
3 5
3 6
6 7
6 8
3 9
9 10
10 11
11 12
9 13
3 14
3 15
15 16
16 17
17 18
18 19
17 20
16 21
21 22
22 23
15 24
24 25
25 26
26 27
27 28
27 29
29 30
29 31
31 32
26 33
26 34
34 35
35 36
15 37
37 38
38 39
39 40
39 41
39 42
37 43
43 44
44 45
43 46
46 47
37 48
48 49
49 50
37 51
51 52
52 53
53 54
54 55
53 56
53 57
57 58
58 59
15 60
60 61
61 62
62 63
63 64
62 65
60 66
66 67
60 68
68 69
69 70
70 71
71 72
72 73
71 74
71 75
75 76
76 77
75 78
70 79
70 80
80 81
81 82
80 83
15 84
84 85
85 86
86 87
87 88
86 89
86 90
90 91
90 92
92 93
93 94
15 95
95 96
96 97
97 98
98 99
97 100
97 101
101 102
101 103
103 104
104 105
15 106
106 107
107 108
108 109
108 110
108 111
106 112
112 113
113 114
112 115
115 116
106 117
117 118
118 119
106 120
120 121
121 122
122 123
123 124
124 125
125 126
124 127
127 128
122 129
129 130
130 131
130 132
132 133
130 134
134 135
130 136
136 137
130 138
138 139
121 140
140 141
141 142
15 143
143 144
1 145
145 146
145 147
145 148
148 149
149 150
149 151
151 152
151 153
153 154
148 155
145 156
156 157
156 158
145 159
159 160
160 161
159 162
145 163
163 164
164 165
163 166
145 167
145 168
168 169
169 170
170 171
171 172
170 173
173 174
169 175
175 176
176 177
168 178
178 179
179 180
180 181
179 182
182 183
178 184
184 185
185 186
168 187
187 188
188 189
189 190
190 191
189 192
192 193
188 194
168 195
195 196
196 197
197 198
198 199
197 200
200 201
196 202
168 203
203 204
204 205
205 206
205 207
203 208
208 209
209 210
208 211
208 212
212 213
203 214
214 215
215 216
216 217
217 218
217 219
219 220
217 221
221 222
217 223
223 224
217 225
225 226
215 227
227 228
228 229
168 230
230 231
231 232
232 233
233 234
232 235
235 236
231 237
168 238
238 239
