0 1
1 2
1 3
3 4
3 5
3 6
6 7
6 8
3 9
9 10
10 11
11 12
9 13
3 14
3 15
15 16
16 17
17 18
18 19
19 20
19 21
21 22
21 23
23 24
18 25
18 26
26 27
27 28
27 29
29 30
29 31
31 32
15 33
33 34
34 35
35 36
35 37
35 38
38 39
39 40
38 41
15 42
42 43
43 44
44 45
44 46
44 47
42 48
48 49
49 50
48 51
51 52
42 53
53 54
54 55
42 56
56 57
57 58
58 59
57 60
57 61
61 62
62 63
62 64
64 65
15 66
66 67
67 68
68 69
68 70
68 71
66 72
72 73
73 74
72 75
75 76
66 77
77 78
78 79
66 80
80 81
81 82
82 83
83 84
82 85
82 86
86 87
87 88
88 89
87 90
90 91
86 92
81 93
81 94
94 95
95 96
96 97
95 98
98 99
94 100
15 101
101 102
102 103
103 104
104 105
103 106
103 107
107 108
107 109
109 110
110 111
15 112
112 113
113 114
114 115
114 116
114 117
112 118
118 119
119 120
118 121
121 122
112 123
123 124
124 125
112 126
126 127
127 128
128 129
128 130
126 131
131 132
132 133
131 134
131 135
135 136
126 137
137 138
138 139
139 140
140 141
139 142
142 143
15 144
144 145
145 146
146 147
147 148
147 149
149 150
146 151
146 152
152 153
153 154
15 155
155 156
156 157
157 158
157 159
157 160
155 161
161 162
162 163
161 164
164 165
165 166
164 167
155 168
168 169
169 170
155 171
171 172
172 173
173 174
174 175
173 176
176 177
172 178
171 179
179 180
180 181
181 182
180 183
180 184
184 185
15 186
186 187
187 188
188 189
188 190
188 191
15 192
192 193
193 194
194 195
195 196
194 197
192 198
198 199
199 200
200 201
201 202
201 203
201 204
204 205
205 206
204 207
198 208
208 209
209 210
210 211
198 212
212 213
213 214
214 215
214 216
212 217
217 218
218 219
217 220
217 221
221 222
212 223
223 224
224 225
225 226
226 227
227 228
226 229
229 230
223 231
231 232
232 233
233 234
234 235
233 236
236 237
232 238
231 239
239 240
240 241
241 242
240 243
240 244
244 245
15 246
246 247
247 248
248 249
249 250
248 251
251 252
247 253
247 254
