0 1
1 2
1 3
3 4
3 5
3 6
6 7
7 8
8 9
8 10
10 11
6 12
3 13
13 14
13 15
3 16
16 17
17 18
16 19
3 20
20 21
21 22
20 23
3 24
3 25
25 26
26 27
27 28
28 29
29 30
28 31
31 32
27 33
25 34
34 35
35 36
36 37
37 38
36 39
39 40
35 41
34 42
42 43
43 44
25 45
45 46
46 47
47 48
48 49
47 50
50 51
46 52
25 53
53 54
54 55
55 56
55 57
55 58
53 59
59 60
60 61
59 62
62 63
63 64
64 65
63 66
66 67
62 68
53 69
69 70
70 71
53 72
72 73
73 74
74 75
75 76
75 77
75 78
78 79
79 80
80 81
79 82
82 83
78 84
78 85
85 86
72 87
87 88
88 89
89 90
88 91
91 92
87 93
93 94
94 95
72 96
96 97
97 98
98 99
99 100
98 101
101 102
96 103
103 104
104 105
105 106
105 107
107 108
105 109
109 110
105 111
111 112
105 113
113 114
104 115
115 116
116 117
25 118
118 119
119 120
120 121
121 122
120 123
123 124
119 125
25 126
126 127
1 128
128 129
128 130
128 131
131 132
131 133
128 134
134 135
135 136
136 137
134 138
128 139
128 140
140 141
141 142
142 143
143 144
144 145
145 146
145 147
147 148
143 149
143 150
150 151
151 152
150 153
153 154
154 155
140 156
156 157
157 158
158 159
159 160
158 161
158 162
162 163
162 164
164 165
165 166
140 167
167 168
168 169
169 170
170 171
169 172
169 173
173 174
173 175
175 176
176 177
140 178
178 179
179 180
180 181
180 182
180 183
178 184
184 185
185 186
184 187
187 188
188 189
187 190
178 191
191 192
192 193
178 194
194 195
195 196
196 197
197 198
198 199
197 200
200 201
201 202
202 203
201 204
204 205
200 206
196 207
195 208
208 209
209 210
210 211
211 212
212 213
211 214
214 215
215 216
216 217
215 218
218 219
214 220
210 221
221 222
222 223
194 224
224 225
225 226
226 227
227 228
226 229
229 230
230 231
231 232
230 233
233 234
229 235
225 236
225 237
237 238
238 239
239 240
238 241
241 242
237 243
140 244
244 245
245 246
246 247
246 248
246 249
244 250
250 251
251 252
250 253
253 254
244 255
255 256
256 257
244 258
258 259
259 260
260 261
261 262
262 263
263 264
262 265
265 266
260 267
267 268
267 269
269 270
267 271
271 272
267 273
273 274
267 275
275 276
259 277
277 278
278 279
140 280
280 281
