0 1
1 2
1 3
3 4
3 5
3 6
6 7
6 8
3 9
9 10
10 11
11 12
9 13
3 14
3 15
15 16
16 17
17 18
18 19
19 20
18 21
18 22
22 23
22 24
24 25
25 26
15 27
27 28
28 29
29 30
30 31
29 32
29 33
33 34
33 35
35 36
36 37
15 38
38 39
39 40
40 41
41 42
41 43
43 44
43 45
45 46
40 47
40 48
48 49
49 50
15 51
51 52
52 53
53 54
53 55
53 56
51 57
57 58
58 59
57 60
60 61
51 62
62 63
63 64
51 65
65 66
66 67
67 68
68 69
67 70
67 71
71 72
72 73
15 74
74 75
75 76
76 77
77 78
76 79
74 80
80 81
74 82
82 83
83 84
84 85
85 86
86 87
85 88
85 89
89 90
90 91
89 92
84 93
84 94
94 95
95 96
94 97
15 98
98 99
99 100
100 101
100 102
100 103
98 104
104 105
105 106
104 107
107 108
98 109
109 110
110 111
98 112
112 113
113 114
114 115
115 116
116 117
115 118
118 119
114 120
113 121
121 122
122 123
123 124
124 125
124 126
124 127
127 128
127 129
129 130
127 131
131 132
127 133
133 134
127 135
135 136
121 137
137 138
138 139
137 140
140 141
15 142
142 143
1 144
144 145
144 146
144 147
144 148
148 149
149 150
149 151
151 152
151 153
153 154
148 155
144 156
156 157
156 158
144 159
159 160
160 161
159 162
144 163
163 164
164 165
163 166
144 167
144 168
168 169
169 170
170 171
171 172
172 173
171 174
174 175
170 176
168 177
177 178
178 179
179 180
180 181
179 182
182 183
178 184
168 185
185 186
186 187
187 188
188 189
188 190
190 191
187 192
187 193
193 194
194 195
193 196
193 197
197 198
168 199
199 200
200 201
201 202
201 203
201 204
199 205
205 206
206 207
205 208
208 209
209 210
208 211
199 212
212 213
213 214
199 215
215 216
216 217
217 218
218 219
218 220
218 221
221 222
222 223
221 224
221 225
225 226
215 227
227 228
228 229
229 230
230 231
229 232
232 233
228 234
227 235
235 236
215 237
237 238
238 239
239 240
240 241
239 242
242 243
238 244
237 245
245 246
246 247
247 248
248 249
248 250
248 251
251 252
251 253
253 254
251 255
255 256
251 257
257 258
251 259
259 260
245 261
261 262
262 263
263 264
262 265
261 266
266 267
168 268
268 269
269 270
270 271
271 272
270 273
273 274
269 275
168 276
276 277
