0 1
1 2
1 3
3 4
3 5
3 6
6 7
6 8
3 9
9 10
10 11
11 12
9 13
3 14
3 15
15 16
16 17
17 18
18 19
19 20
18 21
18 22
22 23
22 24
24 25
25 26
15 27
27 28
28 29
29 30
30 31
30 32
32 33
29 34
29 35
35 36
36 37
15 38
38 39
39 40
40 41
41 42
40 43
38 44
44 45
38 46
46 47
47 48
48 49
49 50
50 51
49 52
52 53
53 54
52 55
15 56
56 57
57 58
58 59
58 60
58 61
56 62
62 63
63 64
62 65
65 66
56 67
67 68
68 69
56 70
70 71
71 72
72 73
73 74
74 75
73 76
76 77
72 78
71 79
79 80
80 81
81 82
82 83
81 84
81 85
85 86
15 87
87 88
88 89
89 90
88 91
87 92
92 93
93 94
15 95
95 96
96 97
97 98
98 99
97 100
95 101
101 102
102 103
103 104
104 105
105 106
105 107
107 108
104 109
104 110
110 111
111 112
110 113
101 114
114 115
115 116
116 117
116 118
116 119
119 120
120 121
119 122
101 123
123 124
124 125
125 126
124 127
124 128
128 129
101 130
130 131
131 132
132 133
133 134
132 135
130 136
136 137
130 138
138 139
139 140
140 141
141 142
140 143
143 144
144 145
143 146
139 147
147 148
148 149
149 150
150 151
151 152
150 153
153 154
154 155
153 156
147 157
157 158
158 159
159 160
160 161
159 162
162 163
163 164
162 165
158 166
157 167
167 168
168 169
169 170
170 171
169 172
169 173
173 174
174 175
173 176
15 177
177 178
178 179
179 180
179 181
177 182
182 183
177 184
184 185
185 186
186 187
187 188
186 189
185 190
190 191
15 192
192 193
