0 1
1 2
1 3
3 4
4 5
5 6
5 7
7 8
7 9
9 10
4 11
4 12
12 13
13 14
1 15
15 16
15 17
15 18
18 19
18 20
15 21
21 22
22 23
23 24
21 25
15 26
15 27
27 28
28 29
29 30
30 31
30 32
30 33
28 34
34 35
35 36
34 37
37 38
28 39
39 40
40 41
28 42
42 43
43 44
44 45
43 46
43 47
47 48
48 49
27 50
50 51
51 52
52 53
52 54
52 55
50 56
56 57
57 58
56 59
59 60
60 61
59 62
50 63
63 64
64 65
50 66
66 67
67 68
68 69
69 70
68 71
68 72
72 73
73 74
74 75
73 76
76 77
72 78
67 79
67 80
80 81
81 82
82 83
81 84
84 85
80 86
27 87
87 88
88 89
89 90
90 91
89 92
89 93
93 94
93 95
95 96
96 97
27 98
98 99
99 100
100 101
101 102
100 103
100 104
104 105
104 106
106 107
107 108
27 109
109 110
110 111
111 112
111 113
111 114
109 115
115 116
116 117
115 118
118 119
109 120
120 121
121 122
109 123
123 124
124 125
124 126
126 127
124 128
128 129
124 130
130 131
123 132
132 133
27 134
134 135
1 136
136 137
136 138
138 139
138 140
136 141
141 142
142 143
141 144
136 145
145 146
146 147
145 148
136 149
136 150
150 151
151 152
152 153
153 154
152 155
155 156
151 157
157 158
150 159
159 160
160 161
161 162
160 163
163 164
159 165
165 166
150 167
167 168
168 169
169 170
170 171
169 172
172 173
168 174
150 175
175 176
176 177
177 178
178 179
177 180
180 181
176 182
150 183
183 184
184 185
185 186
186 187
186 188
188 189
185 190
185 191
191 192
192 193
191 194
191 195
195 196
150 197
197 198
198 199
199 200
200 201
199 202
197 203
203 204
197 205
205 206
206 207
206 208
208 209
206 210
210 211
206 212
212 213
205 214
214 215
150 216
216 217
217 218
218 219
219 220
218 221
221 222
217 223
150 224
224 225
