0 1
1 2
1 3
3 4
3 5
3 6
6 7
6 8
3 9
9 10
10 11
11 12
9 13
3 14
3 15
15 16
16 17
17 18
18 19
19 20
20 21
20 22
22 23
18 24
18 25
25 26
26 27
25 28
28 29
29 30
15 31
31 32
32 33
33 34
34 35
34 36
36 37
33 38
33 39
39 40
40 41
15 42
42 43
43 44
44 45
45 46
45 47
47 48
44 49
44 50
50 51
51 52
15 53
53 54
54 55
55 56
56 57
55 58
55 59
59 60
59 61
61 62
62 63
15 64
64 65
65 66
66 67
67 68
66 69
66 70
70 71
70 72
72 73
73 74
15 75
75 76
76 77
77 78
77 79
77 80
75 81
81 82
82 83
81 84
84 85
75 86
86 87
87 88
75 89
89 90
90 91
91 92
92 93
93 94
92 95
95 96
91 97
97 98
98 99
15 100
100 101
101 102
102 103
103 104
102 105
100 106
106 107
100 108
108 109
109 110
110 111
111 112
112 113
111 114
114 115
115 116
114 117
110 118
110 119
119 120
120 121
119 122
108 123
123 124
124 125
125 126
126 127
125 128
128 129
129 130
128 131
108 132
132 133
133 134
134 135
135 136
134 137
133 138
138 139
139 140
138 141
132 142
142 143
143 144
15 145
145 146
146 147
147 148
147 149
147 150
145 151
151 152
152 153
151 154
154 155
145 156
156 157
157 158
145 159
159 160
160 161
161 162
162 163
163 164
162 165
165 166
161 167
160 168
168 169
169 170
170 171
171 172
170 173
170 174
174 175
15 176
176 177
177 178
178 179
179 180
178 181
176 182
182 183
183 184
184 185
185 186
185 187
185 188
188 189
189 190
188 191
182 192
192 193
193 194
194 195
193 196
193 197
197 198
182 199
199 200
200 201
201 202
201 203
199 204
204 205
205 206
204 207
207 208
199 209
209 210
210 211
211 212
212 213
211 214
211 215
215 216
210 217
217 218
218 219
209 220
220 221
221 222
222 223
223 224
222 225
225 226
209 227
227 228
228 229
229 230
230 231
229 232
232 233
228 234
227 235
235 236
236 237
237 238
238 239
237 240
237 241
241 242
15 243
243 244
244 245
245 246
246 247
245 248
244 249
249 250
