0 1
1 2
1 3
3 4
3 5
3 6
6 7
7 8
8 9
6 10
3 11
11 12
11 13
13 14
13 15
15 16
3 17
17 18
18 19
19 20
20 21
21 22
21 23
23 24
23 25
25 26
20 27
20 28
28 29
29 30
17 31
31 32
32 33
33 34
34 35
34 36
36 37
34 38
38 39
38 40
40 41
33 42
33 43
43 44
44 45
17 46
46 47
47 48
48 49
49 50
50 51
48 52
48 53
53 54
54 55
53 56
53 57
57 58
53 59
59 60
60 61
59 62
17 63
63 64
64 65
65 66
65 67
65 68
63 69
69 70
70 71
69 72
72 73
73 74
72 75
63 76
76 77
77 78
63 79
79 80
80 81
81 82
82 83
83 84
82 85
82 86
86 87
87 88
88 89
87 90
90 91
86 92
79 93
93 94
94 95
95 96
94 97
94 98
98 99
79 100
100 101
101 102
102 103
103 104
102 105
102 106
106 107
107 108
106 109
109 110
79 111
111 112
112 113
113 114
112 115
112 116
116 117
111 118
118 119
119 120
120 121
121 122
122 123
122 124
124 125
121 126
121 127
127 128
128 129
127 130
127 131
131 132
118 133
133 134
134 135
135 136
134 137
134 138
138 139
139 140
138 141
141 142
118 143
143 144
144 145
145 146
144 147
144 148
148 149
144 150
150 151
111 152
152 153
153 154
154 155
155 156
156 157
156 158
158 159
155 160
155 161
161 162
162 163
152 164
164 165
165 166
166 167
165 168
165 169
169 170
170 171
169 172
172 173
152 174
174 175
175 176
176 177
175 178
175 179
179 180
175 181
181 182
17 183
183 184
184 185
185 186
186 187
187 188
186 189
186 190
190 191
186 192
192 193
192 194
194 195
185 196
183 197
197 198
198 199
197 200
183 201
201 202
202 203
203 204
204 205
203 206
203 207
207 208
208 209
207 210
17 211
211 212
212 213
