0 1
1 2
1 3
3 4
3 5
3 6
6 7
7 8
8 9
6 10
3 11
11 12
11 13
13 14
13 15
15 16
3 17
17 18
18 19
19 20
20 21
21 22
21 23
23 24
21 25
25 26
25 27
27 28
20 29
20 30
30 31
31 32
17 33
33 34
34 35
35 36
36 37
35 38
33 39
39 40
33 41
41 42
42 43
43 44
44 45
45 46
44 47
44 48
48 49
48 50
50 51
41 52
52 53
53 54
54 55
55 56
55 57
57 58
54 59
54 60
60 61
61 62
60 63
60 64
64 65
41 66
66 67
67 68
68 69
67 70
66 71
71 72
72 73
73 74
74 75
75 76
75 77
77 78
74 79
74 80
80 81
81 82
81 83
83 84
71 85
85 86
86 87
87 88
86 89
86 90
90 91
71 92
92 93
93 94
94 95
93 96
93 97
97 98
93 99
99 100
71 101
41 102
102 103
103 104
104 105
103 106
103 107
107 108
41 109
109 110
110 111
111 112
110 113
110 114
114 115
110 116
116 117
17 118
118 119
119 120
120 121
121 122
121 123
123 124
123 125
125 126
120 127
120 128
128 129
129 130
17 131
131 132
132 133
133 134
134 135
133 136
131 137
137 138
138 139
137 140
131 141
141 142
142 143
143 144
144 145
143 146
143 147
147 148
148 149
147 150
147 151
151 152
17 153
153 154
154 155
17 156
17 157
17 158
17 159
17 160
17 161
17 162
17 163
17 164
17 165
17 166
17 167
17 168
17 169
17 170
17 171
17 172
17 173
17 174
17 175
17 176
17 177
17 178
17 179
17 180
17 181
17 182
17 183
17 184
17 185
17 186
17 187
17 188
17 189
17 190
17 191
17 192
17 193
17 194
1 195
195 196
195 197
195 198
198 199
199 200
198 201
195 202
202 203
195 204
204 205
205 206
206 207
207 208
208 209
207 210
207 211
211 212
211 213
213 214
204 215
215 216
216 217
217 218
217 219
217 220
215 221
221 222
222 223
221 224
224 225
225 226
224 227
215 228
228 229
229 230
215 231
231 232
232 233
233 234
234 235
235 236
234 237
237 238
237 239
239 240
240 241
239 242
239 243
243 244
204 245
245 246
246 247
247 248
246 249
246 250
250 251
1 252
1 253
1 254
1 255
