0 1
1 2
1 3
3 4
3 5
3 6
6 7
7 8
8 9
6 10
3 11
3 12
12 13
13 14
14 15
15 16
16 17
16 18
18 19
15 20
15 21
21 22
22 23
22 24
24 25
12 26
26 27
27 28
28 29
28 30
28 31
27 32
32 33
32 34
32 35
27 36
36 37
36 38
36 39
12 40
40 41
41 42
42 43
43 44
42 45
40 46
46 47
40 48
48 49
49 50
50 51
51 52
52 53
53 54
54 55
53 56
53 57
52 58
58 59
59 60
58 61
58 62
51 63
63 64
64 65
63 66
63 67
50 68
68 69
69 70
68 71
68 72
49 73
73 74
74 75
75 76
76 77
75 78
75 79
74 80
80 81
81 82
82 83
83 84
82 85
85 86
86 87
85 88
85 89
89 90
90 91
89 92
80 93
93 94
94 95
95 96
94 97
97 98
98 99
97 100
97 101
101 102
102 103
101 104
80 105
105 106
106 107
107 108
106 109
109 110
110 111
109 112
112 113
80 114
114 115
115 116
116 117
115 118
115 119
119 120
120 121
119 122
119 123
123 124
74 125
125 126
126 127
127 128
126 129
126 130
125 131
131 132
132 133
133 134
134 135
133 136
136 137
137 138
136 139
136 140
140 141
141 142
140 143
131 144
144 145
145 146
146 147
145 148
148 149
149 150
148 151
148 152
152 153
153 154
152 155
131 156
156 157
157 158
158 159
157 160
160 161
161 162
160 163
163 164
131 165
165 166
166 167
167 168
166 169
166 170
170 171
171 172
170 173
170 174
174 175
125 176
176 177
177 178
178 179
177 180
177 181
176 182
182 183
183 184
184 185
185 186
184 187
187 188
188 189
187 190
187 191
191 192
192 193
191 194
182 195
195 196
196 197
197 198
196 199
199 200
200 201
199 202
199 203
203 204
204 205
203 206
182 207
207 208
208 209
209 210
208 211
211 212
212 213
211 214
214 215
182 216
216 217
217 218
218 219
217 220
217 221
221 222
222 223
221 224
221 225
225 226
176 227
227 228
228 229
229 230
230 231
229 232
232 233
233 234
232 235
232 236
236 237
237 238
236 239
227 240
240 241
241 242
242 243
241 244
244 245
245 246
244 247
244 248
248 249
249 250
248 251
227 252
252 253
253 254
254 255
253 256
256 257
257 258
256 259
259 260
227 261
261 262
262 263
263 264
262 265
262 266
266 267
267 268
266 269
266 270
270 271
49 272
272 273
273 274
274 275
275 276
274 277
274 278
278 279
12 280
280 281
281 282
282 283
281 284
281 285
285 286
286 287
285 288
