0 1
1 2
1 3
3 4
3 5
3 6
6 7
7 8
8 9
6 10
3 11
3 12
12 13
13 14
14 15
15 16
16 17
16 18
18 19
15 20
15 21
21 22
22 23
12 24
24 25
25 26
26 27
26 28
26 29
24 30
30 31
31 32
30 33
33 34
34 35
33 36
24 37
37 38
38 39
24 40
40 41
41 42
42 43
43 44
44 45
45 46
46 47
47 48
46 49
49 50
45 51
45 52
44 53
53 54
54 55
55 56
54 57
57 58
53 59
53 60
43 61
61 62
62 63
63 64
62 65
65 66
61 67
61 68
42 69
69 70
70 71
71 72
70 73
73 74
69 75
69 76
41 77
77 78
78 79
79 80
80 81
80 82
80 83
77 84
84 85
85 86
86 87
86 88
86 89
89 90
90 91
89 92
77 93
93 94
94 95
95 96
95 97
95 98
98 99
99 100
98 101
77 102
102 103
103 104
104 105
105 106
104 107
107 108
103 109
103 110
102 111
111 112
112 113
113 114
114 115
113 116
116 117
117 118
118 119
117 120
120 121
102 122
122 123
123 124
124 125
125 126
124 127
127 128
123 129
123 130
122 131
131 132
132 133
133 134
132 135
135 136
136 137
137 138
136 139
139 140
122 141
141 142
142 143
143 144
144 145
143 146
146 147
142 148
142 149
141 150
150 151
151 152
152 153
151 154
154 155
155 156
156 157
155 158
158 159
141 160
160 161
161 162
162 163
163 164
162 165
165 166
166 167
167 168
166 169
169 170
77 171
171 172
172 173
173 174
172 175
172 176
176 177
41 178
178 179
179 180
180 181
181 182
182 183
181 184
181 185
185 186
186 187
185 188
188 189
178 190
190 191
191 192
192 193
192 194
192 195
195 196
196 197
195 198
195 199
199 200
178 201
201 202
202 203
203 204
202 205
202 206
206 207
12 208
208 209
209 210
210 211
209 212
