0 1
1 2
1 3
3 4
3 5
3 6
6 7
7 8
8 9
6 10
3 11
3 12
12 13
13 14
14 15
15 16
16 17
15 18
15 19
19 20
19 21
21 22
22 23
23 24
22 25
12 26
26 27
27 28
28 29
28 30
28 31
27 32
32 33
32 34
32 35
12 36
36 37
37 38
38 39
38 40
38 41
36 42
42 43
43 44
42 45
45 46
46 47
45 48
36 49
49 50
50 51
36 52
52 53
53 54
54 55
55 56
56 57
57 58
57 59
57 60
60 61
61 62
60 63
60 64
64 65
65 66
64 67
67 68
54 69
69 70
70 71
71 72
72 73
71 74
74 75
70 76
76 77
54 78
78 79
79 80
80 81
53 82
82 83
83 84
84 85
83 86
82 87
87 88
88 89
89 90
90 91
90 92
90 93
87 94
94 95
95 96
96 97
95 98
98 99
94 100
100 101
100 102
102 103
103 104
104 105
103 106
106 107
107 108
108 109
107 110
110 111
111 112
110 113
106 114
114 115
115 116
114 117
117 118
118 119
117 120
100 121
94 122
122 123
122 124
124 125
125 126
126 127
125 128
128 129
129 130
130 131
129 132
132 133
133 134
132 135
128 136
136 137
137 138
136 139
139 140
140 141
139 142
122 143
94 144
144 145
144 146
146 147
147 148
148 149
147 150
150 151
151 152
152 153
151 154
154 155
155 156
154 157
150 158
158 159
159 160
158 161
161 162
162 163
161 164
144 165
94 166
166 167
166 168
168 169
169 170
170 171
169 172
172 173
173 174
174 175
173 176
176 177
177 178
176 179
172 180
180 181
181 182
180 183
183 184
184 185
183 186
166 187
87 188
188 189
189 190
190 191
191 192
190 193
193 194
194 195
193 196
189 197
197 198
87 199
199 200
200 201
201 202
200 203
12 204
204 205
205 206
206 207
205 208
