0 1
1 2
1 3
3 4
3 5
3 6
6 7
7 8
8 9
6 10
3 11
3 12
12 13
13 14
14 15
15 16
16 17
16 18
18 19
15 20
15 21
21 22
22 23
12 24
24 25
25 26
26 27
26 28
26 29
24 30
30 31
31 32
30 33
33 34
34 35
33 36
24 37
37 38
38 39
24 40
40 41
41 42
42 43
43 44
44 45
45 46
44 47
42 48
48 49
49 50
50 51
49 52
52 53
48 54
48 55
41 56
56 57
57 58
58 59
59 60
59 61
59 62
62 63
63 64
62 65
56 66
66 67
67 68
68 69
68 70
68 71
71 72
72 73
71 74
56 75
75 76
76 77
77 78
76 79
76 80
80 81
81 82
80 83
83 84
41 85
85 86
86 87
87 88
88 89
89 90
88 91
86 92
92 93
93 94
94 95
93 96
96 97
92 98
92 99
85 100
100 101
101 102
102 103
103 104
103 105
103 106
106 107
107 108
106 109
100 110
110 111
111 112
112 113
112 114
112 115
115 116
116 117
115 118
100 119
119 120
120 121
121 122
120 123
120 124
124 125
125 126
124 127
127 128
85 129
129 130
130 131
131 132
132 133
133 134
132 135
130 136
136 137
137 138
138 139
137 140
140 141
136 142
136 143
129 144
144 145
145 146
146 147
147 148
147 149
147 150
150 151
151 152
150 153
144 154
154 155
155 156
156 157
156 158
156 159
159 160
160 161
159 162
144 163
163 164
164 165
165 166
164 167
164 168
168 169
169 170
168 171
171 172
129 173
173 174
174 175
175 176
176 177
177 178
176 179
174 180
180 181
181 182
182 183
181 184
184 185
180 186
180 187
173 188
188 189
189 190
190 191
191 192
191 193
191 194
194 195
195 196
194 197
188 198
198 199
199 200
200 201
200 202
200 203
203 204
204 205
203 206
188 207
207 208
208 209
209 210
208 211
208 212
212 213
213 214
212 215
215 216
173 217
217 218
218 219
219 220
220 221
219 222
219 223
223 224
224 225
223 226
223 227
227 228
228 229
227 230
230 231
12 232
232 233
233 234
234 235
233 236
1 237
237 238
237 239
237 240
237 241
241 242
242 243
241 244
237 245
237 246
246 247
247 248
248 249
249 250
248 251
248 252
