0 1
1 2
1 3
3 4
3 5
5 6
6 7
5 8
3 9
3 10
10 11
11 12
12 13
13 14
14 15
15 16
16 17
15 18
15 19
14 20
20 21
21 22
20 23
20 24
13 25
25 26
26 27
25 28
25 29
12 30
30 31
31 32
30 33
30 34
1 35
35 36
35 37
35 38
38 39
39 40
40 41
38 42
35 43
35 44
44 45
45 46
46 47
47 48
48 49
48 50
50 51
47 52
47 53
53 54
54 55
44 56
56 57
57 58
58 59
59 60
58 61
56 62
62 63
56 64
64 65
65 66
66 67
67 68
67 69
69 70
65 71
71 72
72 73
73 74
74 75
73 76
73 77
77 78
65 79
79 80
80 81
81 82
82 83
82 84
82 85
85 86
86 87
85 88
85 89
89 90
90 91
89 92
79 93
93 94
94 95
95 96
95 97
95 98
98 99
99 100
98 101
98 102
102 103
103 104
102 105
79 106
106 107
107 108
108 109
108 110
108 111
79 112
112 113
113 114
114 115
113 116
113 117
112 118
118 119
119 120
120 121
121 122
120 123
123 124
124 125
123 126
126 127
112 128
128 129
129 130
130 131
129 132
129 133
128 134
134 135
135 136
136 137
137 138
136 139
139 140
140 141
139 142
142 143
128 144
144 145
145 146
146 147
145 148
145 149
144 150
150 151
151 152
152 153
153 154
152 155
155 156
156 157
155 158
158 159
144 160
160 161
161 162
162 163
163 164
162 165
165 166
166 167
165 168
168 169
79 170
170 171
171 172
172 173
171 174
171 175
175 176
176 177
175 178
175 179
179 180
44 181
181 182
182 183
183 184
183 185
183 186
186 187
187 188
186 189
186 190
190 191
191 192
190 193
44 194
194 195
195 196
