0 1
1 2
1 3
3 4
3 5
3 6
6 7
7 8
6 9
3 10
10 11
3 12
12 13
13 14
14 15
15 16
16 17
17 18
15 19
15 20
20 21
21 22
22 23
21 24
20 25
20 26
12 27
27 28
28 29
29 30
30 31
29 32
29 33
33 34
34 35
12 36
36 37
37 38
38 39
38 40
38 41
12 42
42 43
43 44
44 45
44 46
44 47
47 48
48 49
49 50
48 51
47 52
12 53
53 54
54 55
55 56
54 57
57 58
53 59
59 60
60 61
61 62
62 63
63 64
62 65
62 66
66 67
67 68
66 69
69 70
59 71
71 72
72 73
73 74
74 75
73 76
76 77
77 78
72 79
79 80
80 81
79 82
82 83
59 84
84 85
85 86
86 87
87 88
86 89
89 90
90 91
85 92
92 93
12 94
94 95
95 96
96 97
97 98
96 99
94 100
100 101
94 102
102 103
103 104
104 105
105 106
106 107
105 108
104 109
103 110
110 111
111 112
112 113
113 114
112 115
112 116
102 117
117 118
118 119
119 120
118 121
118 122
122 123
12 124
124 125
125 126
126 127
125 128
