0 1
1 2
1 3
3 4
3 5
3 6
6 7
7 8
6 9
3 10
10 11
3 12
12 13
13 14
14 15
15 16
16 17
16 18
18 19
15 20
15 21
21 22
22 23
12 24
24 25
25 26
26 27
26 28
24 29
29 30
24 31
31 32
32 33
33 34
34 35
34 36
34 37
31 38
38 39
39 40
40 41
41 42
42 43
43 44
42 45
40 46
46 47
47 48
48 49
47 50
46 51
39 52
52 53
53 54
52 55
38 56
56 57
57 58
58 59
59 60
60 61
59 62
59 63
63 64
58 65
65 66
66 67
65 68
57 69
69 70
70 71
71 72
72 73
71 74
69 75
75 76
76 77
77 78
76 79
69 80
57 81
81 82
82 83
83 84
84 85
83 86
83 87
87 88
82 89
89 90
90 91
89 92
81 93
93 94
94 95
95 96
96 97
95 98
81 99
99 100
100 101
101 102
102 103
101 104
99 105
31 106
106 107
107 108
108 109
107 110
106 111
111 112
112 113
113 114
114 115
113 116
113 117
117 118
12 119
119 120
120 121
121 122
122 123
121 124
121 125
125 126
125 127
127 128
128 129
129 130
128 131
12 132
132 133
133 134
134 135
134 136
134 137
137 138
138 139
139 140
138 141
137 142
132 143
143 144
144 145
143 146
132 147
147 148
148 149
132 150
150 151
151 152
152 153
153 154
154 155
153 156
156 157
152 158
158 159
159 160
158 161
12 162
162 163
163 164
