0 1
1 2
1 3
3 4
3 5
3 6
6 7
7 8
6 9
3 10
10 11
3 12
12 13
13 14
14 15
15 16
16 17
16 18
18 19
15 20
15 21
21 22
22 23
12 24
24 25
25 26
26 27
26 28
24 29
29 30
24 31
31 32
32 33
33 34
34 35
33 36
32 37
37 38
38 39
39 40
38 41
38 42
42 43
32 44
44 45
45 46
46 47
47 48
48 49
49 50
50 51
49 52
47 53
53 54
54 55
55 56
54 57
53 58
46 59
59 60
60 61
61 62
60 63
59 64
64 65
65 66
64 67
64 68
68 69
45 70
70 71
71 72
72 73
71 74
44 75
75 76
76 77
77 78
78 79
79 80
78 81
76 82
82 83
83 84
84 85
83 86
82 87
87 88
88 89
87 90
87 91
91 92
75 93
93 94
94 95
95 96
94 97
75 98
98 99
99 100
100 101
101 102
100 103
99 104
104 105
105 106
106 107
105 108
104 109
98 110
110 111
111 112
112 113
111 114
111 115
115 116
12 117
117 118
118 119
119 120
119 121
119 122
122 123
123 124
122 125
12 126
126 127
127 128
128 129
129 130
128 131
128 132
132 133
132 134
134 135
135 136
12 137
137 138
138 139
139 140
139 141
139 142
142 143
143 144
142 145
137 146
146 147
147 148
146 149
137 150
150 151
151 152
137 153
153 154
154 155
155 156
156 157
155 158
158 159
154 160
160 161
161 162
160 163
12 164
164 165
165 166
