0 1
1 2
1 3
3 4
3 5
3 6
6 7
7 8
6 9
3 10
10 11
3 12
12 13
13 14
14 15
15 16
16 17
16 18
18 19
15 20
15 21
21 22
22 23
12 24
24 25
25 26
26 27
26 28
26 29
24 30
30 31
31 32
30 33
33 34
34 35
33 36
24 37
37 38
38 39
24 40
40 41
41 42
42 43
43 44
43 45
43 46
46 47
47 48
46 49
49 50
40 51
51 52
52 53
53 54
52 55
51 56
56 57
57 58
58 59
59 60
60 61
59 62
58 63
63 64
64 65
65 66
64 67
63 68
57 69
69 70
70 71
71 72
70 73
70 74
74 75
57 76
76 77
77 78
78 79
79 80
79 81
79 82
76 83
83 84
84 85
85 86
86 87
87 88
88 89
87 90
85 91
91 92
92 93
93 94
92 95
91 96
84 97
97 98
98 99
99 100
98 101
97 102
102 103
103 104
102 105
102 106
106 107
83 108
108 109
109 110
110 111
111 112
110 113
113 114
114 115
113 116
108 117
117 118
118 119
119 120
118 121
121 122
122 123
121 124
121 125
125 126
117 127
127 128
76 129
129 130
130 131
131 132
132 133
133 134
134 135
133 136
132 137
137 138
138 139
139 140
138 141
137 142
130 143
143 144
144 145
145 146
144 147
147 148
148 149
147 150
147 151
151 152
129 153
153 154
154 155
155 156
156 157
155 158
155 159
159 160
51 161
161 162
162 163
163 164
162 165
162 166
166 167
12 168
168 169
169 170
170 171
171 172
170 173
170 174
174 175
174 176
176 177
177 178
178 179
177 180
12 181
181 182
182 183
183 184
183 185
183 186
186 187
187 188
188 189
187 190
186 191
181 192
192 193
193 194
192 195
181 196
196 197
197 198
181 199
199 200
200 201
201 202
202 203
203 204
202 205
205 206
201 207
207 208
208 209
207 210
12 211
211 212
212 213
