0 1
1 2
1 3
3 4
3 5
3 6
6 7
7 8
6 9
3 10
10 11
3 12
12 13
13 14
14 15
15 16
16 17
16 18
18 19
15 20
15 21
21 22
22 23
12 24
24 25
25 26
26 27
26 28
24 29
29 30
24 31
31 32
32 33
33 34
34 35
33 36
32 37
37 38
38 39
39 40
38 41
38 42
42 43
32 44
44 45
45 46
46 47
47 48
48 49
49 50
50 51
49 52
47 53
53 54
54 55
55 56
54 57
53 58
46 59
59 60
60 61
61 62
60 63
59 64
64 65
65 66
64 67
64 68
68 69
45 70
70 71
71 72
72 73
73 74
72 75
44 76
76 77
77 78
78 79
79 80
78 81
77 82
82 83
83 84
84 85
83 86
82 87
76 88
88 89
89 90
90 91
89 92
89 93
93 94
76 95
95 96
96 97
97 98
98 99
97 100
96 101
101 102
102 103
101 104
101 105
105 106
95 107
107 108
108 109
109 110
108 111
12 112
112 113
113 114
114 115
115 116
114 117
114 118
118 119
118 120
120 121
121 122
122 123
121 124
12 125
125 126
126 127
127 128
127 129
127 130
130 131
131 132
132 133
131 134
130 135
125 136
136 137
137 138
136 139
125 140
140 141
141 142
125 143
143 144
144 145
145 146
146 147
147 148
146 149
149 150
145 151
151 152
152 153
151 154
12 155
155 156
156 157
