0 1
1 2
1 3
3 4
3 5
3 6
6 7
7 8
6 9
3 10
10 11
3 12
12 13
13 14
14 15
15 16
16 17
16 18
18 19
15 20
15 21
21 22
22 23
12 24
24 25
25 26
26 27
27 28
27 29
29 30
26 31
26 32
32 33
33 34
12 35
35 36
36 37
37 38
37 39
35 40
40 41
35 42
42 43
43 44
44 45
45 46
44 47
43 48
48 49
49 50
50 51
51 52
50 53
50 54
54 55
43 56
56 57
57 58
58 59
59 60
59 61
59 62
56 63
63 64
64 65
65 66
66 67
67 68
66 69
64 70
70 71
71 72
72 73
71 74
70 75
63 76
76 77
77 78
78 79
79 80
80 81
79 82
78 83
83 84
84 85
83 86
83 87
87 88
77 89
89 90
90 91
91 92
92 93
91 94
89 95
95 96
96 97
97 98
96 99
77 100
100 101
101 102
102 103
103 104
102 105
101 106
106 107
107 108
106 109
106 110
110 111
100 112
112 113
113 114
114 115
115 116
114 117
112 118
118 119
119 120
120 121
119 122
112 123
100 124
124 125
125 126
126 127
127 128
126 129
124 130
56 131
131 132
132 133
133 134
132 135
131 136
136 137
137 138
138 139
139 140
138 141
138 142
142 143
12 144
144 145
145 146
146 147
147 148
146 149
144 150
150 151
151 152
152 153
151 154
151 155
155 156
156 157
155 158
12 159
159 160
160 161
161 162
161 163
161 164
164 165
165 166
164 167
12 168
168 169
169 170
170 171
171 172
170 173
170 174
174 175
174 176
176 177
177 178
12 179
179 180
180 181
181 182
181 183
181 184
179 185
185 186
186 187
185 188
188 189
179 190
190 191
191 192
179 193
193 194
194 195
195 196
196 197
197 198
196 199
199 200
195 201
201 202
202 203
201 204
201 205
205 206
206 207
207 208
206 209
209 210
205 211
12 212
212 213
213 214
