0 1
1 2
1 3
3 4
3 5
3 6
6 7
7 8
6 9
3 10
10 11
3 12
12 13
13 14
14 15
15 16
15 17
15 18
18 19
19 20
18 21
12 22
22 23
23 24
24 25
25 26
25 27
27 28
24 29
24 30
30 31
31 32
12 33
33 34
34 35
35 36
36 37
36 38
38 39
35 40
35 41
41 42
42 43
12 44
44 45
45 46
46 47
46 48
46 49
44 50
50 51
51 52
50 53
53 54
44 55
55 56
56 57
44 58
58 59
59 60
60 61
61 62
61 63
61 64
58 65
65 66
66 67
67 68
68 69
69 70
70 71
69 72
67 73
73 74
74 75
75 76
74 77
77 78
73 79
66 80
80 81
81 82
82 83
81 84
80 85
65 86
86 87
87 88
88 89
89 90
89 91
89 92
92 93
93 94
92 95
86 96
96 97
97 98
98 99
97 100
100 101
101 102
102 103
101 104
104 105
96 106
106 107
107 108
108 109
109 110
108 111
106 112
96 113
113 114
114 115
115 116
114 117
117 118
118 119
119 120
118 121
121 122
113 123
123 124
124 125
125 126
126 127
125 128
125 129
129 130
123 131
131 132
132 133
133 134
132 135
123 136
58 137
137 138
138 139
139 140
137 141
141 142
142 143
143 144
144 145
143 146
143 147
147 148
148 149
147 150
150 151
12 152
152 153
153 154
154 155
154 156
154 157
12 158
158 159
159 160
160 161
161 162
160 163
158 164
164 165
165 166
166 167
167 168
166 169
166 170
170 171
171 172
170 173
12 174
174 175
175 176
176 177
175 178
175 179
179 180
12 181
181 182
182 183
183 184
184 185
183 186
183 187
187 188
187 189
189 190
190 191
191 192
190 193
12 194
194 195
195 196
196 197
196 198
196 199
194 200
200 201
201 202
200 203
203 204
204 205
203 206
194 207
207 208
208 209
194 210
210 211
211 212
212 213
213 214
214 215
213 216
216 217
212 218
218 219
219 220
218 221
218 222
222 223
12 224
224 225
225 226
