0 1
1 2
1 3
3 4
3 5
3 6
6 7
7 8
6 9
3 10
10 11
3 12
12 13
13 14
14 15
15 16
16 17
16 18
18 19
15 20
15 21
21 22
22 23
12 24
24 25
25 26
26 27
26 28
24 29
29 30
24 31
31 32
32 33
33 34
34 35
33 36
32 37
37 38
38 39
39 40
40 41
39 42
39 43
43 44
32 45
45 46
46 47
47 48
48 49
49 50
50 51
51 52
50 53
48 54
54 55
55 56
56 57
55 58
54 59
47 60
60 61
61 62
62 63
61 64
60 65
65 66
66 67
46 68
68 69
69 70
70 71
71 72
70 73
45 74
74 75
75 76
76 77
77 78
76 79
75 80
80 81
81 82
82 83
81 84
80 85
74 86
86 87
87 88
88 89
89 90
88 91
88 92
92 93
45 94
94 95
95 96
96 97
97 98
96 99
95 100
100 101
101 102
94 103
103 104
104 105
105 106
106 107
105 108
12 109
109 110
110 111
111 112
112 113
111 114
111 115
115 116
115 117
117 118
118 119
119 120
118 121
12 122
122 123
123 124
124 125
124 126
124 127
127 128
128 129
129 130
128 131
127 132
12 133
133 134
134 135
135 136
136 137
135 138
133 139
139 140
140 141
141 142
142 143
143 144
142 145
145 146
146 147
141 148
148 149
149 150
148 151
12 152
152 153
153 154
