0 1
1 2
1 3
3 4
3 5
3 6
6 7
6 8
3 9
9 10
3 11
11 12
12 13
13 14
14 15
15 16
14 17
14 18
18 19
18 20
20 21
21 22
22 23
21 24
11 25
25 26
26 27
27 28
27 29
27 30
25 31
31 32
32 33
31 34
34 35
25 36
36 37
37 38
25 39
39 40
40 41
41 42
42 43
41 44
40 45
45 46
46 47
47 48
48 49
49 50
48 51
51 52
47 53
39 54
54 55
55 56
56 57
55 58
54 59
59 60
60 61
61 62
62 63
63 64
62 65
65 66
61 67
67 68
39 69
69 70
70 71
71 72
71 73
71 74
74 75
39 76
76 77
77 78
78 79
78 80
78 81
39 82
82 83
83 84
84 85
83 86
82 87
87 88
88 89
89 90
90 91
90 92
90 93
93 94
94 95
93 96
87 97
97 98
98 99
99 100
98 101
101 102
87 103
103 104
104 105
105 106
104 107
107 108
108 109
107 110
39 111
111 112
112 113
113 114
114 115
113 116
116 117
112 118
118 119
11 120
120 121
121 122
