0 1
1 2
1 3
3 4
3 5
3 6
6 7
6 8
3 9
3 10
10 11
11 12
12 13
13 14
13 15
13 16
10 17
17 18
18 19
19 20
20 21
20 22
22 23
19 24
19 25
25 26
26 27
10 28
28 29
29 30
30 31
29 32
28 33
33 34
10 35
35 36
36 37
37 38
36 39
35 40
40 41
41 42
42 43
43 44
42 45
42 46
46 47
47 48
46 49
40 50
50 51
51 52
52 53
51 54
54 55
55 56
54 57
10 58
58 59
59 60
60 61
60 62
60 63
58 64
64 65
65 66
64 67
67 68
68 69
67 70
58 71
71 72
72 73
58 74
74 75
75 76
76 77
77 78
78 79
77 80
76 81
75 82
82 83
83 84
84 85
83 86
86 87
87 88
86 89
89 90
90 91
89 92
89 93
93 94
75 95
95 96
96 97
97 98
96 99
99 100
100 101
99 102
102 103
103 104
102 105
102 106
106 107
10 108
108 109
109 110
1 111
111 112
111 113
111 114
114 115
114 116
111 117
117 118
111 119
119 120
120 121
121 122
122 123
123 124
122 125
122 126
126 127
126 128
128 129
129 130
130 131
129 132
119 133
133 134
134 135
135 136
135 137
135 138
133 139
139 140
140 141
139 142
142 143
133 144
144 145
145 146
133 147
147 148
148 149
149 150
150 151
151 152
150 153
149 154
149 155
155 156
155 157
157 158
147 159
159 160
160 161
161 162
162 163
161 164
164 165
160 166
166 167
166 168
168 169
119 170
170 171
171 172
