0 1
1 2
1 3
3 4
3 5
3 6
6 7
7 8
6 9
3 10
10 11
10 12
3 13
3 14
14 15
15 16
16 17
17 18
18 19
18 20
20 21
18 22
22 23
17 24
17 25
25 26
26 27
14 28
28 29
29 30
30 31
30 32
30 33
14 34
34 35
35 36
36 37
35 38
38 39
39 40
38 41
34 42
42 43
43 44
44 45
45 46
44 47
44 48
48 49
49 50
48 51
51 52
43 53
53 54
54 55
55 56
56 57
57 58
58 59
57 60
60 61
61 62
60 63
60 64
64 65
65 66
64 67
67 68
56 69
69 70
54 71
71 72
72 73
42 74
74 75
75 76
76 77
75 78
75 79
79 80
80 81
79 82
82 83
75 84
84 85
42 86
86 87
87 88
88 89
14 90
90 91
