0 1
1 2
1 3
3 4
3 5
3 6
6 7
7 8
8 9
6 10
3 11
3 12
12 13
13 14
14 15
15 16
16 17
15 18
14 19
19 20
20 21
21 22
20 23
19 24
13 25
12 26
26 27
27 28
28 29
28 30
28 31
31 32
32 33
31 34
12 35
35 36
36 37
37 38
37 39
37 40
40 41
41 42
42 43
41 44
40 45
12 46
46 47
47 48
48 49
49 50
48 51
48 52
52 53
53 54
52 55
55 56
52 57
57 58
52 59
52 60
60 61
52 62
52 63
52 64
64 65
52 66
52 67
52 68
52 69
69 70
52 71
52 72
52 73
52 74
12 75
75 76
76 77
77 78
77 79
77 80
75 81
81 82
82 83
81 84
84 85
75 86
86 87
87 88
75 89
89 90
90 91
91 92
92 93
92 94
92 95
90 96
96 97
97 98
96 99
99 100
90 101
101 102
102 103
90 104
104 105
105 106
106 107
107 108
107 109
107 110
104 111
111 112
112 113
113 114
113 115
113 116
111 117
117 118
118 119
117 120
120 121
121 122
120 123
111 124
124 125
125 126
124 127
111 128
128 129
129 130
130 131
131 132
131 133
131 134
134 135
135 136
134 137
137 138
138 139
137 140
140 141
128 142
142 143
143 144
144 145
144 146
144 147
147 148
148 149
147 150
150 151
151 152
150 153
153 154
154 155
153 156
128 157
157 158
158 159
159 160
160 161
161 162
162 163
161 164
160 165
165 166
166 167
165 168
168 169
159 170
170 171
171 172
170 173
158 174
174 175
175 176
174 177
177 178
157 179
179 180
180 181
181 182
182 183
183 184
184 185
185 186
184 187
187 188
183 189
189 190
182 191
181 192
192 193
193 194
194 195
195 196
194 197
197 198
193 199
199 200
192 201
180 202
202 203
203 204
204 205
205 206
104 207
207 208
208 209
209 210
210 211
211 212
210 213
213 214
209 215
215 216
208 217
207 218
218 219
219 220
220 221
221 222
222 223
221 224
220 225
225 226
226 227
225 228
219 229
229 230
230 231
231 232
232 233
233 234
234 235
233 236
236 237
232 238
238 239
231 240
207 241
241 242
242 243
243 244
244 245
243 246
242 247
247 248
248 249
249 250
250 251
251 252
252 253
251 254
254 255
250 256
256 257
249 258
12 259
259 260
260 261
261 262
261 263
261 264
259 265
265 266
266 267
265 268
268 269
259 270
270 271
271 272
259 273
273 274
274 275
275 276
276 277
276 278
276 279
274 280
280 281
281 282
280 283
283 284
274 285
285 286
286 287
274 288
288 289
289 290
290 291
291 292
292 293
293 294
292 295
295 296
291 297
297 298
290 299
289 300
300 301
301 302
302 303
303 304
304 305
305 306
304 307
307 308
303 309
309 310
302 311
289 312
312 313
313 314
314 315
315 316
316 317
315 318
318 319
314 320
320 321
313 322
312 323
323 324
324 325
325 326
326 327
327 328
328 329
327 330
330 331
326 332
332 333
325 334
