0 1
1 2
1 3
3 4
3 5
3 6
6 7
7 8
8 9
6 10
3 11
11 12
11 13
3 14
14 15
14 16
3 17
3 18
18 19
19 20
20 21
21 22
21 23
21 24
18 25
25 26
26 27
27 28
27 29
27 30
30 31
31 32
30 33
25 34
34 35
35 36
34 37
37 38
38 39
37 40
25 41
41 42
42 43
25 44
44 45
45 46
46 47
47 48
47 49
47 50
50 51
51 52
50 53
45 54
54 55
55 56
54 57
57 58
58 59
57 60
45 61
61 62
62 63
45 64
64 65
65 66
66 67
67 68
66 69
69 70
70 71
71 72
70 73
73 74
69 75
75 76
18 77
77 78
78 79
79 80
78 81
81 82
82 83
83 84
82 85
85 86
81 87
87 88
18 89
89 90
90 91
1 92
92 93
92 94
92 95
95 96
96 97
97 98
95 99
92 100
92 101
101 102
102 103
103 104
104 105
104 106
104 107
107 108
108 109
107 110
103 111
111 112
111 113
111 114
114 115
115 116
116 117
115 118
114 119
101 120
120 121
121 122
122 123
123 124
124 125
122 126
122 127
127 128
127 129
129 130
130 131
131 132
130 133
127 134
134 135
135 136
136 137
135 138
101 139
139 140
140 141
141 142
141 143
141 144
139 145
145 146
146 147
145 148
148 149
149 150
148 151
139 152
152 153
153 154
139 155
155 156
156 157
157 158
158 159
158 160
158 161
156 162
162 163
163 164
162 165
165 166
166 167
165 168
156 169
169 170
170 171
156 172
172 173
173 174
174 175
175 176
176 177
177 178
176 179
179 180
175 181
181 182
174 183
183 184
184 185
185 186
184 187
187 188
188 189
187 190
183 191
191 192
192 193
191 194
101 195
195 196
196 197
197 198
197 199
197 200
195 201
201 202
202 203
201 204
204 205
205 206
204 207
195 208
208 209
209 210
195 211
211 212
212 213
213 214
214 215
214 216
214 217
212 218
218 219
219 220
218 221
221 222
222 223
221 224
212 225
225 226
226 227
212 228
228 229
229 230
230 231
231 232
231 233
231 234
234 235
234 236
236 237
234 238
238 239
234 240
240 241
228 242
242 243
243 244
244 245
245 246
244 247
243 248
248 249
249 250
248 251
242 252
252 253
253 254
254 255
255 256
256 257
255 258
258 259
259 260
258 261
254 262
262 263
263 264
262 265
253 266
242 267
267 268
268 269
269 270
268 271
267 272
272 273
273 274
274 275
275 276
276 277
275 278
278 279
279 280
278 281
274 282
282 283
283 284
282 285
273 286
