0 1
1 2
1 3
3 4
3 5
3 6
6 7
7 8
8 9
6 10
3 11
3 12
12 13
13 14
14 15
15 16
16 17
17 18
15 19
15 20
20 21
20 22
22 23
23 24
24 25
23 26
20 27
27 28
28 29
29 30
30 31
29 32
28 33
12 34
34 35
35 36
36 37
36 38
36 39
34 40
40 41
41 42
40 43
43 44
44 45
43 46
34 47
47 48
48 49
34 50
50 51
51 52
52 53
53 54
53 55
53 56
51 57
57 58
58 59
57 60
60 61
61 62
62 63
61 64
60 65
51 66
66 67
67 68
51 69
69 70
70 71
71 72
72 73
72 74
72 75
75 76
75 77
77 78
75 79
79 80
75 81
81 82
69 83
83 84
84 85
85 86
86 87
87 88
88 89
87 90
90 91
86 92
92 93
85 94
84 95
95 96
96 97
95 98
83 99
99 100
100 101
101 102
102 103
103 104
102 105
105 106
101 107
107 108
100 109
83 110
110 111
111 112
112 113
113 114
114 115
115 116
116 117
115 118
118 119
114 120
120 121
113 122
112 123
123 124
124 125
123 126
111 127
127 128
128 129
127 130
110 131
131 132
132 133
133 134
134 135
135 136
134 137
137 138
133 139
139 140
132 141
110 142
142 143
143 144
144 145
145 146
146 147
147 148
146 149
149 150
145 151
151 152
144 153
143 154
154 155
155 156
154 157
142 158
158 159
159 160
160 161
161 162
162 163
161 164
164 165
160 166
166 167
159 168
142 169
169 170
170 171
171 172
172 173
173 174
174 175
173 176
176 177
172 178
178 179
171 180
170 181
181 182
182 183
181 184
169 185
185 186
186 187
187 188
188 189
189 190
188 191
191 192
187 193
193 194
186 195
169 196
196 197
197 198
198 199
199 200
200 201
199 202
202 203
198 204
204 205
197 206
206 207
207 208
208 209
207 210
210 211
206 212
212 213
12 214
214 215
215 216
216 217
216 218
216 219
214 220
220 221
221 222
220 223
223 224
224 225
223 226
214 227
227 228
228 229
214 230
230 231
231 232
232 233
233 234
233 235
233 236
231 237
237 238
238 239
237 240
240 241
241 242
242 243
241 244
240 245
231 246
246 247
247 248
231 249
249 250
250 251
251 252
252 253
253 254
254 255
253 256
256 257
252 258
258 259
251 260
260 261
261 262
262 263
261 264
264 265
260 266
266 267
1 268
268 269
268 270
268 271
271 272
272 273
273 274
271 275
268 276
276 277
276 278
268 279
279 280
279 281
268 282
268 283
283 284
284 285
285 286
286 287
286 288
286 289
283 290
290 291
291 292
292 293
293 294
292 295
291 296
296 297
297 298
298 299
299 300
298 301
301 302
297 303
303 304
304 305
303 306
296 307
290 308
308 309
309 310
310 311
283 312
312 313
313 314
314 315
315 316
314 317
317 318
318 319
319 320
320 321
319 322
318 323
317 324
313 325
325 326
326 327
327 328
328 329
327 330
330 331
326 332
332 333
333 334
332 335
325 336
312 337
337 338
338 339
339 340
283 341
341 342
342 343
343 344
344 345
343 346
342 347
347 348
348 349
349 350
350 351
349 352
352 353
353 354
352 355
348 356
356 357
347 358
341 359
359 360
360 361
361 362
283 363
363 364
364 365
365 366
366 367
365 368
368 369
369 370
370 371
369 372
368 373
364 374
374 375
375 376
376 377
377 378
376 379
379 380
380 381
379 382
375 383
383 384
374 385
363 386
386 387
387 388
388 389
283 390
390 391
391 392
392 393
393 394
394 395
393 396
392 397
397 398
398 399
397 400
391 401
401 402
402 403
403 404
404 405
403 406
406 407
407 408
406 409
402 410
410 411
411 412
410 413
401 414
390 415
415 416
416 417
417 418
283 419
419 420
420 421
421 422
422 423
423 424
422 425
421 426
426 427
427 428
426 429
429 430
430 431
431 432
432 433
431 434
430 435
429 436
420 437
437 438
438 439
439 440
440 441
439 442
442 443
443 444
442 445
438 446
446 447
447 448
446 449
437 450
419 451
451 452
452 453
453 454
283 455
455 456
456 457
457 458
458 459
459 460
458 461
461 462
462 463
463 464
462 465
461 466
457 467
467 468
468 469
467 470
456 471
471 472
472 473
473 474
474 475
473 476
476 477
477 478
476 479
472 480
480 481
481 482
480 483
471 484
455 485
485 486
486 487
487 488
283 489
489 490
490 491
491 492
492 493
493 494
492 495
495 496
496 497
497 498
496 499
495 500
491 501
501 502
502 503
501 504
504 505
505 506
506 507
507 508
506 509
505 510
504 511
490 512
512 513
513 514
514 515
515 516
514 517
517 518
518 519
517 520
513 521
521 522
522 523
521 524
512 525
489 526
526 527
527 528
528 529
283 530
530 531
531 532
