0 1
1 2
1 3
3 4
3 5
3 6
6 7
7 8
8 9
6 10
3 11
3 12
12 13
13 14
14 15
15 16
16 17
17 18
16 19
15 20
20 21
21 22
22 23
21 24
20 25
14 26
26 27
27 28
28 29
29 30
28 31
27 32
26 33
13 34
12 35
35 36
36 37
37 38
37 39
37 40
40 41
41 42
40 43
12 44
44 45
45 46
46 47
46 48
46 49
49 50
50 51
51 52
50 53
49 54
12 55
55 56
56 57
57 58
58 59
59 60
57 61
57 62
62 63
63 64
63 65
62 66
66 67
67 68
66 69
62 70
70 71
70 72
62 73
73 74
73 75
75 76
62 77
77 78
77 79
62 80
80 81
81 82
80 83
83 84
62 85
85 86
85 87
87 88
62 89
89 90
90 91
89 92
12 93
93 94
94 95
95 96
95 97
95 98
93 99
99 100
100 101
99 102
102 103
93 104
104 105
105 106
93 107
107 108
108 109
109 110
110 111
110 112
110 113
108 114
114 115
115 116
114 117
117 118
108 119
119 120
120 121
108 122
122 123
123 124
124 125
125 126
125 127
125 128
128 129
128 130
130 131
128 132
132 133
128 134
134 135
128 136
136 137
122 138
138 139
139 140
140 141
141 142
142 143
141 144
144 145
140 146
146 147
139 148
138 149
149 150
150 151
151 152
152 153
153 154
152 155
151 156
156 157
157 158
156 159
150 160
160 161
161 162
162 163
163 164
164 165
163 166
166 167
162 168
168 169
161 170
170 171
138 172
172 173
173 174
174 175
175 176
174 177
173 178
178 179
179 180
180 181
181 182
182 183
181 184
184 185
180 186
186 187
179 188
188 189
12 190
190 191
191 192
192 193
192 194
192 195
190 196
196 197
197 198
196 199
199 200
190 201
201 202
202 203
190 204
204 205
205 206
206 207
207 208
207 209
207 210
205 211
211 212
212 213
211 214
214 215
205 216
216 217
217 218
205 219
219 220
220 221
221 222
222 223
223 224
224 225
223 226
226 227
222 228
228 229
221 230
230 231
220 232
232 233
233 234
234 235
235 236
236 237
235 238
238 239
234 240
240 241
233 242
220 243
243 244
244 245
245 246
246 247
247 248
246 249
249 250
245 251
251 252
244 253
253 254
243 255
255 256
256 257
257 258
258 259
259 260
258 261
261 262
257 263
263 264
256 265
1 266
266 267
266 268
266 269
266 270
270 271
271 272
272 273
270 274
266 275
275 276
275 277
266 278
278 279
278 280
266 281
281 282
282 283
283 284
281 285
266 286
266 287
287 288
288 289
289 290
290 291
290 292
290 293
287 294
294 295
295 296
296 297
297 298
296 299
294 300
300 301
294 302
302 303
303 304
304 305
305 306
305 307
305 308
308 309
309 310
308 311
311 312
312 313
311 314
302 315
315 316
316 317
317 318
317 319
317 320
320 321
321 322
320 323
323 324
324 325
323 326
302 327
327 328
328 329
329 330
330 331
331 332
332 333
331 334
330 335
335 336
336 337
335 338
338 339
339 340
338 341
329 342
342 343
343 344
342 345
328 346
346 347
347 348
346 349
349 350
350 351
351 352
350 353
349 354
327 355
355 356
356 357
357 358
358 359
359 360
360 361
361 362
360 363
363 364
359 365
365 366
358 367
357 368
368 369
369 370
370 371
371 372
370 373
373 374
369 375
375 376
368 377
377 378
356 379
379 380
380 381
381 382
287 383
383 384
384 385
