0 1
1 2
1 3
3 4
3 5
3 6
6 7
7 8
8 9
6 10
3 11
3 12
12 13
13 14
14 15
15 16
15 17
15 18
18 19
19 20
18 21
12 22
22 23
23 24
24 25
24 26
24 27
27 28
28 29
29 30
28 31
27 32
12 33
33 34
34 35
35 36
36 37
37 38
35 39
35 40
40 41
40 42
42 43
43 44
40 45
45 46
46 47
12 48
48 49
49 50
50 51
50 52
50 53
48 54
54 55
55 56
54 57
57 58
48 59
59 60
60 61
48 62
62 63
63 64
64 65
65 66
65 67
65 68
63 69
69 70
70 71
69 72
72 73
63 74
74 75
75 76
63 77
77 78
78 79
79 80
80 81
81 82
82 83
81 84
84 85
80 86
86 87
79 88
88 89
89 90
90 91
89 92
92 93
88 94
94 95
12 96
96 97
97 98
98 99
98 100
98 101
96 102
102 103
103 104
102 105
105 106
96 107
107 108
108 109
96 110
110 111
111 112
112 113
113 114
113 115
113 116
111 117
117 118
118 119
117 120
120 121
111 122
122 123
123 124
111 125
125 126
126 127
127 128
128 129
128 130
128 131
131 132
131 133
133 134
131 135
135 136
131 137
137 138
125 139
139 140
140 141
141 142
142 143
143 144
142 145
145 146
141 147
147 148
140 149
139 150
150 151
151 152
152 153
153 154
152 155
151 156
156 157
157 158
158 159
159 160
160 161
161 162
160 163
163 164
159 165
165 166
158 167
139 168
168 169
169 170
170 171
171 172
172 173
171 174
170 175
175 176
176 177
175 178
169 179
179 180
180 181
181 182
182 183
183 184
184 185
183 186
186 187
182 188
188 189
181 190
169 191
191 192
192 193
193 194
194 195
195 196
196 197
195 198
198 199
194 200
200 201
193 202
1 203
203 204
203 205
203 206
206 207
207 208
208 209
206 210
203 211
211 212
211 213
203 214
214 215
214 216
203 217
203 218
218 219
219 220
220 221
221 222
221 223
221 224
224 225
225 226
224 227
218 228
228 229
229 230
230 231
230 232
230 233
233 234
234 235
235 236
234 237
233 238
218 239
239 240
240 241
241 242
241 243
241 244
244 245
245 246
246 247
247 248
246 249
245 250
250 251
244 252
244 253
218 254
254 255
255 256
256 257
256 258
256 259
259 260
260 261
261 262
262 263
261 264
260 265
259 266
259 267
218 268
268 269
269 270
270 271
270 272
270 273
273 274
274 275
275 276
276 277
275 278
274 279
279 280
273 281
273 282
218 283
283 284
284 285
285 286
285 287
285 288
288 289
289 290
290 291
291 292
290 293
289 294
288 295
288 296
218 297
297 298
298 299
299 300
299 301
299 302
218 303
303 304
304 305
303 306
306 307
307 308
308 309
309 310
308 311
311 312
312 313
313 314
312 315
315 316
311 317
317 318
318 319
317 320
218 321
321 322
322 323
321 324
324 325
325 326
326 327
327 328
326 329
329 330
330 331
331 332
330 333
333 334
329 335
335 336
336 337
335 338
218 339
339 340
340 341
339 342
342 343
343 344
344 345
345 346
344 347
347 348
348 349
349 350
348 351
351 352
352 353
351 354
347 355
355 356
218 357
357 358
358 359
357 360
360 361
361 362
362 363
363 364
362 365
365 366
366 367
367 368
366 369
369 370
370 371
369 372
365 373
373 374
218 375
375 376
376 377
377 378
376 379
379 380
375 381
381 382
382 383
383 384
384 385
383 386
386 387
387 388
388 389
387 390
390 391
391 392
390 393
386 394
394 395
395 396
394 397
218 398
398 399
399 400
400 401
399 402
402 403
398 404
404 405
405 406
406 407
407 408
406 409
409 410
410 411
411 412
410 413
413 414
414 415
413 416
409 417
417 418
418 419
417 420
218 421
421 422
422 423
423 424
422 425
425 426
421 427
427 428
428 429
429 430
430 431
429 432
432 433
433 434
434 435
433 436
436 437
437 438
436 439
432 440
440 441
441 442
440 443
218 444
444 445
445 446
446 447
445 448
448 449
444 450
450 451
451 452
452 453
453 454
452 455
455 456
456 457
457 458
456 459
459 460
460 461
459 462
455 463
463 464
464 465
463 466
218 467
467 468
468 469
