0 1
1 2
1 3
3 4
3 5
3 6
6 7
7 8
6 9
3 10
10 11
11 12
10 13
3 14
3 15
15 16
16 17
17 18
18 19
19 20
18 21
18 22
22 23
22 24
24 25
25 26
26 27
27 28
26 29
25 30
30 31
31 32
30 33
15 34
34 35
35 36
36 37
36 38
36 39
15 40
40 41
41 42
42 43
42 44
42 45
15 46
46 47
47 48
48 49
48 50
48 51
15 52
52 53
53 54
54 55
55 56
54 57
57 58
58 59
57 60
53 61
61 62
62 63
61 64
64 65
65 66
64 67
52 68
68 69
69 70
70 71
71 72
72 73
71 74
74 75
75 76
74 77
70 78
78 79
79 80
78 81
81 82
82 83
81 84
69 85
85 86
86 87
87 88
88 89
89 90
88 91
91 92
87 93
93 94
94 95
93 96
96 97
86 98
98 99
99 100
100 101
101 102
102 103
101 104
104 105
105 106
100 107
107 108
108 109
107 110
110 111
111 112
86 113
113 114
114 115
115 116
116 117
117 118
116 119
119 120
120 121
115 122
122 123
123 124
122 125
125 126
126 127
69 128
128 129
129 130
130 131
129 132
132 133
133 134
132 135
128 136
136 137
137 138
138 139
139 140
138 141
141 142
142 143
141 144
137 145
145 146
146 147
147 148
148 149
149 150
148 151
151 152
152 153
147 154
154 155
155 156
154 157
157 158
158 159
128 160
160 161
161 162
162 163
163 164
162 165
165 166
166 167
165 168
161 169
169 170
170 171
171 172
172 173
173 174
172 175
175 176
176 177
171 178
178 179
179 180
178 181
181 182
182 183
15 184
184 185
185 186
186 187
186 188
186 189
15 190
190 191
191 192
192 193
193 194
194 195
193 196
192 197
191 198
190 199
199 200
200 201
201 202
202 203
201 204
204 205
205 206
206 207
207 208
208 209
207 210
210 211
211 212
212 213
213 214
212 215
211 216
210 217
206 218
218 219
219 220
218 221
221 222
222 223
223 224
222 225
221 226
204 227
190 228
228 229
229 230
230 231
231 232
230 233
233 234
234 235
233 236
236 237
237 238
238 239
237 240
236 241
15 242
242 243
243 244
