0 1
1 2
1 3
3 4
4 5
5 6
5 7
7 8
4 9
4 10
10 11
11 12
10 13
13 14
14 15
13 16
1 17
17 18
18 19
19 20
19 21
21 22
18 23
18 24
24 25
25 26
1 27
27 28
27 29
27 30
30 31
31 32
30 33
27 34
34 35
35 36
34 37
27 38
27 39
39 40
40 41
41 42
42 43
42 44
42 45
40 46
46 47
47 48
46 49
49 50
50 51
49 52
40 53
53 54
54 55
40 56
56 57
57 58
57 59
59 60
60 61
59 62
62 63
39 64
64 65
65 66
66 67
66 68
66 69
64 70
70 71
71 72
70 73
73 74
74 75
73 76
64 77
77 78
78 79
64 80
80 81
81 82
81 83
83 84
84 85
83 86
86 87
39 88
88 89
89 90
39 91
1 92
92 93
92 94
92 95
95 96
95 97
92 98
92 99
99 100
100 101
101 102
102 103
101 104
101 105
105 106
99 107
107 108
108 109
109 110
110 111
111 112
110 113
108 114
114 115
115 116
116 117
115 118
114 119
119 120
120 121
119 122
107 123
123 124
124 125
125 126
124 127
124 128
128 129
129 130
128 131
99 132
132 133
133 134
134 135
135 136
136 137
135 138
134 139
139 140
140 141
139 142
133 143
132 144
144 145
145 146
146 147
145 148
145 149
149 150
150 151
149 152
132 153
153 154
154 155
155 156
156 157
157 158
156 159
155 160
160 161
161 162
160 163
154 164
153 165
165 166
166 167
167 168
166 169
166 170
170 171
171 172
170 173
1 174
174 175
174 176
174 177
174 178
178 179
179 180
180 181
181 182
182 183
181 184
180 185
185 186
186 187
185 188
179 189
189 190
190 191
190 192
192 193
193 194
192 195
179 196
196 197
197 198
198 199
199 200
198 201
197 202
202 203
203 204
202 205
196 206
206 207
207 208
207 209
209 210
210 211
209 212
196 213
213 214
214 215
215 216
216 217
217 218
217 219
219 220
220 221
219 222
216 223
223 224
223 225
225 226
226 227
225 228
214 229
