0 1
1 2
1 3
3 4
3 5
3 6
6 7
7 8
6 9
3 10
10 11
11 12
10 13
3 14
3 15
15 16
16 17
17 18
18 19
18 20
18 21
15 22
22 23
23 24
24 25
24 26
24 27
15 28
28 29
29 30
30 31
30 32
30 33
15 34
34 35
35 36
36 37
36 38
36 39
39 40
40 41
39 42
15 43
43 44
44 45
45 46
45 47
45 48
48 49
49 50
48 51
15 52
52 53
53 54
54 55
55 56
54 57
54 58
58 59
58 60
60 61
61 62
62 63
61 64
64 65
15 66
66 67
67 68
68 69
69 70
68 71
71 72
67 73
73 74
74 75
73 76
76 77
66 78
78 79
79 80
80 81
81 82
82 83
81 84
84 85
80 86
86 87
87 88
86 89
89 90
79 91
91 92
92 93
93 94
94 95
95 96
94 97
97 98
93 99
99 100
100 101
99 102
102 103
91 104
104 105
105 106
106 107
91 108
108 109
109 110
110 111
79 112
112 113
113 114
114 115
115 116
116 117
115 118
118 119
114 120
120 121
121 122
120 123
123 124
112 125
125 126
126 127
127 128
112 129
129 130
130 131
131 132
15 133
133 134
134 135
135 136
134 137
137 138
133 139
139 140
140 141
141 142
142 143
143 144
142 145
145 146
141 147
147 148
148 149
147 150
150 151
139 152
152 153
153 154
154 155
139 156
156 157
157 158
158 159
15 160
160 161
161 162
162 163
161 164
164 165
160 166
166 167
167 168
168 169
169 170
170 171
169 172
172 173
168 174
174 175
175 176
174 177
177 178
166 179
179 180
180 181
181 182
166 183
183 184
184 185
185 186
15 187
187 188
188 189
189 190
189 191
189 192
192 193
193 194
192 195
195 196
15 197
197 198
198 199
199 200
200 201
199 202
198 203
197 204
204 205
205 206
206 207
207 208
206 209
209 210
210 211
209 212
15 213
213 214
214 215
215 216
216 217
217 218
218 219
217 220
220 221
221 222
220 223
216 224
224 225
225 226
224 227
227 228
228 229
229 230
230 231
229 232
228 233
214 234
15 235
