0 1
1 2
1 3
3 4
3 5
3 6
6 7
7 8
6 9
3 10
10 11
11 12
10 13
3 14
3 15
15 16
16 17
17 18
18 19
18 20
18 21
15 22
22 23
23 24
24 25
24 26
24 27
15 28
28 29
29 30
30 31
30 32
30 33
15 34
34 35
35 36
36 37
36 38
36 39
39 40
40 41
39 42
15 43
43 44
44 45
45 46
45 47
45 48
48 49
49 50
48 51
15 52
52 53
53 54
54 55
54 56
54 57
57 58
58 59
57 60
60 61
15 62
62 63
63 64
64 65
64 66
64 67
67 68
67 69
69 70
15 71
71 72
72 73
73 74
73 75
73 76
76 77
77 78
78 79
79 80
80 81
79 82
82 83
77 84
76 85
15 86
86 87
87 88
88 89
89 90
88 91
88 92
92 93
92 94
94 95
95 96
15 97
97 98
98 99
99 100
100 101
101 102
100 103
103 104
99 105
105 106
106 107
105 108
108 109
98 110
110 111
111 112
110 113
113 114
97 115
115 116
116 117
117 118
118 119
119 120
118 121
121 122
117 123
123 124
124 125
123 126
126 127
116 128
128 129
129 130
130 131
131 132
132 133
131 134
134 135
130 136
136 137
137 138
136 139
139 140
128 141
141 142
142 143
143 144
116 145
145 146
146 147
147 148
148 149
149 150
148 151
151 152
147 153
153 154
154 155
153 156
156 157
145 158
158 159
159 160
160 161
115 162
162 163
163 164
164 165
15 166
166 167
167 168
168 169
169 170
168 171
171 172
167 173
173 174
174 175
173 176
176 177
166 178
178 179
179 180
180 181
181 182
182 183
181 184
184 185
180 186
186 187
187 188
186 189
189 190
178 191
191 192
192 193
193 194
178 195
195 196
196 197
197 198
15 199
199 200
200 201
201 202
202 203
201 204
204 205
200 206
206 207
207 208
206 209
209 210
199 211
211 212
212 213
213 214
214 215
215 216
214 217
217 218
213 219
219 220
220 221
219 222
222 223
211 224
224 225
225 226
226 227
211 228
228 229
229 230
230 231
15 232
232 233
233 234
232 235
235 236
236 237
237 238
238 239
238 240
238 241
241 242
242 243
243 244
242 245
245 246
246 247
245 248
241 249
249 250
250 251
249 252
252 253
253 254
252 255
235 256
256 257
257 258
258 259
257 260
260 261
261 262
260 263
235 264
264 265
265 266
232 267
267 268
268 269
269 270
270 271
269 272
272 273
273 274
272 275
1 276
276 277
276 278
276 279
279 280
279 281
276 282
276 283
283 284
284 285
285 286
286 287
287 288
286 289
285 290
