0 1
1 2
1 3
3 4
3 5
3 6
6 7
7 8
6 9
3 10
10 11
11 12
10 13
3 14
3 15
15 16
16 17
17 18
18 19
18 20
18 21
21 22
22 23
23 24
24 25
25 26
26 27
25 28
24 29
29 30
30 31
29 32
22 33
21 34
15 35
35 36
36 37
37 38
37 39
37 40
40 41
41 42
42 43
43 44
44 45
43 46
42 47
47 48
48 49
47 50
40 51
15 52
52 53
53 54
52 55
55 56
56 57
57 58
15 59
59 60
60 61
61 62
62 63
61 64
60 65
59 66
66 67
67 68
68 69
69 70
68 71
71 72
72 73
73 74
74 75
74 76
76 77
77 78
76 79
79 80
73 81
81 82
81 83
83 84
84 85
83 86
86 87
87 88
86 89
71 90
68 91
91 92
92 93
91 94
94 95
59 96
96 97
97 98
98 99
99 100
98 101
97 102
96 103
103 104
104 105
105 106
106 107
105 108
108 109
109 110
110 111
111 112
111 113
113 114
114 115
113 116
116 117
110 118
118 119
118 120
120 121
121 122
120 123
123 124
124 125
123 126
108 127
105 128
128 129
129 130
128 131
131 132
15 133
133 134
134 135
135 136
135 137
135 138
15 139
139 140
140 141
141 142
141 143
141 144
15 145
145 146
146 147
147 148
147 149
147 150
15 151
151 152
152 153
153 154
153 155
153 156
15 157
157 158
158 159
159 160
159 161
159 162
162 163
15 164
164 165
165 166
166 167
167 168
168 169
167 170
170 171
166 172
172 173
173 174
172 175
175 176
176 177
175 178
165 179
179 180
180 181
179 182
182 183
183 184
182 185
164 186
186 187
187 188
188 189
189 190
190 191
189 192
192 193
188 194
194 195
195 196
194 197
197 198
187 199
199 200
200 201
201 202
202 203
201 204
204 205
200 206
206 207
207 208
208 209
207 210
210 211
211 212
210 213
213 214
200 215
215 216
216 217
217 218
216 219
219 220
220 221
219 222
222 223
199 224
224 225
225 226
226 227
187 228
228 229
229 230
230 231
231 232
230 233
233 234
229 235
235 236
236 237
237 238
236 239
239 240
240 241
239 242
242 243
229 244
244 245
245 246
246 247
245 248
248 249
249 250
248 251
251 252
228 253
253 254
254 255
255 256
186 257
257 258
258 259
259 260
15 261
261 262
262 263
263 264
264 265
263 266
266 267
262 268
268 269
269 270
268 271
271 272
272 273
271 274
261 275
275 276
276 277
277 278
278 279
277 280
280 281
276 282
282 283
283 284
284 285
283 286
286 287
287 288
286 289
289 290
276 291
291 292
292 293
293 294
292 295
295 296
296 297
295 298
298 299
275 300
300 301
301 302
302 303
275 304
304 305
305 306
306 307
15 308
308 309
309 310
310 311
311 312
310 313
313 314
309 315
315 316
316 317
315 318
318 319
319 320
318 321
308 322
322 323
323 324
324 325
325 326
324 327
327 328
323 329
329 330
330 331
331 332
330 333
333 334
334 335
333 336
336 337
323 338
338 339
339 340
340 341
339 342
342 343
343 344
342 345
345 346
322 347
347 348
348 349
349 350
322 351
351 352
352 353
353 354
15 355
355 356
356 357
357 358
356 359
359 360
360 361
361 362
361 363
363 364
364 365
365 366
364 367
367 368
359 369
356 370
370 371
370 372
372 373
