0 1
1 2
1 3
3 4
3 5
3 6
6 7
7 8
6 9
3 10
10 11
11 12
10 13
3 14
3 15
15 16
16 17
17 18
18 19
18 20
18 21
21 22
22 23
21 24
15 25
25 26
26 27
27 28
27 29
27 30
30 31
31 32
30 33
15 34
34 35
35 36
36 37
36 38
36 39
15 40
40 41
41 42
42 43
42 44
42 45
15 46
46 47
47 48
48 49
48 50
48 51
15 52
52 53
53 54
54 55
54 56
54 57
15 58
58 59
59 60
60 61
60 62
60 63
15 64
64 65
65 66
66 67
66 68
66 69
69 70
70 71
69 72
72 73
15 74
74 75
75 76
76 77
76 78
76 79
74 80
80 81
81 82
80 83
83 84
84 85
83 86
86 87
74 88
88 89
89 90
74 91
91 92
92 93
93 94
94 95
94 96
94 97
91 98
98 99
99 100
100 101
101 102
100 103
103 104
99 105
105 106
106 107
105 108
108 109
98 110
110 111
111 112
112 113
113 114
114 115
113 116
116 117
112 118
118 119
119 120
118 121
121 122
111 123
123 124
124 125
125 126
126 127
125 128
128 129
129 130
128 131
131 132
123 133
133 134
134 135
135 136
111 137
137 138
138 139
139 140
140 141
139 142
142 143
143 144
142 145
145 146
137 147
147 148
148 149
149 150
98 151
151 152
152 153
153 154
154 155
153 156
156 157
152 158
158 159
159 160
160 161
161 162
160 163
163 164
164 165
163 166
166 167
158 168
168 169
169 170
170 171
152 172
172 173
173 174
174 175
175 176
174 177
177 178
178 179
177 180
180 181
172 182
182 183
183 184
184 185
91 186
186 187
187 188
188 189
187 190
190 191
191 192
190 193
186 194
194 195
195 196
196 197
197 198
196 199
199 200
91 201
201 202
202 203
203 204
202 205
205 206
206 207
207 208
208 209
207 210
205 211
201 212
212 213
213 214
214 215
215 216
214 217
217 218
15 219
219 220
220 221
221 222
222 223
223 224
221 225
220 226
219 227
227 228
228 229
229 230
230 231
229 232
232 233
233 234
234 235
235 236
234 237
237 238
232 239
219 240
240 241
241 242
242 243
243 244
242 245
245 246
15 247
247 248
248 249
