0 1
1 2
1 3
3 4
3 5
3 6
6 7
7 8
6 9
3 10
10 11
11 12
10 13
3 14
3 15
15 16
16 17
17 18
18 19
18 20
18 21
17 22
22 23
22 24
22 25
17 26
26 27
26 28
26 29
15 30
30 31
31 32
32 33
33 34
32 35
32 36
36 37
36 38
38 39
39 40
40 41
41 42
40 43
39 44
44 45
45 46
44 47
15 48
48 49
49 50
50 51
51 52
50 53
53 54
54 55
53 56
49 57
57 58
58 59
57 60
60 61
61 62
60 63
48 64
64 65
65 66
66 67
67 68
68 69
67 70
70 71
66 72
72 73
73 74
72 75
75 76
65 77
77 78
78 79
79 80
80 81
81 82
80 83
83 84
84 85
79 86
86 87
87 88
86 89
89 90
90 91
65 92
92 93
93 94
94 95
95 96
96 97
95 98
98 99
99 100
94 101
101 102
102 103
101 104
104 105
105 106
15 107
107 108
108 109
109 110
108 111
111 112
112 113
111 114
107 115
115 116
116 117
117 118
118 119
119 120
118 121
121 122
122 123
117 124
124 125
125 126
124 127
127 128
128 129
15 130
130 131
131 132
132 133
131 134
134 135
135 136
134 137
130 138
138 139
139 140
140 141
141 142
142 143
141 144
144 145
145 146
140 147
147 148
148 149
147 150
150 151
151 152
15 153
153 154
154 155
155 156
155 157
155 158
158 159
159 160
158 161
15 162
162 163
163 164
164 165
165 166
164 167
163 168
162 169
169 170
170 171
171 172
172 173
171 174
174 175
175 176
174 177
162 178
178 179
179 180
180 181
181 182
181 183
181 184
184 185
185 186
184 187
178 188
188 189
189 190
190 191
190 192
190 193
193 194
194 195
193 196
178 197
197 198
198 199
199 200
200 201
201 202
202 203
201 204
204 205
200 206
206 207
207 208
206 209
209 210
198 211
