0 1
1 2
1 3
3 4
3 5
3 6
6 7
7 8
6 9
3 10
10 11
11 12
10 13
3 14
3 15
15 16
16 17
17 18
18 19
18 20
18 21
21 22
22 23
21 24
15 25
25 26
26 27
27 28
27 29
27 30
30 31
31 32
30 33
15 34
34 35
35 36
36 37
35 38
38 39
34 40
40 41
41 42
42 43
42 44
44 45
42 46
46 47
15 48
48 49
49 50
50 51
50 52
50 53
53 54
54 55
55 56
56 57
57 58
56 59
59 60
54 61
53 62
15 63
63 64
64 65
65 66
65 67
65 68
15 69
69 70
70 71
71 72
71 73
71 74
74 75
15 76
76 77
77 78
78 79
77 80
80 81
76 82
82 83
83 84
84 85
85 86
85 87
85 88
88 89
89 90
88 91
91 92
92 93
93 94
94 95
93 96
96 97
91 98
82 99
99 100
100 101
101 102
101 103
101 104
104 105
105 106
106 107
107 108
108 109
109 110
108 111
111 112
107 113
105 114
104 115
115 116
82 117
117 118
118 119
119 120
119 121
119 122
122 123
123 124
124 125
123 126
122 127
127 128
128 129
127 130
122 131
131 132
132 133
131 134
134 135
135 136
134 137
82 138
138 139
139 140
140 141
140 142
140 143
143 144
144 145
145 146
144 147
143 148
148 149
149 150
148 151
143 152
152 153
153 154
152 155
155 156
156 157
155 158
82 159
159 160
160 161
161 162
161 163
161 164
164 165
165 166
166 167
165 168
168 169
164 170
170 171
171 172
170 173
164 174
174 175
175 176
174 177
177 178
82 179
179 180
180 181
181 182
181 183
181 184
184 185
185 186
186 187
185 188
188 189
184 190
190 191
191 192
190 193
184 194
194 195
195 196
194 197
197 198
82 199
199 200
200 201
201 202
202 203
201 204
204 205
200 206
206 207
207 208
206 209
209 210
199 211
211 212
212 213
213 214
212 215
215 216
216 217
217 218
218 219
218 220
220 221
221 222
222 223
223 224
222 225
222 226
226 227
222 228
228 229
221 230
230 231
231 232
230 233
230 234
234 235
230 236
236 237
217 238
212 239
239 240
240 241
241 242
242 243
241 244
241 245
245 246
241 247
247 248
82 249
249 250
250 251
251 252
250 253
253 254
249 255
255 256
256 257
257 258
258 259
257 260
260 261
261 262
260 263
249 264
264 265
265 266
266 267
267 268
266 269
269 270
270 271
269 272
15 273
273 274
274 275
