0 1
1 2
1 3
3 4
3 5
3 6
6 7
7 8
6 9
3 10
10 11
11 12
10 13
3 14
3 15
15 16
16 17
17 18
18 19
18 20
18 21
15 22
22 23
23 24
24 25
24 26
24 27
15 28
28 29
29 30
30 31
31 32
30 33
30 34
34 35
34 36
36 37
37 38
38 39
39 40
38 41
37 42
42 43
43 44
42 45
15 46
46 47
47 48
48 49
47 50
47 51
51 52
47 53
47 54
54 55
47 56
47 57
57 58
58 59
57 60
15 61
61 62
62 63
63 64
62 65
62 66
66 67
62 68
62 69
69 70
62 71
71 72
72 73
71 74
62 75
75 76
76 77
75 78
15 79
79 80
80 81
81 82
80 83
80 84
84 85
15 86
86 87
87 88
88 89
88 90
88 91
91 92
92 93
91 94
15 95
95 96
96 97
97 98
98 99
97 100
96 101
95 102
102 103
103 104
104 105
105 106
105 107
105 108
108 109
109 110
110 111
109 112
108 113
102 114
114 115
115 116
116 117
115 118
118 119
119 120
118 121
121 122
121 123
123 124
95 125
125 126
126 127
127 128
128 129
127 130
126 131
125 132
132 133
133 134
134 135
135 136
135 137
135 138
138 139
139 140
138 141
132 142
142 143
143 144
144 145
143 146
146 147
147 148
148 149
147 150
150 151
151 152
150 153
146 154
154 155
155 156
154 157
157 158
132 159
159 160
160 161
161 162
160 163
163 164
164 165
163 166
15 167
167 168
168 169
