0 1
1 2
1 3
3 4
3 5
3 6
6 7
7 8
6 9
3 10
10 11
11 12
10 13
3 14
3 15
15 16
16 17
17 18
18 19
18 20
18 21
21 22
22 23
21 24
15 25
25 26
26 27
27 28
27 29
27 30
30 31
31 32
30 33
15 34
34 35
35 36
36 37
36 38
36 39
39 40
40 41
39 42
42 43
15 44
44 45
45 46
46 47
47 48
46 49
46 50
50 51
50 52
52 53
53 54
15 55
55 56
56 57
57 58
56 59
56 60
60 61
56 62
56 63
63 64
56 65
56 66
66 67
15 68
68 69
69 70
70 71
69 72
69 73
73 74
69 75
69 76
76 77
69 78
78 79
69 80
80 81
15 82
82 83
83 84
84 85
83 86
83 87
87 88
15 89
89 90
90 91
91 92
92 93
91 94
90 95
89 96
96 97
97 98
98 99
99 100
99 101
99 102
102 103
103 104
102 105
96 106
106 107
107 108
108 109
108 110
108 111
111 112
112 113
113 114
114 115
113 116
111 117
96 118
118 119
119 120
120 121
120 122
120 123
123 124
124 125
124 126
126 127
127 128
128 129
129 130
130 131
129 132
132 133
133 134
132 135
127 136
136 137
137 138
138 139
137 140
140 141
141 142
140 143
123 144
96 145
145 146
146 147
15 148
148 149
149 150
150 151
150 152
150 153
153 154
154 155
155 156
156 157
155 158
153 159
15 160
160 161
161 162
162 163
162 164
162 165
165 166
166 167
165 168
168 169
169 170
168 171
15 172
172 173
173 174
