0 1
1 2
1 3
3 4
3 5
5 6
6 7
5 8
1 9
9 10
9 11
11 12
12 13
11 14
1 15
15 16
15 17
17 18
18 19
18 20
20 21
18 22
22 23
22 24
24 25
17 26
1 27
27 28
27 29
29 30
30 31
29 32
1 33
33 34
33 35
35 36
35 37
1 38
38 39
38 40
38 41
41 42
41 43
38 44
44 45
45 46
46 47
44 48
38 49
38 50
50 51
51 52
52 53
53 54
52 55
55 56
55 57
57 58
58 59
50 60
60 61
61 62
62 63
61 64
64 65
64 66
66 67
67 68
50 69
69 70
70 71
71 72
70 73
73 74
73 75
75 76
76 77
50 78
78 79
79 80
80 81
79 82
82 83
83 84
83 85
85 86
83 87
87 88
87 89
89 90
50 91
91 92
92 93
93 94
92 95
95 96
50 97
97 98
98 99
99 100
99 101
99 102
97 103
103 104
104 105
103 106
106 107
97 108
108 109
109 110
97 111
111 112
112 113
113 114
114 115
113 116
113 117
117 118
113 119
119 120
120 121
120 122
122 123
50 124
124 125
125 126
126 127
127 128
126 129
124 130
130 131
124 132
132 133
133 134
134 135
135 136
136 137
135 138
135 139
139 140
140 141
139 142
134 143
134 144
144 145
145 146
144 147
132 148
148 149
149 150
150 151
151 152
150 153
153 154
154 155
153 156
50 157
157 158
158 159
158 160
1 161
161 162
161 163
161 164
164 165
164 166
161 167
161 168
168 169
169 170
170 171
171 172
171 173
171 174
168 175
175 176
176 177
175 178
178 179
178 180
180 181
181 182
182 183
181 184
184 185
178 186
175 187
187 188
187 189
189 190
190 191
191 192
190 193
193 194
187 195
168 196
196 197
197 198
1 199
199 200
199 201
199 202
199 203
203 204
204 205
205 206
206 207
206 208
206 209
204 210
210 211
211 212
210 213
213 214
204 215
215 216
216 217
204 218
218 219
219 220
220 221
220 222
222 223
219 224
224 225
225 226
203 227
227 228
1 229
229 230
229 231
229 232
229 233
233 234
234 235
235 236
236 237
237 238
237 239
239 240
236 241
236 242
242 243
243 244
243 245
245 246
233 247
247 248
248 249
249 250
249 251
249 252
233 253
253 254
254 255
255 256
255 257
255 258
253 259
259 260
260 261
259 262
262 263
253 264
264 265
265 266
253 267
267 268
268 269
269 270
270 271
271 272
270 273
273 274
269 275
268 276
276 277
277 278
278 279
279 280
278 281
278 282
282 283
233 284
284 285
285 286
286 287
287 288
286 289
284 290
290 291
291 292
292 293
293 294
293 295
293 296
296 297
297 298
296 299
290 300
300 301
301 302
302 303
290 304
304 305
305 306
306 307
306 308
304 309
309 310
310 311
309 312
309 313
313 314
304 315
315 316
316 317
317 318
318 319
319 320
318 321
321 322
315 323
323 324
324 325
325 326
326 327
325 328
328 329
324 330
323 331
331 332
332 333
333 334
334 335
333 336
333 337
337 338
233 339
339 340
340 341
341 342
340 343
343 344
1 345
345 346
345 347
345 348
348 349
348 350
345 351
345 352
352 353
353 354
354 355
355 356
354 357
357 358
353 359
359 360
352 361
361 362
362 363
363 364
362 365
365 366
361 367
367 368
352 369
369 370
370 371
371 372
372 373
371 374
374 375
370 376
352 377
377 378
378 379
379 380
380 381
379 382
382 383
378 384
352 385
385 386
386 387
387 388
387 389
385 390
390 391
391 392
390 393
390 394
394 395
385 396
396 397
397 398
398 399
398 400
400 401
397 402
402 403
403 404
352 405
405 406
406 407
407 408
408 409
407 410
410 411
406 412
352 413
413 414
