0 1
1 2
1 3
3 4
3 5
3 6
6 7
6 8
3 9
9 10
10 11
11 12
9 13
3 14
3 15
15 16
16 17
17 18
18 19
19 20
19 21
21 22
19 23
23 24
23 25
25 26
18 27
18 28
28 29
29 30
15 31
31 32
32 33
33 34
34 35
33 36
31 37
37 38
31 39
39 40
40 41
41 42
42 43
41 44
41 45
45 46
46 47
45 48
41 49
49 50
50 51
49 52
49 53
53 54
54 55
53 56
49 57
57 58
58 59
39 60
60 61
61 62
62 63
63 64
62 65
62 66
66 67
67 68
66 69
61 70
61 71
71 72
72 73
71 74
15 75
75 76
76 77
77 78
78 79
77 80
77 81
81 82
81 83
83 84
84 85
15 86
86 87
87 88
88 89
89 90
88 91
88 92
92 93
92 94
94 95
95 96
15 97
97 98
98 99
99 100
99 101
99 102
97 103
103 104
104 105
103 106
106 107
97 108
108 109
109 110
97 111
111 112
112 113
113 114
114 115
115 116
114 117
117 118
112 119
119 120
120 121
121 122
121 123
123 124
121 125
125 126
121 127
127 128
121 129
129 130
120 131
131 132
15 133
133 134
1 135
135 136
135 137
135 138
138 139
138 140
135 141
141 142
142 143
142 144
144 145
142 146
146 147
146 148
148 149
141 150
135 151
151 152
152 153
151 154
135 155
155 156
156 157
155 158
135 159
135 160
160 161
161 162
162 163
163 164
164 165
163 166
166 167
162 168
160 169
169 170
170 171
171 172
172 173
171 174
174 175
170 176
160 177
177 178
178 179
179 180
178 181
178 182
182 183
177 184
184 185
185 186
186 187
187 188
188 189
187 190
185 191
191 192
192 193
191 194
191 195
195 196
185 197
197 198
198 199
199 200
200 201
201 202
200 203
203 204
198 205
205 206
206 207
207 208
207 209
209 210
207 211
211 212
207 213
213 214
207 215
215 216
206 217
217 218
218 219
198 220
220 221
221 222
222 223
221 224
224 225
220 226
226 227
227 228
160 229
229 230
230 231
231 232
232 233
231 234
234 235
230 236
160 237
237 238
