0 1
1 2
1 3
3 4
4 5
5 6
5 7
7 8
7 9
9 10
4 11
4 12
12 13
13 14
1 15
15 16
16 17
17 18
17 19
19 20
16 21
1 22
22 23
22 24
22 25
25 26
25 27
22 28
28 29
29 30
30 31
28 32
22 33
22 34
34 35
35 36
36 37
37 38
37 39
37 40
35 41
41 42
42 43
41 44
44 45
35 46
46 47
47 48
35 49
49 50
50 51
51 52
52 53
51 54
51 55
55 56
56 57
34 58
58 59
59 60
60 61
60 62
60 63
58 64
64 65
65 66
64 67
67 68
68 69
67 70
58 71
71 72
72 73
58 74
74 75
75 76
76 77
77 78
78 79
77 80
77 81
81 82
82 83
83 84
82 85
85 86
81 87
76 88
76 89
89 90
90 91
91 92
90 93
93 94
89 95
34 96
96 97
97 98
98 99
98 100
98 101
96 102
102 103
103 104
102 105
105 106
96 107
107 108
108 109
96 110
110 111
111 112
112 113
113 114
112 115
115 116
116 117
110 118
118 119
119 120
120 121
120 122
122 123
119 124
118 125
125 126
126 127
34 128
128 129
1 130
130 131
130 132
130 133
133 134
133 135
130 136
130 137
137 138
138 139
139 140
140 141
139 142
139 143
143 144
138 145
145 146
146 147
137 148
148 149
149 150
150 151
151 152
150 153
150 154
154 155
149 156
148 157
157 158
158 159
137 160
160 161
161 162
162 163
161 164
161 165
165 166
137 167
167 168
168 169
169 170
170 171
169 172
167 173
173 174
174 175
173 176
173 177
177 178
167 179
179 180
180 181
181 182
182 183
182 184
184 185
181 186
180 187
187 188
188 189
137 190
190 191
191 192
192 193
193 194
192 195
192 196
196 197
191 198
137 199
199 200
200 201
201 202
200 203
200 204
204 205
137 206
206 207
