0 1
1 2
1 3
3 4
3 5
3 6
3 7
7 8
8 9
8 10
10 11
10 12
12 13
7 14
3 15
15 16
16 17
15 18
3 19
19 20
19 21
3 22
3 23
23 24
24 25
25 26
26 27
27 28
26 29
29 30
25 31
24 32
32 33
33 34
23 35
35 36
36 37
37 38
38 39
37 40
40 41
36 42
23 43
43 44
44 45
45 46
45 47
45 48
43 49
49 50
50 51
49 52
52 53
53 54
54 55
53 56
53 57
57 58
52 59
43 60
60 61
61 62
43 63
63 64
64 65
65 66
66 67
66 68
66 69
69 70
70 71
71 72
70 73
70 74
74 75
69 76
69 77
77 78
63 79
79 80
80 81
81 82
82 83
81 84
84 85
80 86
79 87
87 88
88 89
89 90
89 91
91 92
89 93
93 94
89 95
95 96
88 97
97 98
98 99
23 100
100 101
101 102
102 103
103 104
102 105
105 106
101 107
23 108
108 109
1 110
110 111
110 112
110 113
113 114
113 115
110 116
116 117
117 118
118 119
116 120
110 121
110 122
122 123
123 124
124 125
125 126
126 127
126 128
128 129
128 130
130 131
125 132
125 133
133 134
134 135
122 136
136 137
137 138
138 139
138 140
138 141
136 142
142 143
143 144
142 145
145 146
136 147
147 148
148 149
136 150
150 151
151 152
152 153
153 154
152 155
152 156
156 157
157 158
122 159
159 160
160 161
161 162
162 163
161 164
159 165
165 166
159 167
167 168
168 169
169 170
170 171
171 172
170 173
170 174
174 175
175 176
174 177
169 178
169 179
179 180
180 181
179 182
122 183
183 184
184 185
185 186
186 187
185 188
185 189
189 190
189 191
191 192
192 193
193 194
192 195
122 196
196 197
197 198
198 199
197 200
197 201
201 202
197 203
122 204
204 205
205 206
206 207
206 208
206 209
204 210
210 211
211 212
210 213
213 214
204 215
215 216
216 217
204 218
218 219
219 220
220 221
221 222
222 223
221 224
224 225
220 226
219 227
227 228
228 229
229 230
229 231
231 232
229 233
233 234
229 235
235 236
228 237
237 238
238 239
122 240
240 241
