0 1
1 2
1 3
3 4
3 5
3 6
6 7
6 8
3 9
9 10
10 11
11 12
9 13
3 14
3 15
15 16
16 17
17 18
18 19
19 20
18 21
18 22
22 23
22 24
24 25
25 26
15 27
27 28
28 29
29 30
30 31
31 32
31 33
33 34
29 35
29 36
36 37
37 38
36 39
39 40
40 41
15 42
42 43
43 44
44 45
43 46
43 47
47 48
43 49
49 50
50 51
50 52
49 53
53 54
54 55
55 56
15 57
57 58
58 59
59 60
60 61
59 62
57 63
63 64
57 65
65 66
66 67
67 68
68 69
69 70
68 71
71 72
72 73
71 74
65 75
75 76
76 77
77 78
78 79
77 80
80 81
81 82
80 83
76 84
76 85
85 86
86 87
85 88
15 89
89 90
90 91
91 92
92 93
92 94
94 95
91 96
91 97
97 98
98 99
15 100
100 101
101 102
102 103
102 104
102 105
100 106
106 107
107 108
106 109
109 110
100 111
111 112
112 113
100 114
114 115
115 116
116 117
117 118
118 119
117 120
120 121
116 122
115 123
123 124
124 125
125 126
126 127
125 128
125 129
129 130
15 131
131 132
132 133
133 134
133 135
133 136
15 137
137 138
138 139
139 140
140 141
139 142
137 143
143 144
144 145
145 146
146 147
146 148
146 149
149 150
150 151
149 152
143 153
153 154
154 155
155 156
143 157
157 158
158 159
159 160
159 161
157 162
162 163
163 164
162 165
165 166
157 167
167 168
168 169
169 170
170 171
171 172
170 173
173 174
167 175
175 176
176 177
177 178
178 179
177 180
180 181
176 182
175 183
183 184
184 185
185 186
186 187
185 188
185 189
189 190
15 191
191 192
192 193
193 194
192 195
195 196
