0 1
1 2
1 3
3 4
3 5
3 6
6 7
7 8
7 9
3 10
10 11
11 12
11 13
3 14
14 15
14 16
14 17
17 18
17 19
14 20
20 21
20 22
14 23
23 24
24 25
25 26
26 27
26 28
25 29
29 30
23 31
31 32
32 33
33 34
33 35
32 36
36 37
1 38
38 39
38 40
38 41
41 42
41 43
38 44
44 45
45 46
46 47
44 48
38 49
38 50
50 51
51 52
52 53
53 54
54 55
55 56
55 57
57 58
53 59
53 60
60 61
61 62
60 63
63 64
64 65
50 66
66 67
67 68
68 69
68 70
68 71
66 72
72 73
73 74
72 75
75 76
66 77
77 78
78 79
66 80
80 81
81 82
82 83
83 84
84 85
83 86
86 87
82 88
88 89
89 90
50 91
91 92
92 93
93 94
93 95
93 96
91 97
97 98
98 99
97 100
100 101
101 102
100 103
91 104
104 105
105 106
91 107
107 108
108 109
109 110
110 111
111 112
110 113
113 114
114 115
115 116
114 117
117 118
113 119
109 120
109 121
121 122
122 123
121 124
124 125
125 126
126 127
125 128
128 129
124 130
121 131
131 132
132 133
133 134
132 135
135 136
131 137
50 138
138 139
139 140
140 141
141 142
140 143
140 144
144 145
144 146
146 147
147 148
50 149
149 150
150 151
151 152
152 153
151 154
151 155
155 156
155 157
157 158
158 159
50 160
160 161
161 162
162 163
162 164
162 165
50 166
166 167
167 168
168 169
168 170
168 171
166 172
172 173
173 174
172 175
175 176
166 177
177 178
178 179
166 180
180 181
181 182
182 183
183 184
182 185
185 186
185 187
187 188
185 189
189 190
185 191
191 192
185 193
193 194
180 195
195 196
196 197
195 198
198 199
199 200
50 201
201 202
202 203
203 204
204 205
204 206
206 207
203 208
203 209
209 210
210 211
50 212
212 213
213 214
214 215
213 216
216 217
216 218
218 219
219 220
50 221
221 222
222 223
222 224
224 225
222 226
226 227
222 228
222 229
229 230
50 231
231 232
232 233
233 234
233 235
233 236
50 237
237 238
238 239
239 240
240 241
239 242
237 243
243 244
244 245
245 246
246 247
245 248
243 249
249 250
250 251
251 252
50 253
253 254
254 255
255 256
254 257
257 258
253 259
259 260
260 261
50 262
262 263
1 264
264 265
264 266
264 267
264 268
268 269
269 270
270 271
270 272
272 273
268 274
264 275
275 276
276 277
275 278
264 279
279 280
279 281
264 282
282 283
283 284
282 285
264 286
264 287
287 288
288 289
289 290
290 291
291 292
290 293
293 294
289 295
287 296
296 297
297 298
298 299
299 300
298 301
301 302
297 303
287 304
304 305
305 306
306 307
306 308
306 309
304 310
310 311
311 312
310 313
313 314
314 315
315 316
314 317
317 318
313 319
304 320
320 321
321 322
304 323
323 324
324 325
325 326
326 327
327 328
326 329
326 330
330 331
331 332
332 333
331 334
334 335
330 336
330 337
337 338
323 339
339 340
340 341
341 342
340 343
343 344
344 345
343 346
339 347
347 348
348 349
323 350
350 351
351 352
352 353
353 354
354 355
353 356
356 357
357 358
356 359
351 360
360 361
360 362
362 363
360 364
364 365
360 366
366 367
367 368
366 369
360 370
370 371
350 372
372 373
373 374
287 375
375 376
376 377
377 378
378 379
377 380
380 381
376 382
287 383
383 384
1 385
385 386
385 387
385 388
385 389
389 390
390 391
391 392
391 393
393 394
389 395
385 396
396 397
397 398
396 399
385 400
400 401
400 402
385 403
403 404
404 405
404 406
406 407
403 408
385 409
385 410
410 411
411 412
412 413
413 414
414 415
413 416
416 417
412 418
410 419
419 420
420 421
421 422
421 423
421 424
419 425
425 426
426 427
425 428
428 429
429 430
430 431
429 432
432 433
428 434
419 435
435 436
436 437
419 438
438 439
439 440
440 441
441 442
442 443
441 444
441 445
445 446
446 447
447 448
446 449
449 450
445 451
445 452
452 453
438 454
454 455
455 456
456 457
457 458
456 459
459 460
460 461
459 462
454 463
463 464
464 465
465 466
465 467
467 468
465 469
469 470
465 471
471 472
472 473
471 474
465 475
475 476
410 477
477 478
478 479
479 480
478 481
478 482
482 483
