0 1
1 2
1 3
3 4
3 5
3 6
6 7
6 8
3 9
9 10
10 11
11 12
9 13
3 14
3 15
15 16
16 17
17 18
18 19
19 20
19 21
21 22
21 23
23 24
18 25
18 26
26 27
27 28
15 29
29 30
30 31
31 32
31 33
31 34
29 35
35 36
36 37
35 38
38 39
29 40
40 41
41 42
29 43
43 44
44 45
45 46
46 47
45 48
45 49
49 50
50 51
15 52
52 53
53 54
54 55
55 56
54 57
54 58
58 59
58 60
60 61
61 62
15 63
63 64
64 65
65 66
66 67
65 68
65 69
69 70
69 71
71 72
72 73
15 74
74 75
75 76
76 77
76 78
76 79
74 80
80 81
81 82
80 83
83 84
84 85
83 86
74 87
87 88
88 89
74 90
90 91
91 92
92 93
93 94
94 95
93 96
93 97
97 98
98 99
99 100
98 101
101 102
97 103
92 104
92 105
105 106
106 107
107 108
106 109
109 110
105 111
15 112
112 113
113 114
114 115
115 116
116 117
115 118
114 119
113 120
120 121
121 122
122 123
121 124
120 125
112 126
126 127
127 128
15 129
129 130
130 131
131 132
131 133
131 134
129 135
135 136
136 137
135 138
138 139
129 140
140 141
141 142
129 143
143 144
144 145
145 146
146 147
147 148
146 149
149 150
144 151
151 152
152 153
153 154
153 155
155 156
153 157
157 158
153 159
159 160
153 161
161 162
152 163
163 164
164 165
15 166
166 167
1 168
168 169
168 170
168 171
168 172
172 173
173 174
173 175
175 176
175 177
177 178
172 179
168 180
180 181
181 182
180 183
168 184
184 185
185 186
184 187
168 188
188 189
188 190
168 191
168 192
192 193
193 194
194 195
195 196
196 197
195 198
198 199
194 200
192 201
201 202
202 203
203 204
204 205
203 206
206 207
202 208
192 209
209 210
210 211
211 212
211 213
211 214
209 215
215 216
216 217
215 218
218 219
219 220
220 221
219 222
219 223
223 224
218 225
209 226
226 227
227 228
209 229
229 230
230 231
231 232
232 233
232 234
232 235
235 236
236 237
237 238
236 239
236 240
240 241
235 242
235 243
243 244
229 245
245 246
246 247
247 248
246 249
249 250
245 251
251 252
252 253
245 254
254 255
255 256
256 257
257 258
256 259
259 260
254 261
261 262
262 263
263 264
263 265
265 266
263 267
267 268
263 269
269 270
263 271
271 272
262 273
273 274
274 275
192 276
276 277
277 278
278 279
279 280
278 281
281 282
277 283
192 284
284 285
