0 1
1 2
1 3
3 4
3 5
3 6
6 7
6 8
3 9
9 10
10 11
11 12
9 13
3 14
3 15
15 16
16 17
17 18
18 19
19 20
19 21
21 22
21 23
23 24
18 25
18 26
26 27
27 28
15 29
29 30
30 31
31 32
31 33
31 34
29 35
35 36
36 37
35 38
38 39
29 40
40 41
41 42
29 43
43 44
44 45
45 46
46 47
45 48
45 49
49 50
50 51
15 52
52 53
53 54
54 55
55 56
54 57
52 58
58 59
52 60
60 61
61 62
62 63
63 64
63 65
63 66
66 67
67 68
66 69
60 70
70 71
71 72
72 73
72 74
72 75
75 76
76 77
75 78
60 79
79 80
80 81
81 82
82 83
81 84
81 85
85 86
80 87
80 88
88 89
15 90
90 91
91 92
92 93
93 94
92 95
92 96
96 97
96 98
98 99
99 100
15 101
101 102
102 103
103 104
103 105
103 106
101 107
107 108
108 109
107 110
110 111
101 112
112 113
113 114
101 115
115 116
116 117
117 118
118 119
118 120
120 121
118 122
122 123
118 124
124 125
116 126
126 127
127 128
15 129
129 130
1 131
131 132
131 133
131 134
134 135
135 136
135 137
137 138
137 139
139 140
134 141
131 142
142 143
143 144
142 145
131 146
146 147
146 148
131 149
131 150
150 151
151 152
152 153
153 154
154 155
153 156
156 157
152 158
151 159
159 160
160 161
150 162
162 163
163 164
164 165
165 166
164 167
167 168
163 169
162 170
170 171
171 172
150 173
173 174
174 175
175 176
176 177
175 178
178 179
174 180
150 181
181 182
182 183
183 184
183 185
181 186
186 187
187 188
186 189
186 190
190 191
181 192
192 193
193 194
194 195
195 196
195 197
197 198
195 199
199 200
195 201
201 202
193 203
203 204
204 205
150 206
206 207
207 208
208 209
209 210
208 211
211 212
207 213
150 214
214 215
