0 1
1 2
1 3
3 4
3 5
3 6
6 7
7 8
6 9
3 10
10 11
10 12
12 13
3 14
14 15
15 16
16 17
17 18
17 19
17 20
20 21
21 22
20 23
14 24
24 25
25 26
26 27
27 28
27 29
29 30
26 31
26 32
32 33
33 34
14 35
35 36
36 37
37 38
36 39
35 40
40 41
41 42
14 43
43 44
44 45
45 46
45 47
45 48
14 49
49 50
50 51
51 52
51 53
51 54
14 55
55 56
56 57
57 58
57 59
57 60
60 61
56 62
62 63
62 64
62 65
65 66
14 67
67 68
68 69
69 70
69 71
69 72
67 73
73 74
74 75
73 76
76 77
67 78
78 79
79 80
67 81
81 82
82 83
83 84
84 85
83 86
86 87
87 88
86 89
89 90
82 91
91 92
92 93
93 94
94 95
93 96
96 97
97 98
96 99
82 100
100 101
101 102
102 103
101 104
104 105
105 106
104 107
107 108
100 109
109 110
110 111
111 112
112 113
111 114
114 115
115 116
114 117
100 118
118 119
119 120
120 121
119 122
118 123
123 124
124 125
125 126
126 127
125 128
123 129
129 130
130 131
131 132
130 133
133 134
134 135
133 136
136 137
118 138
138 139
139 140
140 141
139 142
138 143
143 144
144 145
145 146
146 147
145 148
143 149
149 150
150 151
151 152
150 153
153 154
154 155
153 156
156 157
138 158
158 159
159 160
160 161
161 162
158 163
163 164
164 165
165 166
14 167
167 168
168 169
169 170
169 171
169 172
14 173
173 174
174 175
175 176
175 177
175 178
14 179
179 180
180 181
181 182
181 183
181 184
179 185
185 186
186 187
185 188
188 189
179 190
190 191
191 192
179 193
193 194
194 195
195 196
196 197
195 198
198 199
199 200
198 201
201 202
194 203
203 204
204 205
205 206
194 207
207 208
208 209
209 210
208 211
211 212
212 213
211 214
214 215
207 216
216 217
217 218
218 219
14 220
220 221
221 222
222 223
221 224
224 225
225 226
226 227
225 228
220 229
229 230
230 231
231 232
232 233
231 234
231 235
235 236
14 237
237 238
238 239
239 240
238 241
241 242
242 243
243 244
242 245
237 246
246 247
247 248
248 249
249 250
248 251
248 252
252 253
14 254
254 255
255 256
