0 1
1 2
1 3
3 4
3 5
3 6
6 7
7 8
6 9
3 10
10 11
10 12
12 13
3 14
14 15
15 16
16 17
17 18
17 19
17 20
20 21
21 22
20 23
14 24
24 25
25 26
26 27
27 28
27 29
29 30
27 31
31 32
26 33
26 34
34 35
35 36
14 37
37 38
38 39
39 40
40 41
40 42
42 43
39 44
39 45
45 46
46 47
14 48
48 49
49 50
50 51
50 52
48 53
53 54
48 55
55 56
56 57
57 58
58 59
57 60
57 61
61 62
57 63
63 64
64 65
65 66
64 67
64 68
68 69
64 70
63 71
14 72
72 73
73 74
74 75
74 76
72 77
77 78
78 79
77 80
72 81
81 82
82 83
83 84
84 85
85 86
84 87
84 88
88 89
83 90
90 91
91 92
92 93
91 94
82 95
95 96
96 97
97 98
98 99
97 100
97 101
101 102
14 103
103 104
104 105
