0 1
1 2
1 3
3 4
3 5
3 6
6 7
7 8
6 9
3 10
10 11
10 12
12 13
3 14
14 15
15 16
16 17
17 18
17 19
17 20
20 21
16 22
22 23
22 24
22 25
25 26
16 27
27 28
27 29
27 30
16 31
31 32
31 33
31 34
14 35
35 36
36 37
37 38
37 39
37 40
35 41
41 42
42 43
41 44
44 45
45 46
44 47
35 48
48 49
49 50
35 51
51 52
52 53
53 54
54 55
55 56
54 57
57 58
53 59
59 60
52 61
61 62
62 63
63 64
64 65
52 66
66 67
67 68
68 69
69 70
68 71
71 72
67 73
73 74
66 75
75 76
76 77
77 78
78 79
66 80
80 81
81 82
82 83
81 84
80 85
85 86
86 87
87 88
88 89
87 90
90 91
91 92
90 93
93 94
85 95
95 96
96 97
97 98
96 99
80 100
100 101
101 102
102 103
101 104
100 105
105 106
106 107
107 108
108 109
107 110
110 111
111 112
110 113
113 114
105 115
115 116
116 117
117 118
116 119
100 120
120 121
121 122
122 123
123 124
120 125
125 126
126 127
127 128
14 129
129 130
130 131
131 132
131 133
131 134
130 135
135 136
135 137
135 138
14 139
139 140
140 141
141 142
141 143
141 144
139 145
145 146
146 147
145 148
148 149
149 150
148 151
139 152
152 153
153 154
139 155
155 156
156 157
157 158
158 159
159 160
158 161
161 162
157 163
163 164
156 165
165 166
166 167
167 168
168 169
155 170
170 171
171 172
172 173
173 174
172 175
175 176
171 177
177 178
170 179
179 180
180 181
181 182
182 183
14 184
184 185
185 186
186 187
187 188
187 189
189 190
186 191
186 192
192 193
193 194
193 195
195 196
14 197
197 198
198 199
199 200
198 201
201 202
202 203
203 204
204 205
203 206
201 207
197 208
208 209
209 210
210 211
211 212
210 213
210 214
214 215
14 216
216 217
217 218
218 219
217 220
220 221
221 222
222 223
223 224
224 225
223 226
221 227
216 228
228 229
229 230
230 231
231 232
230 233
230 234
234 235
14 236
236 237
237 238
