0 1
1 2
1 3
3 4
3 5
3 6
6 7
7 8
6 9
3 10
10 11
10 12
12 13
3 14
14 15
15 16
16 17
17 18
18 19
18 20
20 21
17 22
17 23
23 24
24 25
14 26
26 27
27 28
28 29
28 30
28 31
14 32
32 33
33 34
34 35
34 36
34 37
14 38
38 39
39 40
40 41
40 42
40 43
43 44
44 45
43 46
14 47
47 48
48 49
49 50
49 51
49 52
52 53
53 54
52 55
14 56
56 57
57 58
58 59
58 60
58 61
56 62
62 63
63 64
62 65
65 66
66 67
65 68
56 69
69 70
70 71
56 72
72 73
73 74
74 75
75 76
76 77
75 78
74 79
79 80
80 81
79 82
82 83
83 84
82 85
85 86
73 87
87 88
88 89
89 90
90 91
89 92
87 93
93 94
94 95
95 96
94 97
97 98
98 99
97 100
100 101
73 102
102 103
103 104
104 105
105 106
104 107
103 108
108 109
109 110
108 111
111 112
112 113
111 114
114 115
102 116
116 117
117 118
118 119
119 120
118 121
116 122
122 123
123 124
124 125
123 126
126 127
127 128
126 129
129 130
102 131
131 132
132 133
133 134
132 135
135 136
136 137
135 138
138 139
131 140
140 141
141 142
142 143
143 144
131 145
145 146
146 147
147 148
146 149
149 150
150 151
149 152
152 153
145 154
154 155
155 156
156 157
157 158
145 159
159 160
160 161
161 162
162 163
159 164
164 165
165 166
166 167
14 168
168 169
169 170
170 171
169 172
14 173
173 174
174 175
175 176
174 177
14 178
178 179
179 180
180 181
180 182
180 183
178 184
184 185
185 186
184 187
187 188
188 189
187 190
178 191
191 192
192 193
178 194
194 195
195 196
196 197
197 198
198 199
197 200
200 201
196 202
202 203
195 204
204 205
205 206
206 207
207 208
194 209
209 210
210 211
211 212
212 213
211 214
214 215
210 216
216 217
209 218
218 219
219 220
220 221
221 222
14 223
223 224
224 225
225 226
225 227
225 228
228 229
229 230
230 231
230 232
232 233
233 234
232 235
229 236
228 237
14 238
238 239
239 240
240 241
239 242
242 243
238 244
244 245
245 246
246 247
247 248
246 249
246 250
250 251
14 252
252 253
253 254
254 255
253 256
256 257
252 258
258 259
259 260
260 261
261 262
260 263
260 264
264 265
14 266
266 267
267 268
