0 1
1 2
1 3
3 4
3 5
3 6
6 7
6 8
3 9
9 10
9 11
11 12
11 13
13 14
3 15
15 16
16 17
17 18
18 19
19 20
19 21
21 22
21 23
23 24
18 25
18 26
26 27
27 28
15 29
29 30
30 31
31 32
31 33
31 34
29 35
35 36
36 37
35 38
38 39
29 40
40 41
41 42
29 43
43 44
44 45
45 46
46 47
47 48
47 49
49 50
46 51
46 52
52 53
53 54
43 55
55 56
56 57
57 58
56 59
56 60
43 61
61 62
62 63
63 64
63 65
63 66
61 67
67 68
68 69
67 70
70 71
61 72
72 73
73 74
61 75
75 76
76 77
77 78
78 79
77 80
77 81
81 82
82 83
83 84
84 85
83 86
83 87
87 88
88 89
87 90
82 91
82 92
92 93
93 94
92 95
81 96
96 97
97 98
98 99
97 100
97 101
101 102
102 103
101 104
96 105
96 106
106 107
43 108
108 109
109 110
110 111
109 112
108 113
113 114
114 115
115 116
116 117
115 118
115 119
43 120
120 121
121 122
122 123
121 124
121 125
125 126
15 127
127 128
128 129
