0 1
1 2
1 3
3 4
3 5
3 6
3 7
7 8
7 9
3 10
10 11
10 12
12 13
12 14
14 15
3 16
16 17
17 18
18 19
19 20
20 21
20 22
22 23
22 24
24 25
19 26
19 27
27 28
28 29
16 30
30 31
31 32
32 33
32 34
32 35
30 36
36 37
37 38
36 39
39 40
30 41
41 42
42 43
30 44
44 45
45 46
46 47
47 48
46 49
46 50
50 51
50 52
52 53
16 54
54 55
55 56
1 57
57 58
57 59
57 60
57 61
61 62
61 63
57 64
64 65
64 66
66 67
57 68
68 69
69 70
70 71
71 72
71 73
71 74
68 75
75 76
76 77
77 78
78 79
78 80
80 81
77 82
77 83
83 84
84 85
68 86
86 87
87 88
88 89
87 90
87 91
68 92
92 93
93 94
94 95
94 96
94 97
92 98
98 99
99 100
98 101
101 102
92 103
103 104
104 105
92 106
106 107
107 108
108 109
109 110
108 111
111 112
112 113
111 114
114 115
115 116
116 117
115 118
118 119
106 120
120 121
121 122
122 123
121 124
124 125
125 126
124 127
127 128
106 129
129 130
130 131
131 132
130 133
130 134
134 135
134 136
136 137
68 138
138 139
139 140
