0 1
1 2
1 3
3 4
3 5
3 6
6 7
6 8
3 9
9 10
9 11
11 12
11 13
13 14
3 15
15 16
16 17
17 18
18 19
19 20
19 21
21 22
21 23
23 24
18 25
18 26
26 27
27 28
15 29
29 30
30 31
31 32
31 33
31 34
29 35
35 36
36 37
35 38
38 39
29 40
40 41
41 42
29 43
43 44
44 45
45 46
46 47
47 48
47 49
49 50
46 51
46 52
52 53
53 54
43 55
55 56
56 57
57 58
57 59
57 60
55 61
61 62
62 63
61 64
64 65
55 66
66 67
67 68
55 69
69 70
70 71
71 72
72 73
71 74
71 75
43 76
76 77
77 78
78 79
77 80
77 81
81 82
15 83
83 84
84 85
85 86
85 87
85 88
83 89
89 90
90 91
89 92
92 93
83 94
94 95
95 96
83 97
97 98
98 99
99 100
100 101
100 102
100 103
98 104
104 105
105 106
104 107
107 108
108 109
107 110
98 111
111 112
112 113
98 114
114 115
115 116
116 117
117 118
118 119
117 120
117 121
121 122
116 123
116 124
124 125
116 126
126 127
127 128
128 129
129 130
128 131
128 132
132 133
133 134
132 135
127 136
127 137
137 138
126 139
139 140
140 141
141 142
140 143
140 144
144 145
145 146
144 147
139 148
139 149
149 150
150 151
149 152
15 153
153 154
154 155
