0 1
1 2
1 3
3 4
3 5
3 6
6 7
7 8
6 9
3 10
10 11
11 12
10 13
3 14
14 15
3 16
16 17
17 18
18 19
18 20
20 21
18 22
22 23
1 24
24 25
24 26
24 27
24 28
28 29
29 30
28 31
24 32
32 33
33 34
32 35
24 36
36 37
24 38
38 39
39 40
40 41
41 42
42 43
42 44
44 45
41 46
41 47
47 48
48 49
38 50
50 51
51 52
52 53
52 54
50 55
55 56
50 57
57 58
58 59
59 60
60 61
60 62
58 63
63 64
58 65
65 66
66 67
67 68
68 69
69 70
68 71
71 72
67 73
73 74
74 75
75 76
74 77
74 78
78 79
66 80
80 81
81 82
82 83
81 84
81 85
85 86
38 87
87 88
88 89
89 90
90 91
89 92
89 93
93 94
93 95
95 96
96 97
97 98
96 99
38 100
100 101
101 102
102 103
102 104
102 105
100 106
106 107
107 108
106 109
109 110
110 111
109 112
100 113
113 114
114 115
100 116
116 117
117 118
118 119
119 120
118 121
121 122
117 123
123 124
124 125
123 126
123 127
127 128
38 129
129 130
130 131
1 132
132 133
132 134
132 135
132 136
136 137
137 138
136 139
132 140
140 141
141 142
140 143
132 144
144 145
132 146
146 147
147 148
148 149
149 150
149 151
151 152
152 153
152 154
154 155
152 156
156 157
149 158
146 159
159 160
160 161
161 162
162 163
163 164
162 165
162 166
166 167
161 168
160 169
160 170
170 171
171 172
171 173
170 174
174 175
175 176
176 177
175 178
175 179
179 180
175 181
181 182
182 183
183 184
182 185
182 186
186 187
182 188
181 189
146 190
190 191
191 192
192 193
193 194
194 195
193 196
193 197
197 198
192 199
191 200
191 201
201 202
202 203
202 204
201 205
205 206
206 207
207 208
206 209
206 210
210 211
206 212
212 213
213 214
214 215
213 216
213 217
217 218
213 219
212 220
146 221
221 222
222 223
223 224
223 225
225 226
226 227
227 228
228 229
229 230
230 231
229 232
228 233
227 234
227 235
235 236
236 237
236 238
235 239
239 240
240 241
241 242
242 243
241 244
240 245
226 246
226 247
247 248
248 249
249 250
250 251
249 252
225 253
223 254
146 255
255 256
256 257
257 258
258 259
257 260
257 261
261 262
261 263
263 264
264 265
265 266
264 267
146 268
268 269
269 270
270 271
270 272
270 273
268 274
274 275
275 276
274 277
277 278
278 279
277 280
268 281
281 282
282 283
268 284
284 285
285 286
286 287
287 288
286 289
289 290
285 291
291 292
292 293
291 294
291 295
295 296
146 297
297 298
298 299
1 300
300 301
300 302
300 303
300 304
304 305
305 306
304 307
300 308
308 309
309 310
308 311
300 312
312 313
300 314
314 315
315 316
316 317
317 318
317 319
319 320
320 321
320 322
322 323
320 324
324 325
317 326
314 327
327 328
328 329
329 330
329 331
327 332
332 333
327 334
334 335
335 336
336 337
337 338
336 339
336 340
340 341
336 342
314 343
343 344
344 345
345 346
345 347
347 348
348 349
348 350
350 351
345 352
314 353
353 354
354 355
355 356
355 357
353 358
358 359
353 360
360 361
361 362
362 363
363 364
364 365
363 366
363 367
367 368
362 369
369 370
370 371
371 372
370 373
370 374
374 375
369 376
361 377
377 378
378 379
379 380
380 381
379 382
379 383
383 384
377 385
385 386
386 387
387 388
386 389
386 390
390 391
386 392
314 393
393 394
394 395
395 396
396 397
397 398
396 399
395 400
395 401
401 402
402 403
402 404
401 405
405 406
406 407
394 408
