0 1
1 2
1 3
3 4
3 5
3 6
6 7
7 8
6 9
3 10
10 11
11 12
10 13
3 14
14 15
3 16
16 17
17 18
18 19
19 20
20 21
20 22
22 23
20 24
24 25
19 26
19 27
27 28
28 29
16 30
30 31
31 32
32 33
33 34
33 35
35 36
32 37
32 38
38 39
39 40
16 41
41 42
42 43
43 44
43 45
41 46
46 47
41 48
48 49
49 50
50 51
51 52
50 53
50 54
54 55
50 56
56 57
57 58
58 59
57 60
57 61
61 62
57 63
56 64
16 65
65 66
66 67
67 68
67 69
67 70
16 71
71 72
72 73
73 74
73 75
71 76
76 77
71 78
78 79
79 80
80 81
81 82
82 83
83 84
82 85
82 86
86 87
81 88
80 89
89 90
90 91
91 92
90 93
90 94
94 95
89 96
79 97
97 98
98 99
99 100
100 101
99 102
99 103
103 104
97 105
105 106
106 107
107 108
106 109
106 110
110 111
106 112
97 113
113 114
114 115
115 116
16 117
117 118
118 119
119 120
120 121
119 122
119 123
123 124
123 125
125 126
126 127
16 128
128 129
129 130
130 131
130 132
130 133
128 134
134 135
135 136
134 137
137 138
128 139
139 140
140 141
128 142
142 143
143 144
144 145
145 146
146 147
145 148
148 149
144 150
150 151
151 152
150 153
150 154
154 155
16 156
156 157
157 158
