0 1
1 2
1 3
3 4
3 5
3 6
6 7
7 8
6 9
3 10
3 11
11 12
12 13
13 14
14 15
15 16
15 17
17 18
15 19
19 20
14 21
14 22
22 23
23 24
11 25
25 26
26 27
27 28
27 29
27 30
11 31
31 32
32 33
33 34
33 35
33 36
11 37
37 38
38 39
39 40
39 41
37 42
42 43
37 44
44 45
45 46
46 47
47 48
46 49
46 50
50 51
46 52
52 53
52 54
54 55
55 56
54 57
54 58
58 59
54 60
44 61
61 62
62 63
63 64
64 65
63 66
63 67
67 68
62 69
69 70
61 71
71 72
72 73
73 74
74 75
73 76
76 77
71 78
78 79
79 80
80 81
79 82
82 83
83 84
82 85
82 86
86 87
11 88
88 89
89 90
