0 1
1 2
1 3
3 4
3 5
3 6
6 7
7 8
6 9
3 10
10 11
3 12
12 13
13 14
14 15
15 16
16 17
15 18
15 19
12 20
20 21
21 22
22 23
23 24
24 25
22 26
22 27
27 28
28 29
27 30
27 31
12 32
32 33
33 34
34 35
34 36
34 37
37 38
38 39
39 40
38 41
37 42
32 43
43 44
44 45
43 46
32 47
47 48
48 49
32 50
50 51
51 52
52 53
53 54
54 55
53 56
53 57
50 58
58 59
59 60
60 61
61 62
62 63
61 64
64 65
60 66
60 67
67 68
58 69
69 70
70 71
71 72
70 73
73 74
74 75
75 76
74 77
73 78
78 79
79 80
78 81
81 82
12 83
83 84
84 85
85 86
86 87
87 88
86 89
85 90
85 91
83 92
92 93
93 94
94 95
93 96
96 97
97 98
98 99
97 100
96 101
101 102
102 103
101 104
12 105
105 106
106 107
107 108
106 109
106 110
106 111
111 112
112 113
111 114
