0 1
1 2
1 3
3 4
3 5
3 6
6 7
7 8
6 9
3 10
10 11
3 12
12 13
13 14
14 15
15 16
16 17
15 18
15 19
19 20
20 21
12 22
22 23
23 24
24 25
25 26
25 27
27 28
24 29
24 30
30 31
31 32
12 33
33 34
34 35
35 36
36 37
35 38
35 39
39 40
40 41
39 42
42 43
39 44
12 45
45 46
46 47
47 48
46 49
45 50
50 51
51 52
52 53
51 54
51 55
55 56
56 57
55 58
12 59
59 60
60 61
61 62
60 63
60 64
64 65
12 66
66 67
67 68
68 69
68 70
68 71
66 72
72 73
73 74
72 75
75 76
76 77
77 78
76 79
75 80
66 81
81 82
82 83
66 84
84 85
85 86
86 87
87 88
86 89
86 90
90 91
91 92
90 93
90 94
94 95
84 96
96 97
97 98
98 99
97 100
97 101
12 102
102 103
103 104
104 105
103 106
103 107
107 108
108 109
107 110
107 111
111 112
112 113
113 114
112 115
111 116
12 117
117 118
118 119
119 120
118 121
