0 1
1 2
1 3
3 4
3 5
3 6
6 7
7 8
6 9
3 10
10 11
3 12
12 13
13 14
14 15
15 16
14 17
17 18
18 19
17 20
12 21
21 22
22 23
23 24
22 25
25 26
26 27
25 28
25 29
25 30
12 31
31 32
32 33
33 34
34 35
35 36
33 37
33 38
38 39
39 40
38 41
38 42
12 43
43 44
44 45
45 46
46 47
45 48
45 49
49 50
50 51
12 52
52 53
53 54
54 55
54 56
54 57
57 58
58 59
59 60
58 61
57 62
52 63
63 64
64 65
63 66
52 67
67 68
68 69
52 70
70 71
71 72
72 73
73 74
72 75
75 76
76 77
75 78
75 79
79 80
80 81
79 82
82 83
70 84
84 85
85 86
86 87
85 88
84 89
89 90
90 91
91 92
90 93
90 94
12 95
95 96
96 97
97 98
96 99
