0 1
1 2
1 3
3 4
3 5
3 6
6 7
7 8
8 9
6 10
3 11
3 12
12 13
13 14
14 15
15 16
15 17
15 18
18 19
19 20
18 21
14 22
22 23
22 24
22 25
25 26
26 27
27 28
26 29
25 30
12 31
31 32
32 33
33 34
34 35
33 36
32 37
37 38
38 39
37 40
31 41
41 42
42 43
43 44
44 45
45 46
46 47
45 48
44 49
43 50
41 51
12 52
52 53
53 54
54 55
54 56
54 57
52 58
58 59
59 60
58 61
61 62
52 63
63 64
64 65
52 66
66 67
67 68
68 69
69 70
69 71
69 72
67 73
73 74
74 75
73 76
76 77
67 78
78 79
79 80
67 81
81 82
82 83
83 84
84 85
84 86
84 87
81 88
88 89
89 90
90 91
91 92
90 93
89 94
94 95
95 96
94 97
88 98
98 99
99 100
100 101
101 102
102 103
103 104
104 105
103 106
106 107
107 108
106 109
102 110
110 111
111 112
110 113
101 114
100 115
115 116
116 117
117 118
118 119
117 120
120 121
121 122
120 123
116 124
124 125
125 126
124 127
115 128
128 129
99 130
130 131
131 132
132 133
81 134
134 135
135 136
136 137
135 138
134 139
139 140
140 141
141 142
142 143
143 144
144 145
145 146
144 147
147 148
148 149
147 150
143 151
151 152
142 153
141 154
154 155
155 156
156 157
157 158
156 159
159 160
160 161
159 162
155 163
163 164
154 165
165 166
140 167
167 168
168 169
169 170
81 171
171 172
172 173
173 174
174 175
173 176
172 177
177 178
178 179
177 180
180 181
181 182
180 183
171 184
184 185
185 186
186 187
187 188
188 189
189 190
190 191
189 192
192 193
193 194
192 195
188 196
196 197
197 198
196 199
187 200
186 201
201 202
202 203
203 204
204 205
203 206
206 207
207 208
206 209
202 210
210 211
211 212
210 213
201 214
214 215
185 216
216 217
217 218
218 219
81 220
220 221
221 222
222 223
221 224
224 225
225 226
224 227
220 228
228 229
229 230
230 231
231 232
232 233
233 234
234 235
233 236
236 237
232 238
238 239
239 240
238 241
231 242
230 243
243 244
244 245
245 246
246 247
245 248
248 249
244 250
250 251
251 252
250 253
243 254
254 255
229 256
256 257
257 258
258 259
81 260
260 261
261 262
262 263
263 264
262 265
265 266
266 267
265 268
261 269
269 270
270 271
269 272
272 273
273 274
272 275
260 276
276 277
277 278
278 279
279 280
280 281
281 282
282 283
281 284
284 285
285 286
284 287
280 288
288 289
289 290
288 291
279 292
278 293
293 294
294 295
295 296
296 297
295 298
298 299
299 300
298 301
294 302
302 303
303 304
302 305
293 306
306 307
277 308
308 309
309 310
310 311
81 312
312 313
313 314
314 315
313 316
316 317
317 318
316 319
312 320
320 321
321 322
322 323
323 324
324 325
325 326
326 327
325 328
328 329
329 330
328 331
324 332
332 333
323 334
322 335
335 336
336 337
337 338
338 339
337 340
340 341
341 342
340 343
336 344
344 345
335 346
346 347
321 348
348 349
349 350
350 351
81 352
352 353
353 354
354 355
355 356
354 357
357 358
358 359
357 360
353 361
361 362
362 363
361 364
352 365
365 366
366 367
367 368
368 369
369 370
370 371
371 372
370 373
373 374
374 375
373 376
369 377
377 378
378 379
377 380
368 381
367 382
382 383
383 384
384 385
385 386
384 387
387 388
388 389
387 390
383 391
391 392
392 393
391 394
382 395
395 396
366 397
397 398
398 399
399 400
81 401
401 402
402 403
403 404
402 405
401 406
406 407
407 408
408 409
409 410
410 411
411 412
412 413
411 414
414 415
410 416
416 417
417 418
416 419
409 420
408 421
421 422
422 423
423 424
424 425
423 426
426 427
422 428
428 429
429 430
428 431
421 432
432 433
407 434
434 435
435 436
436 437
81 438
438 439
439 440
440 441
439 442
438 443
443 444
444 445
445 446
446 447
447 448
448 449
447 450
450 451
446 452
452 453
445 454
444 455
455 456
456 457
457 458
458 459
459 460
460 461
459 462
462 463
458 464
464 465
457 466
466 467
438 468
468 469
469 470
470 471
471 472
470 473
469 474
474 475
475 476
474 477
468 478
478 479
479 480
480 481
481 482
482 483
483 484
484 485
483 486
486 487
482 488
488 489
481 490
480 491
491 492
492 493
491 494
479 495
495 496
496 497
497 498
498 499
499 500
500 501
499 502
502 503
498 504
504 505
497 506
468 507
507 508
508 509
509 510
508 511
507 512
512 513
513 514
514 515
515 516
516 517
517 518
516 519
519 520
515 521
521 522
514 523
513 524
524 525
525 526
526 527
527 528
528 529
529 530
528 531
531 532
527 533
533 534
526 535
535 536
507 537
537 538
538 539
539 540
538 541
537 542
542 543
543 544
544 545
545 546
546 547
547 548
546 549
549 550
545 551
551 552
544 553
543 554
554 555
555 556
556 557
557 558
558 559
559 560
558 561
561 562
557 563
563 564
556 565
565 566
12 567
567 568
568 569
569 570
569 571
569 572
567 573
573 574
574 575
573 576
576 577
567 578
578 579
579 580
567 581
581 582
582 583
583 584
584 585
584 586
584 587
582 588
588 589
589 590
588 591
591 592
582 593
593 594
594 595
582 596
596 597
597 598
598 599
599 600
600 601
601 602
600 603
603 604
599 605
605 606
598 607
607 608
597 609
609 610
610 611
611 612
612 613
613 614
614 615
613 616
616 617
612 618
618 619
611 620
597 621
621 622
622 623
623 624
624 625
625 626
624 627
627 628
623 629
629 630
622 631
621 632
632 633
633 634
634 635
635 636
636 637
637 638
636 639
639 640
635 641
641 642
634 643
