0 1
1 2
1 3
3 4
3 5
3 6
6 7
7 8
8 9
6 10
3 11
3 12
12 13
13 14
14 15
15 16
15 17
15 18
18 19
19 20
18 21
14 22
22 23
22 24
22 25
25 26
26 27
27 28
26 29
25 30
12 31
31 32
32 33
33 34
34 35
35 36
33 37
33 38
38 39
38 40
40 41
41 42
38 43
43 44
44 45
12 46
46 47
47 48
48 49
48 50
48 51
46 52
52 53
53 54
52 55
55 56
46 57
57 58
58 59
46 60
60 61
61 62
62 63
63 64
63 65
63 66
61 67
67 68
68 69
67 70
70 71
61 72
72 73
73 74
61 75
75 76
76 77
77 78
78 79
78 80
78 81
81 82
81 83
83 84
81 85
85 86
81 87
87 88
81 89
89 90
81 91
91 92
75 93
93 94
94 95
95 96
96 97
97 98
98 99
97 100
100 101
96 102
102 103
95 104
94 105
105 106
106 107
105 108
93 109
109 110
110 111
111 112
112 113
113 114
114 115
113 116
116 117
112 118
118 119
111 120
93 121
121 122
122 123
123 124
124 125
125 126
126 127
125 128
128 129
124 130
130 131
123 132
122 133
133 134
134 135
135 136
136 137
135 138
134 139
139 140
140 141
139 142
121 143
143 144
144 145
145 146
146 147
147 148
148 149
147 150
150 151
146 152
152 153
145 154
121 155
155 156
156 157
157 158
158 159
159 160
160 161
159 162
162 163
158 164
164 165
157 166
166 167
167 168
168 169
167 170
170 171
166 172
172 173
12 174
174 175
175 176
176 177
176 178
176 179
174 180
180 181
181 182
180 183
183 184
184 185
183 186
174 187
187 188
188 189
174 190
190 191
191 192
192 193
193 194
193 195
193 196
191 197
197 198
198 199
197 200
200 201
201 202
202 203
201 204
204 205
200 206
191 207
207 208
208 209
191 210
210 211
211 212
212 213
213 214
214 215
215 216
214 217
217 218
213 219
219 220
212 221
221 222
222 223
223 224
222 225
225 226
221 227
227 228
1 229
229 230
229 231
229 232
232 233
233 234
234 235
232 236
229 237
237 238
237 239
229 240
240 241
240 242
229 243
243 244
243 245
229 246
246 247
246 248
229 249
229 250
250 251
251 252
252 253
253 254
253 255
253 256
250 257
257 258
258 259
259 260
259 261
259 262
262 263
263 264
262 265
262 266
266 267
267 268
266 269
262 270
257 271
271 272
272 273
271 274
274 275
275 276
274 277
274 278
278 279
279 280
278 281
274 282
282 283
283 284
282 285
257 286
286 287
287 288
257 289
289 290
290 291
291 292
292 293
292 294
292 295
295 296
296 297
295 298
295 299
299 300
300 301
299 302
295 303
290 304
304 305
305 306
304 307
307 308
308 309
307 310
307 311
311 312
312 313
311 314
307 315
315 316
316 317
315 318
290 319
319 320
320 321
290 322
322 323
323 324
324 325
325 326
324 327
327 328
328 329
329 330
330 331
329 332
332 333
328 334
334 335
327 336
250 337
337 338
338 339
339 340
338 341
341 342
342 343
343 344
344 345
343 346
346 347
342 348
348 349
341 350
250 351
351 352
352 353
0 354
