0 1
1 2
1 3
3 4
3 5
3 6
6 7
7 8
8 9
6 10
3 11
3 12
12 13
13 14
14 15
15 16
15 17
15 18
13 19
19 20
20 21
19 22
22 23
23 24
22 25
13 26
26 27
27 28
13 29
29 30
30 31
31 32
32 33
32 34
32 35
30 36
36 37
37 38
36 39
39 40
40 41
41 42
40 43
43 44
39 45
30 46
46 47
47 48
30 49
49 50
50 51
51 52
52 53
53 54
54 55
53 56
56 57
52 58
58 59
51 60
50 61
61 62
62 63
63 64
64 65
65 66
64 67
67 68
63 69
69 70
62 71
71 72
71 73
73 74
71 75
75 76
71 77
77 78
50 79
79 80
80 81
81 82
82 83
83 84
82 85
85 86
81 87
87 88
80 89
89 90
89 91
91 92
89 93
93 94
89 95
95 96
12 97
97 98
98 99
99 100
99 101
99 102
97 103
103 104
104 105
103 106
106 107
107 108
106 109
97 110
110 111
111 112
97 113
113 114
114 115
115 116
116 117
116 118
116 119
114 120
120 121
121 122
120 123
123 124
124 125
125 126
124 127
127 128
123 129
114 130
130 131
131 132
114 133
133 134
134 135
135 136
136 137
137 138
138 139
137 140
140 141
136 142
142 143
135 144
134 145
145 146
146 147
147 148
148 149
149 150
148 151
151 152
147 153
153 154
146 155
134 156
156 157
157 158
158 159
159 160
160 161
159 162
162 163
158 164
164 165
157 166
166 167
156 168
168 169
169 170
170 171
171 172
172 173
171 174
174 175
170 176
176 177
169 178
1 179
179 180
179 181
179 182
182 183
183 184
184 185
182 186
179 187
187 188
187 189
179 190
190 191
190 192
179 193
179 194
194 195
195 196
196 197
197 198
197 199
197 200
194 201
201 202
202 203
203 204
202 205
201 206
206 207
207 208
208 209
209 210
210 211
209 212
209 213
213 214
214 215
215 216
214 217
217 218
218 219
217 220
213 221
221 222
208 223
207 224
224 225
225 226
226 227
194 228
228 229
229 230
230 231
229 232
232 233
233 234
234 235
233 236
232 237
228 238
238 239
239 240
240 241
241 242
242 243
241 244
241 245
245 246
246 247
247 248
246 249
249 250
250 251
249 252
245 253
253 254
240 255
239 256
256 257
257 258
258 259
194 260
260 261
261 262
262 263
261 264
260 265
265 266
266 267
267 268
268 269
269 270
268 271
268 272
272 273
273 274
274 275
273 276
276 277
272 278
278 279
279 280
278 281
267 282
266 283
283 284
284 285
285 286
194 287
287 288
288 289
289 290
288 291
291 292
292 293
293 294
294 295
293 296
296 297
292 298
291 299
287 300
300 301
301 302
302 303
303 304
304 305
303 306
303 307
307 308
308 309
309 310
308 311
311 312
307 313
313 314
314 315
313 316
302 317
301 318
318 319
319 320
320 321
194 322
322 323
323 324
324 325
325 326
324 327
323 328
328 329
329 330
328 331
322 332
332 333
333 334
334 335
335 336
336 337
335 338
335 339
339 340
340 341
341 342
340 343
343 344
344 345
343 346
339 347
347 348
348 349
347 350
334 351
333 352
352 353
353 354
354 355
194 356
356 357
357 358
358 359
359 360
358 361
361 362
362 363
363 364
364 365
363 366
366 367
362 368
361 369
357 370
370 371
371 372
370 373
373 374
374 375
375 376
374 377
373 378
356 379
379 380
380 381
381 382
382 383
383 384
382 385
382 386
386 387
387 388
388 389
387 390
390 391
391 392
390 393
386 394
394 395
395 396
394 397
381 398
380 399
399 400
400 401
401 402
194 403
403 404
404 405
405 406
406 407
405 408
408 409
409 410
410 411
411 412
410 413
413 414
409 415
408 416
404 417
417 418
418 419
417 420
403 421
421 422
422 423
423 424
424 425
425 426
424 427
424 428
428 429
429 430
430 431
429 432
432 433
433 434
432 435
428 436
436 437
437 438
436 439
423 440
422 441
441 442
442 443
443 444
194 445
445 446
446 447
447 448
448 449
447 450
446 451
451 452
452 453
451 454
454 455
455 456
456 457
455 458
454 459
445 460
460 461
461 462
462 463
463 464
464 465
463 466
463 467
467 468
468 469
469 470
468 471
471 472
472 473
471 474
467 475
475 476
476 477
475 478
462 479
461 480
480 481
481 482
482 483
194 484
484 485
485 486
486 487
485 488
484 489
489 490
490 491
194 492
492 493
493 494
494 495
493 496
492 497
497 498
194 499
499 500
500 501
1 502
502 503
502 504
502 505
505 506
506 507
507 508
505 509
502 510
510 511
510 512
502 513
513 514
513 515
502 516
502 517
517 518
518 519
519 520
520 521
520 522
520 523
517 524
524 525
525 526
526 527
525 528
524 529
529 530
530 531
531 532
532 533
533 534
532 535
532 536
536 537
537 538
538 539
537 540
540 541
541 542
540 543
536 544
544 545
531 546
530 547
547 548
548 549
549 550
517 551
551 552
552 553
553 554
552 555
555 556
556 557
557 558
556 559
555 560
551 561
561 562
562 563
563 564
564 565
565 566
564 567
564 568
568 569
569 570
570 571
569 572
572 573
573 574
572 575
568 576
576 577
563 578
562 579
579 580
580 581
581 582
517 583
583 584
584 585
585 586
584 587
583 588
588 589
589 590
590 591
591 592
592 593
591 594
591 595
595 596
596 597
597 598
596 599
599 600
595 601
601 602
602 603
601 604
590 605
589 606
606 607
607 608
608 609
517 610
610 611
611 612
612 613
611 614
614 615
615 616
616 617
617 618
616 619
619 620
615 621
614 622
610 623
623 624
624 625
625 626
626 627
627 628
626 629
626 630
630 631
631 632
632 633
631 634
634 635
630 636
636 637
637 638
636 639
625 640
624 641
641 642
642 643
643 644
517 645
645 646
646 647
647 648
648 649
647 650
646 651
651 652
652 653
651 654
645 655
655 656
656 657
657 658
658 659
659 660
658 661
658 662
662 663
663 664
664 665
663 666
666 667
667 668
666 669
662 670
670 671
671 672
670 673
657 674
656 675
675 676
676 677
677 678
517 679
679 680
680 681
681 682
682 683
681 684
684 685
685 686
686 687
687 688
686 689
689 690
685 691
684 692
680 693
693 694
694 695
693 696
696 697
697 698
698 699
697 700
696 701
679 702
702 703
703 704
704 705
705 706
706 707
705 708
705 709
709 710
710 711
711 712
710 713
713 714
714 715
713 716
709 717
717 718
718 719
717 720
704 721
703 722
722 723
723 724
724 725
517 726
726 727
727 728
728 729
729 730
728 731
731 732
732 733
733 734
734 735
733 736
736 737
732 738
731 739
727 740
740 741
741 742
740 743
726 744
744 745
745 746
746 747
747 748
748 749
747 750
747 751
751 752
752 753
753 754
752 755
755 756
756 757
755 758
751 759
759 760
760 761
759 762
746 763
745 764
764 765
765 766
766 767
517 768
768 769
769 770
770 771
771 772
770 773
769 774
774 775
775 776
774 777
777 778
778 779
779 780
778 781
777 782
768 783
783 784
784 785
785 786
786 787
787 788
786 789
786 790
790 791
791 792
792 793
791 794
794 795
795 796
794 797
790 798
798 799
799 800
798 801
785 802
784 803
803 804
804 805
805 806
517 807
807 808
808 809
809 810
808 811
807 812
812 813
517 814
814 815
