0 1
1 2
1 3
3 4
3 5
3 6
6 7
6 8
8 9
9 10
8 11
3 12
12 13
12 14
14 15
15 16
14 17
3 18
18 19
18 20
18 21
21 22
22 23
21 24
18 25
25 26
26 27
25 28
18 29
29 30
30 31
31 32
32 33
32 34
31 35
35 36
29 37
37 38
38 39
39 40
39 41
38 42
42 43
1 44
44 45
44 46
44 47
47 48
47 49
44 50
50 51
50 52
44 53
53 54
54 55
55 56
53 57
44 58
58 59
59 60
59 61
61 62
59 63
63 64
58 65
44 66
44 67
67 68
68 69
69 70
70 71
70 72
70 73
67 74
74 75
75 76
76 77
76 78
78 79
79 80
80 81
79 82
78 83
76 84
67 85
85 86
86 87
87 88
87 89
89 90
90 91
91 92
92 93
91 94
90 95
89 96
87 97
67 98
98 99
99 100
100 101
101 102
100 103
99 104
98 105
105 106
106 107
107 108
108 109
108 110
110 111
111 112
112 113
111 114
114 115
115 116
114 117
110 118
118 119
108 120
105 121
121 122
122 123
123 124
122 125
125 126
126 127
127 128
126 129
125 130
130 131
131 132
132 133
131 134
131 135
135 136
130 137
125 138
138 139
67 140
140 141
141 142
142 143
143 144
142 145
141 146
140 147
147 148
148 149
149 150
150 151
150 152
152 153
153 154
154 155
153 156
156 157
152 158
158 159
159 160
158 161
150 162
147 163
163 164
164 165
165 166
164 167
167 168
168 169
169 170
168 171
167 172
172 173
173 174
174 175
173 176
173 177
177 178
172 179
167 180
180 181
67 182
182 183
183 184
184 185
185 186
184 187
183 188
188 189
182 190
190 191
191 192
192 193
193 194
193 195
195 196
196 197
197 198
196 199
199 200
195 201
201 202
202 203
201 204
193 205
190 206
206 207
207 208
208 209
207 210
210 211
211 212
212 213
211 214
210 215
215 216
216 217
217 218
216 219
216 220
220 221
215 222
210 223
223 224
67 225
225 226
226 227
227 228
228 229
227 230
226 231
231 232
225 233
233 234
234 235
235 236
236 237
236 238
238 239
239 240
240 241
239 242
242 243
243 244
242 245
238 246
246 247
236 248
233 249
249 250
250 251
251 252
250 253
253 254
254 255
255 256
254 257
253 258
258 259
259 260
260 261
259 262
259 263
263 264
258 265
253 266
266 267
67 268
268 269
269 270
270 271
271 272
272 273
271 274
270 275
269 276
276 277
277 278
278 279
277 280
276 281
268 282
282 283
283 284
284 285
285 286
285 287
287 288
288 289
289 290
288 291
291 292
292 293
291 294
287 295
295 296
296 297
295 298
285 299
282 300
300 301
301 302
302 303
301 304
304 305
305 306
306 307
305 308
304 309
309 310
310 311
311 312
310 313
310 314
314 315
309 316
304 317
317 318
67 319
319 320
320 321
321 322
322 323
323 324
322 325
321 326
326 327
320 328
328 329
329 330
330 331
329 332
328 333
319 334
334 335
335 336
336 337
337 338
337 339
339 340
340 341
341 342
340 343
343 344
344 345
343 346
339 347
347 348
348 349
347 350
337 351
334 352
352 353
353 354
354 355
353 356
356 357
357 358
358 359
357 360
356 361
361 362
362 363
363 364
362 365
362 366
366 367
361 368
356 369
369 370
67 371
371 372
372 373
373 374
374 375
375 376
374 377
373 378
372 379
379 380
380 381
381 382
380 383
379 384
384 385
371 386
386 387
387 388
388 389
389 390
389 391
391 392
392 393
393 394
392 395
395 396
396 397
395 398
391 399
399 400
400 401
399 402
389 403
386 404
404 405
405 406
406 407
405 408
408 409
409 410
410 411
409 412
408 413
413 414
414 415
415 416
414 417
414 418
418 419
413 420
408 421
421 422
67 423
423 424
424 425
425 426
426 427
427 428
426 429
425 430
430 431
424 432
432 433
433 434
434 435
433 436
432 437
437 438
423 439
439 440
440 441
441 442
442 443
442 444
444 445
445 446
446 447
445 448
448 449
449 450
448 451
444 452
452 453
453 454
452 455
442 456
439 457
457 458
458 459
459 460
458 461
461 462
462 463
463 464
462 465
461 466
466 467
467 468
468 469
467 470
467 471
471 472
466 473
461 474
474 475
67 476
476 477
477 478
1 479
479 480
479 481
479 482
482 483
483 484
484 485
482 486
479 487
479 488
488 489
489 490
490 491
491 492
492 493
492 494
494 495
492 496
496 497
491 498
491 499
499 500
500 501
488 502
502 503
503 504
504 505
503 506
503 507
503 508
508 509
509 510
508 511
508 512
488 513
513 514
514 515
515 516
514 517
514 518
514 519
519 520
520 521
519 522
519 523
488 524
524 525
525 526
526 527
525 528
525 529
525 530
530 531
531 532
530 533
530 534
488 535
535 536
536 537
537 538
536 539
536 540
536 541
541 542
542 543
541 544
541 545
488 546
546 547
547 548
548 549
548 550
548 551
546 552
552 553
553 554
552 555
555 556
556 557
555 558
546 559
559 560
560 561
546 562
562 563
563 564
564 565
565 566
565 567
565 568
563 569
569 570
570 571
569 572
572 573
573 574
574 575
573 576
572 577
563 578
578 579
579 580
563 581
581 582
582 583
583 584
584 585
584 586
586 587
587 588
588 589
587 590
590 591
586 592
592 593
584 594
581 595
595 596
596 597
597 598
597 599
599 600
600 601
601 602
602 603
601 604
599 605
605 606
606 607
607 608
606 609
606 610
610 611
605 612
599 613
613 614
597 615
581 616
616 617
617 618
618 619
618 620
620 621
620 622
622 623
620 624
624 625
620 626
626 627
620 628
628 629
618 630
581 631
631 632
632 633
633 634
634 635
633 636
632 637
637 638
638 639
637 640
631 641
641 642
642 643
643 644
644 645
645 646
646 647
645 648
648 649
644 650
650 651
643 652
581 653
653 654
654 655
655 656
656 657
655 658
654 659
659 660
660 661
659 662
653 663
663 664
664 665
665 666
666 667
667 668
668 669
667 670
670 671
666 672
672 673
665 674
581 675
675 676
676 677
677 678
678 679
677 680
676 681
681 682
682 683
681 684
675 685
685 686
686 687
687 688
688 689
689 690
690 691
689 692
692 693
688 694
694 695
687 696
488 697
697 698
698 699
699 700
699 701
699 702
697 703
703 704
704 705
703 706
706 707
707 708
706 709
697 710
710 711
711 712
697 713
713 714
714 715
715 716
716 717
716 718
716 719
714 720
720 721
721 722
720 723
723 724
724 725
725 726
724 727
723 728
714 729
729 730
730 731
714 732
732 733
733 734
734 735
735 736
735 737
737 738
738 739
739 740
738 741
741 742
737 743
743 744
735 745
732 746
746 747
747 748
748 749
747 750
746 751
751 752
752 753
753 754
754 755
755 756
756 757
755 758
758 759
754 760
760 761
753 762
762 763
763 764
764 765
763 766
763 767
767 768
762 769
488 770
488 771
488 772
488 773
