0 1
1 2
1 3
3 4
3 5
3 6
6 7
7 8
8 9
6 10
3 11
3 12
12 13
13 14
14 15
15 16
15 17
15 18
18 19
19 20
18 21
12 22
22 23
23 24
24 25
24 26
24 27
27 28
28 29
29 30
28 31
27 32
12 33
33 34
34 35
35 36
36 37
37 38
35 39
35 40
40 41
40 42
42 43
43 44
40 45
45 46
46 47
12 48
48 49
49 50
50 51
50 52
50 53
48 54
54 55
55 56
54 57
57 58
48 59
59 60
60 61
48 62
62 63
63 64
64 65
65 66
65 67
65 68
63 69
69 70
70 71
69 72
72 73
63 74
74 75
75 76
63 77
77 78
78 79
79 80
80 81
80 82
80 83
77 84
84 85
85 86
86 87
87 88
88 89
87 90
86 91
85 92
92 93
93 94
94 95
93 96
92 97
84 98
98 99
99 100
100 101
101 102
102 103
103 104
102 105
105 106
106 107
105 108
101 109
109 110
110 111
109 112
100 113
99 114
114 115
115 116
116 117
117 118
77 119
119 120
120 121
121 122
122 123
121 124
120 125
119 126
126 127
127 128
128 129
129 130
130 131
131 132
130 133
133 134
134 135
133 136
129 137
137 138
128 139
127 140
140 141
141 142
142 143
143 144
77 145
145 146
146 147
147 148
148 149
149 150
148 151
147 152
146 153
153 154
154 155
155 156
154 157
153 158
158 159
145 160
160 161
161 162
162 163
163 164
164 165
165 166
164 167
167 168
168 169
167 170
163 171
171 172
172 173
171 174
162 175
161 176
176 177
177 178
178 179
179 180
77 181
181 182
182 183
183 184
184 185
183 186
182 187
181 188
188 189
189 190
190 191
191 192
192 193
193 194
192 195
195 196
191 197
197 198
198 199
197 200
190 201
189 202
202 203
203 204
204 205
205 206
77 207
207 208
208 209
209 210
210 211
209 212
208 213
213 214
207 215
215 216
216 217
217 218
218 219
219 220
220 221
219 222
222 223
218 224
224 225
225 226
224 227
217 228
216 229
229 230
230 231
231 232
232 233
77 234
234 235
235 236
236 237
237 238
238 239
237 240
236 241
241 242
235 243
243 244
244 245
245 246
244 247
243 248
234 249
249 250
250 251
251 252
252 253
253 254
254 255
253 256
256 257
257 258
256 259
252 260
260 261
261 262
260 263
251 264
250 265
265 266
266 267
267 268
268 269
77 270
270 271
271 272
272 273
273 274
272 275
271 276
276 277
270 278
278 279
279 280
280 281
281 282
282 283
283 284
282 285
285 286
286 287
285 288
281 289
289 290
280 291
279 292
292 293
293 294
294 295
295 296
77 297
297 298
298 299
299 300
300 301
301 302
300 303
299 304
304 305
298 306
306 307
307 308
308 309
307 310
306 311
311 312
297 313
313 314
314 315
315 316
316 317
317 318
318 319
317 320
320 321
321 322
320 323
316 324
324 325
325 326
324 327
315 328
314 329
329 330
330 331
331 332
332 333
77 334
334 335
335 336
336 337
337 338
338 339
337 340
340 341
336 342
342 343
335 344
334 345
345 346
346 347
347 348
348 349
347 350
346 351
351 352
352 353
353 354
354 355
355 356
356 357
355 358
358 359
354 360
360 361
353 362
346 363
363 364
364 365
365 366
366 367
365 368
364 369
369 370
370 371
369 372
363 373
373 374
374 375
375 376
376 377
377 378
378 379
377 380
380 381
376 382
382 383
375 384
363 385
385 386
386 387
387 388
388 389
389 390
390 391
389 392
392 393
388 394
394 395
387 396
334 397
397 398
398 399
399 400
400 401
399 402
398 403
403 404
404 405
405 406
406 407
407 408
408 409
407 410
410 411
406 412
412 413
405 414
398 415
415 416
416 417
417 418
418 419
419 420
420 421
419 422
422 423
418 424
424 425
417 426
12 427
427 428
428 429
429 430
429 431
429 432
427 433
433 434
434 435
433 436
436 437
427 438
438 439
439 440
427 441
441 442
442 443
443 444
444 445
444 446
444 447
442 448
448 449
449 450
448 451
451 452
442 453
453 454
454 455
442 456
456 457
457 458
458 459
459 460
460 461
461 462
460 463
463 464
459 465
465 466
458 467
467 468
468 469
469 470
468 471
471 472
467 473
473 474
