0 1
1 2
1 3
3 4
3 5
3 6
6 7
6 8
3 9
9 10
9 11
3 12
3 13
13 14
14 15
15 16
16 17
16 18
16 19
13 20
20 21
21 22
22 23
21 24
20 25
25 26
26 27
27 28
28 29
27 30
30 31
31 32
25 33
33 34
34 35
35 36
34 37
37 38
37 39
39 40
13 41
41 42
42 43
43 44
42 45
41 46
46 47
47 48
48 49
49 50
50 51
49 52
48 53
47 54
54 55
55 56
56 57
57 58
56 59
59 60
60 61
59 62
62 63
54 64
64 65
65 66
66 67
47 68
68 69
69 70
70 71
71 72
70 73
73 74
74 75
73 76
68 77
77 78
78 79
79 80
78 81
81 82
82 83
81 84
84 85
13 86
86 87
87 88
