0 1
1 2
1 3
3 4
3 5
3 6
6 7
6 8
3 9
9 10
9 11
3 12
3 13
13 14
14 15
15 16
16 17
16 18
16 19
13 20
20 21
21 22
22 23
21 24
20 25
25 26
26 27
27 28
28 29
27 30
30 31
31 32
30 33
26 34
34 35
35 36
36 37
37 38
36 39
39 40
40 41
39 42
34 43
43 44
44 45
45 46
44 47
47 48
47 49
49 50
34 51
51 52
52 53
53 54
52 55
55 56
26 57
57 58
58 59
59 60
60 61
59 62
62 63
62 64
64 65
57 66
66 67
67 68
68 69
67 70
70 71
71 72
13 73
73 74
74 75
75 76
74 77
73 78
78 79
79 80
80 81
81 82
82 83
81 84
80 85
79 86
86 87
87 88
88 89
89 90
88 91
91 92
92 93
91 94
94 95
78 96
96 97
97 98
98 99
97 100
100 101
101 102
100 103
78 104
104 105
105 106
106 107
105 108
108 109
109 110
108 111
111 112
13 113
113 114
114 115
