0 1
1 2
1 3
3 4
3 5
3 6
6 7
6 8
3 9
9 10
9 11
3 12
3 13
13 14
14 15
15 16
16 17
16 18
16 19
19 20
20 21
19 22
19 23
23 24
23 25
25 26
13 27
27 28
28 29
29 30
29 31
29 32
32 33
32 34
34 35
32 36
36 37
13 38
38 39
39 40
40 41
41 42
42 43
41 44
39 45
45 46
46 47
46 48
48 49
39 50
50 51
1 52
52 53
52 54
52 55
55 56
55 57
52 58
58 59
58 60
52 61
52 62
62 63
63 64
64 65
65 66
64 67
63 68
68 69
69 70
62 71
71 72
72 73
73 74
72 75
71 76
76 77
62 78
78 79
79 80
80 81
80 82
80 83
83 84
83 85
85 86
83 87
87 88
88 89
87 90
62 91
91 92
92 93
93 94
92 95
95 96
62 97
97 98
98 99
99 100
100 101
99 102
98 103
97 104
104 105
105 106
106 107
107 108
106 109
109 110
62 111
111 112
112 113
