0 1
1 2
1 3
3 4
3 5
3 6
6 7
6 8
3 9
9 10
9 11
3 12
12 13
13 14
13 15
15 16
13 17
17 18
12 19
3 20
3 21
21 22
22 23
23 24
24 25
23 26
22 27
27 28
28 29
21 30
30 31
31 32
32 33
31 34
30 35
35 36
21 37
37 38
38 39
39 40
38 41
38 42
42 43
37 44
44 45
45 46
46 47
45 48
45 49
49 50
21 51
51 52
52 53
53 54
53 55
21 56
56 57
57 58
58 59
59 60
58 61
57 62
56 63
63 64
64 65
65 66
66 67
65 68
68 69
69 70
69 71
71 72
69 73
73 74
74 75
73 76
69 77
77 78
68 79
79 80
79 81
81 82
79 83
83 84
84 85
83 86
79 87
87 88
63 89
89 90
90 91
91 92
90 93
90 94
94 95
90 96
96 97
63 98
98 99
99 100
21 101
101 102
102 103
103 104
102 105
105 106
106 107
106 108
108 109
106 110
110 111
111 112
110 113
106 114
114 115
105 116
116 117
116 118
118 119
116 120
120 121
121 122
122 123
123 124
122 125
120 126
116 127
127 128
21 129
129 130
130 131
131 132
130 133
130 134
134 135
130 136
136 137
21 138
138 139
139 140
1 141
141 142
141 143
141 144
144 145
144 146
141 147
147 148
147 149
141 150
141 151
151 152
152 153
153 154
154 155
155 156
155 157
157 158
155 159
159 160
154 161
154 162
162 163
163 164
151 165
165 166
166 167
167 168
167 169
167 170
170 171
170 172
172 173
170 174
174 175
175 176
174 177
174 178
178 179
170 180
180 181
151 182
182 183
183 184
184 185
183 186
182 187
187 188
188 189
188 190
190 191
151 192
192 193
193 194
1 195
