0 1
1 2
1 3
3 4
3 5
3 6
6 7
7 8
8 9
6 10
3 11
3 12
12 13
13 14
14 15
15 16
15 17
15 18
12 19
19 20
20 21
21 22
22 23
22 24
24 25
21 26
21 27
27 28
28 29
12 30
30 31
31 32
32 33
33 34
32 35
30 36
36 37
30 38
38 39
39 40
40 41
39 42
42 43
43 44
42 45
45 46
46 47
47 48
46 49
46 50
50 51
51 52
52 53
51 54
50 55
55 56
56 57
55 58
42 59
39 60
60 61
61 62
60 63
63 64
64 65
65 66
65 67
65 68
68 69
69 70
68 71
60 72
72 73
73 74
74 75
74 76
74 77
77 78
78 79
77 80
60 81
81 82
82 83
83 84
82 85
82 86
86 87
87 88
86 89
89 90
60 91
39 92
92 93
93 94
92 95
95 96
96 97
97 98
96 99
96 100
100 101
101 102
102 103
101 104
100 105
105 106
106 107
105 108
92 109
39 110
110 111
111 112
110 113
113 114
114 115
115 116
114 117
117 118
118 119
117 120
110 121
121 122
122 123
123 124
122 125
125 126
126 127
125 128
110 129
129 130
130 131
131 132
130 133
130 134
134 135
135 136
134 137
137 138
110 139
39 140
140 141
141 142
142 143
143 144
142 145
142 146
146 147
147 148
146 149
146 150
150 151
12 152
152 153
153 154
154 155
153 156
