0 1
1 2
1 3
3 4
3 5
3 6
6 7
7 8
8 9
6 10
3 11
3 12
12 13
13 14
14 15
15 16
16 17
16 18
18 19
15 20
15 21
21 22
22 23
12 24
24 25
25 26
26 27
27 28
26 29
24 30
30 31
24 32
32 33
33 34
34 35
34 36
36 37
33 38
38 39
39 40
40 41
41 42
41 43
41 44
44 45
45 46
44 47
44 48
48 49
49 50
48 51
38 52
52 53
53 54
54 55
54 56
54 57
57 58
58 59
57 60
57 61
61 62
62 63
61 64
38 65
65 66
66 67
67 68
67 69
67 70
38 71
71 72
72 73
73 74
72 75
72 76
71 77
77 78
78 79
79 80
80 81
79 82
82 83
83 84
82 85
85 86
71 87
87 88
88 89
89 90
88 91
88 92
87 93
93 94
94 95
95 96
96 97
95 98
98 99
99 100
98 101
101 102
87 103
103 104
104 105
105 106
104 107
104 108
103 109
109 110
110 111
111 112
112 113
111 114
114 115
115 116
114 117
117 118
103 119
119 120
120 121
121 122
120 123
120 124
119 125
125 126
126 127
127 128
128 129
127 130
130 131
131 132
130 133
133 134
38 135
135 136
136 137
137 138
136 139
136 140
140 141
141 142
140 143
140 144
144 145
33 146
146 147
147 148
148 149
149 150
148 151
148 152
152 153
12 154
154 155
155 156
156 157
155 158
155 159
159 160
160 161
159 162
1 163
163 164
163 165
163 166
166 167
167 168
166 169
163 170
163 171
171 172
172 173
173 174
174 175
175 176
176 177
177 178
176 179
176 180
175 181
181 182
182 183
181 184
181 185
174 186
186 187
187 188
186 189
186 190
173 191
191 192
192 193
191 194
191 195
172 196
196 197
197 198
171 199
199 200
