0 1
1 2
1 3
3 4
3 5
3 6
6 7
7 8
8 9
6 10
3 11
3 12
12 13
13 14
14 15
15 16
16 17
16 18
18 19
15 20
15 21
21 22
22 23
12 24
24 25
25 26
26 27
26 28
26 29
12 30
30 31
31 32
32 33
32 34
32 35
30 36
36 37
37 38
36 39
39 40
40 41
39 42
30 43
43 44
44 45
30 46
46 47
47 48
48 49
49 50
50 51
49 52
49 53
53 54
54 55
53 56
56 57
46 58
58 59
59 60
60 61
61 62
62 63
63 64
62 65
62 66
61 67
67 68
68 69
67 70
67 71
60 72
72 73
73 74
72 75
72 76
59 77
77 78
78 79
77 80
77 81
58 82
82 83
83 84
84 85
85 86
85 87
85 88
88 89
89 90
88 91
88 92
92 93
93 94
92 95
82 96
96 97
97 98
98 99
98 100
98 101
101 102
102 103
101 104
101 105
105 106
106 107
105 108
82 109
109 110
110 111
109 112
112 113
112 114
114 115
115 116
116 117
115 118
118 119
119 120
118 121
121 122
112 123
109 124
124 125
124 126
126 127
127 128
128 129
127 130
130 131
131 132
130 133
133 134
124 135
109 136
136 137
136 138
138 139
139 140
140 141
139 142
142 143
143 144
142 145
145 146
136 147
109 148
148 149
148 150
150 151
151 152
152 153
151 154
154 155
155 156
154 157
157 158
148 159
82 160
160 161
161 162
162 163
161 164
161 165
165 166
166 167
165 168
165 169
169 170
58 171
171 172
172 173
173 174
174 175
173 176
173 177
177 178
12 179
179 180
180 181
181 182
180 183
180 184
184 185
185 186
184 187
