0 1
1 2
1 3
3 4
3 5
3 6
6 7
6 8
3 9
3 10
10 11
11 12
12 13
13 14
13 15
13 16
10 17
17 18
18 19
19 20
19 21
19 22
22 23
10 24
24 25
25 26
26 27
25 28
24 29
29 30
10 31
31 32
32 33
33 34
32 35
31 36
36 37
37 38
38 39
39 40
40 41
41 42
42 43
43 44
44 45
43 46
42 47
47 48
48 49
47 50
41 51
51 52
52 53
53 54
52 55
51 56
56 57
57 58
56 59
40 60
60 61
61 62
60 63
39 64
64 65
65 66
64 67
38 68
68 69
69 70
68 71
37 72
72 73
73 74
36 75
75 76
76 77
77 78
76 79
36 80
80 81
81 82
82 83
81 84
80 85
85 86
86 87
87 88
88 89
88 90
88 91
91 92
92 93
91 94
85 95
95 96
96 97
97 98
96 99
99 100
100 101
99 102
102 103
103 104
102 105
105 106
85 107
107 108
108 109
109 110
108 111
111 112
112 113
111 114
36 115
115 116
116 117
117 118
116 119
119 120
36 121
121 122
122 123
123 124
122 125
121 126
126 127
127 128
128 129
129 130
128 131
126 132
36 133
133 134
134 135
133 136
136 137
10 138
138 139
139 140
