0 1
1 2
1 3
3 4
3 5
3 6
6 7
6 8
3 9
3 10
10 11
11 12
12 13
13 14
14 15
14 16
16 17
13 18
13 19
19 20
20 21
10 22
22 23
23 24
24 25
25 26
24 27
23 28
28 29
29 30
30 31
29 32
29 33
33 34
22 35
35 36
36 37
37 38
38 39
37 40
37 41
41 42
35 43
43 44
44 45
45 46
45 47
45 48
35 49
49 50
50 51
51 52
50 53
49 54
54 55
55 56
56 57
57 58
57 59
57 60
60 61
61 62
60 63
54 64
64 65
65 66
66 67
65 68
68 69
69 70
70 71
69 72
72 73
54 74
74 75
75 76
76 77
75 78
35 79
79 80
80 81
81 82
80 83
83 84
10 85
85 86
86 87
87 88
86 89
