0 1
1 2
1 3
3 4
3 5
3 6
6 7
7 8
6 9
3 10
3 11
11 12
12 13
13 14
14 15
14 16
14 17
11 18
18 19
19 20
20 21
20 22
20 23
11 24
24 25
25 26
26 27
26 28
26 29
29 30
30 31
31 32
30 33
29 34
11 35
35 36
36 37
37 38
37 39
37 40
40 41
41 42
40 43
11 44
44 45
45 46
46 47
45 48
48 49
44 50
50 51
51 52
52 53
53 54
54 55
53 56
56 57
52 58
51 59
59 60
60 61
61 62
62 63
62 64
62 65
65 66
66 67
65 68
68 69
59 70
70 71
71 72
72 73
73 74
72 75
75 76
71 77
77 78
78 79
77 80
80 81
59 82
82 83
83 84
84 85
85 86
84 87
87 88
83 89
89 90
59 91
91 92
92 93
93 94
59 95
95 96
96 97
97 98
51 99
99 100
100 101
101 102
102 103
101 104
104 105
100 106
99 107
107 108
108 109
109 110
110 111
99 112
112 113
113 114
114 115
115 116
115 117
115 118
118 119
119 120
118 121
121 122
112 123
123 124
124 125
125 126
126 127
125 128
128 129
124 130
130 131
131 132
130 133
133 134
112 135
135 136
136 137
137 138
138 139
137 140
140 141
136 142
142 143
112 144
144 145
145 146
146 147
