0 1
1 2
1 3
3 4
3 5
3 6
6 7
7 8
6 9
3 10
3 11
11 12
12 13
13 14
14 15
14 16
14 17
11 18
18 19
19 20
20 21
20 22
20 23
23 24
24 25
23 26
11 27
27 28
28 29
29 30
29 31
29 32
27 33
33 34
34 35
33 36
36 37
37 38
36 39
27 40
40 41
41 42
27 43
43 44
44 45
45 46
46 47
47 48
46 49
49 50
45 51
44 52
52 53
53 54
54 55
55 56
43 57
57 58
58 59
59 60
60 61
59 62
62 63
58 64
57 65
65 66
66 67
67 68
68 69
11 70
70 71
71 72
72 73
72 74
72 75
11 76
76 77
77 78
78 79
79 80
78 81
81 82
82 83
81 84
77 85
85 86
86 87
85 88
88 89
76 90
90 91
91 92
92 93
93 94
94 95
93 96
96 97
92 98
90 99
99 100
100 101
101 102
11 103
103 104
104 105
105 106
106 107
105 108
108 109
109 110
108 111
104 112
112 113
113 114
112 115
115 116
103 117
117 118
118 119
119 120
120 121
121 122
120 123
123 124
119 125
117 126
126 127
127 128
128 129
11 130
130 131
131 132
132 133
131 134
134 135
135 136
134 137
130 138
138 139
139 140
140 141
141 142
142 143
141 144
144 145
140 146
138 147
147 148
148 149
149 150
11 151
