0 1
1 2
1 3
3 4
3 5
3 6
3 7
7 8
8 9
7 10
3 11
11 12
11 13
3 14
14 15
14 16
3 17
3 18
18 19
19 20
20 21
21 22
21 23
21 24
24 25
25 26
24 27
27 28
18 29
29 30
30 31
31 32
32 33
31 34
34 35
30 36
36 37
37 38
36 39
39 40
18 41
41 42
42 43
43 44
44 45
43 46
46 47
42 48
48 49
1 50
50 51
50 52
50 53
53 54
54 55
53 56
50 57
50 58
58 59
59 60
60 61
61 62
61 63
61 64
64 65
65 66
64 67
58 68
68 69
69 70
70 71
70 72
70 73
69 74
74 75
74 76
74 77
69 78
78 79
78 80
78 81
81 82
82 83
81 84
58 85
85 86
86 87
87 88
86 89
89 90
85 91
91 92
92 93
93 94
94 95
95 96
94 97
97 98
93 99
92 100
100 101
101 102
102 103
102 104
104 105
102 106
106 107
102 108
108 109
100 110
110 111
111 112
112 113
100 114
114 115
115 116
116 117
92 118
118 119
119 120
120 121
121 122
120 123
123 124
119 125
118 126
126 127
127 128
128 129
129 130
118 131
131 132
132 133
133 134
133 135
135 136
133 137
137 138
133 139
139 140
131 141
141 142
142 143
143 144
