0 1
1 2
1 3
3 4
3 5
3 6
6 7
7 8
6 9
3 10
3 11
11 12
12 13
13 14
14 15
14 16
14 17
13 18
18 19
18 20
18 21
13 22
22 23
22 24
22 25
11 26
26 27
27 28
28 29
28 30
26 31
31 32
26 33
33 34
34 35
35 36
36 37
35 38
34 39
39 40
40 41
41 42
42 43
33 44
44 45
45 46
46 47
45 48
44 49
49 50
50 51
51 52
52 53
33 54
54 55
55 56
56 57
55 58
54 59
59 60
60 61
61 62
62 63
11 64
64 65
65 66
66 67
66 68
66 69
11 70
70 71
71 72
72 73
72 74
72 75
70 76
76 77
77 78
76 79
79 80
70 81
81 82
82 83
70 84
84 85
85 86
86 87
87 88
88 89
87 90
90 91
86 92
84 93
93 94
94 95
95 96
11 97
97 98
98 99
99 100
99 101
99 102
97 103
103 104
104 105
103 106
106 107
97 108
108 109
109 110
97 111
111 112
112 113
113 114
114 115
115 116
114 117
117 118
113 119
111 120
120 121
121 122
122 123
11 124
124 125
125 126
126 127
126 128
126 129
124 130
130 131
131 132
130 133
133 134
124 135
135 136
136 137
124 138
138 139
139 140
140 141
141 142
142 143
141 144
144 145
140 146
138 147
147 148
148 149
149 150
