0 1
1 2
1 3
3 4
3 5
3 6
6 7
7 8
6 9
3 10
3 11
11 12
12 13
13 14
14 15
14 16
14 17
11 18
18 19
19 20
20 21
20 22
20 23
11 24
24 25
25 26
26 27
26 28
26 29
11 30
30 31
31 32
32 33
32 34
30 35
35 36
30 37
37 38
38 39
39 40
40 41
39 42
38 43
43 44
44 45
45 46
37 47
47 48
48 49
49 50
48 51
47 52
52 53
53 54
54 55
37 56
56 57
57 58
58 59
57 60
56 61
61 62
62 63
63 64
11 65
65 66
66 67
67 68
67 69
67 70
11 71
71 72
72 73
73 74
74 75
75 76
72 77
71 78
78 79
79 80
80 81
81 82
80 83
83 84
84 85
79 86
11 87
87 88
88 89
89 90
90 91
91 92
88 93
87 94
94 95
95 96
96 97
97 98
96 99
99 100
100 101
95 102
11 103
103 104
104 105
105 106
106 107
107 108
104 109
103 110
110 111
111 112
112 113
113 114
112 115
115 116
116 117
111 118
