0 1
1 2
1 3
3 4
3 5
3 6
6 7
7 8
6 9
3 10
10 11
11 12
10 13
3 14
3 15
15 16
16 17
17 18
18 19
19 20
19 21
21 22
19 23
23 24
18 25
18 26
26 27
27 28
15 29
29 30
30 31
31 32
32 33
33 34
31 35
31 36
36 37
37 38
36 39
36 40
15 41
41 42
42 43
43 44
43 45
43 46
15 47
47 48
48 49
49 50
50 51
49 52
48 53
53 54
54 55
53 56
47 57
57 58
58 59
59 60
60 61
60 62
60 63
58 64
64 65
65 66
64 67
67 68
68 69
67 70
58 71
71 72
72 73
58 74
74 75
75 76
76 77
77 78
77 79
77 80
80 81
81 82
80 83
80 84
84 85
74 86
86 87
87 88
88 89
89 90
88 91
88 92
92 93
93 94
92 95
95 96
74 97
97 98
98 99
99 100
100 101
101 102
100 103
100 104
104 105
98 106
106 107
107 108
108 109
107 110
107 111
111 112
97 113
113 114
114 115
115 116
116 117
115 118
115 119
119 120
115 121
121 122
122 123
121 124
124 125
113 126
126 127
127 128
128 129
127 130
97 131
131 132
132 133
133 134
134 135
135 136
134 137
134 138
138 139
132 140
140 141
141 142
140 143
140 144
144 145
131 146
146 147
147 148
148 149
149 150
148 151
146 152
131 153
153 154
154 155
155 156
156 157
155 158
155 159
159 160
154 161
154 162
162 163
153 164
164 165
165 166
166 167
167 168
166 169
153 170
170 171
171 172
172 173
173 174
172 175
170 176
74 177
177 178
178 179
179 180
180 181
179 182
178 183
178 184
184 185
57 186
186 187
187 188
47 189
189 190
190 191
