0 1
1 2
1 3
3 4
3 5
3 6
6 7
7 8
6 9
3 10
10 11
11 12
10 13
3 14
3 15
15 16
16 17
17 18
18 19
19 20
19 21
21 22
19 23
23 24
18 25
18 26
26 27
27 28
27 29
29 30
27 31
31 32
15 33
33 34
34 35
35 36
36 37
37 38
35 39
35 40
40 41
41 42
40 43
40 44
15 45
45 46
46 47
47 48
48 49
47 50
46 51
51 52
52 53
51 54
45 55
55 56
15 57
57 58
58 59
59 60
59 61
59 62
57 63
63 64
64 65
63 66
66 67
67 68
66 69
57 70
70 71
71 72
57 73
73 74
74 75
75 76
76 77
75 78
75 79
79 80
80 81
79 82
79 83
83 84
74 85
85 86
86 87
87 88
88 89
89 90
88 91
88 92
92 93
93 94
92 95
92 96
96 97
97 98
96 99
96 100
100 101
88 102
102 103
103 104
102 105
105 106
86 107
107 108
74 109
109 110
110 111
111 112
110 113
110 114
114 115
115 116
114 117
117 118
109 119
119 120
73 121
121 122
122 123
123 124
122 125
122 126
126 127
127 128
126 129
126 130
130 131
122 132
132 133
133 134
132 135
135 136
15 137
137 138
