0 1
1 2
1 3
3 4
3 5
3 6
6 7
7 8
6 9
3 10
10 11
11 12
10 13
3 14
3 15
15 16
16 17
17 18
18 19
19 20
20 21
18 22
18 23
23 24
24 25
23 26
23 27
15 28
28 29
29 30
30 31
31 32
32 33
30 34
30 35
35 36
36 37
35 38
35 39
15 40
40 41
41 42
42 43
43 44
42 45
41 46
46 47
47 48
46 49
40 50
50 51
51 52
15 53
53 54
54 55
55 56
56 57
56 58
58 59
56 60
60 61
55 62
55 63
63 64
64 65
15 66
66 67
67 68
68 69
68 70
68 71
66 72
72 73
73 74
72 75
75 76
76 77
75 78
66 79
79 80
80 81
66 82
82 83
83 84
84 85
85 86
86 87
87 88
86 89
86 90
90 91
91 92
90 93
93 94
84 95
95 96
96 97
97 98
96 99
96 100
100 101
101 102
100 103
103 104
83 105
105 106
106 107
107 108
108 109
107 110
107 111
111 112
112 113
111 114
114 115
107 116
116 117
117 118
116 119
119 120
83 121
121 122
122 123
123 124
124 125
125 126
124 127
124 128
128 129
129 130
128 131
128 132
132 133
133 134
132 135
135 136
121 137
137 138
138 139
139 140
138 141
137 142
142 143
143 144
121 145
145 146
146 147
147 148
148 149
147 150
147 151
151 152
152 153
151 154
154 155
145 156
156 157
157 158
15 159
159 160
