0 1
1 2
1 3
3 4
3 5
3 6
6 7
7 8
6 9
3 10
10 11
10 12
3 13
13 14
14 15
13 16
3 17
17 18
17 19
3 20
3 21
21 22
22 23
23 24
24 25
24 26
24 27
27 28
28 29
27 30
21 31
31 32
32 33
33 34
33 35
33 36
36 37
37 38
36 39
21 40
40 41
41 42
42 43
42 44
42 45
45 46
46 47
47 48
46 49
45 50
21 51
51 52
52 53
53 54
52 55
51 56
56 57
57 58
58 59
59 60
60 61
59 62
58 63
63 64
64 65
65 66
64 67
67 68
63 69
69 70
70 71
69 72
72 73
57 74
74 75
75 76
76 77
77 78
78 79
77 80
80 81
76 82
82 83
83 84
82 85
85 86
74 87
87 88
88 89
89 90
74 91
91 92
92 93
93 94
57 95
95 96
96 97
97 98
98 99
99 100
98 101
101 102
97 103
103 104
104 105
103 106
106 107
95 108
108 109
109 110
110 111
95 112
112 113
113 114
114 115
