0 1
1 2
1 3
3 4
3 5
3 6
6 7
7 8
6 9
3 10
10 11
10 12
3 13
13 14
14 15
13 16
3 17
17 18
17 19
3 20
3 21
21 22
22 23
23 24
24 25
24 26
24 27
27 28
28 29
27 30
21 31
31 32
32 33
33 34
33 35
33 36
36 37
37 38
36 39
21 40
40 41
41 42
42 43
42 44
42 45
45 46
46 47
47 48
46 49
49 50
45 51
21 52
52 53
53 54
54 55
55 56
54 57
53 58
58 59
59 60
58 61
52 62
62 63
63 64
64 65
65 66
66 67
65 68
68 69
64 70
70 71
71 72
70 73
73 74
63 75
75 76
76 77
77 78
78 79
79 80
78 81
81 82
77 83
83 84
84 85
83 86
86 87
75 88
88 89
89 90
90 91
63 92
92 93
93 94
94 95
95 96
96 97
95 98
98 99
94 100
100 101
101 102
100 103
103 104
92 105
105 106
106 107
107 108
62 109
109 110
110 111
111 112
21 113
113 114
114 115
115 116
114 117
113 118
118 119
119 120
120 121
121 122
122 123
121 124
124 125
120 126
126 127
127 128
126 129
129 130
118 131
131 132
132 133
133 134
118 135
135 136
136 137
137 138
21 139
1 140
140 141
140 142
140 143
140 144
144 145
145 146
146 147
144 148
140 149
140 150
150 151
151 152
152 153
153 154
154 155
153 156
153 157
157 158
158 159
150 160
160 161
161 162
162 163
163 164
162 165
162 166
166 167
166 168
166 169
166 170
166 171
166 172
150 173
173 174
174 175
175 176
176 177
175 178
175 179
179 180
179 181
179 182
150 183
183 184
184 185
185 186
184 187
184 188
188 189
184 190
184 191
191 192
184 193
150 194
194 195
195 196
196 197
197 198
196 199
195 200
195 201
201 202
201 203
203 204
204 205
203 206
203 207
207 208
150 209
209 210
210 211
211 212
212 213
211 214
211 215
215 216
150 217
217 218
218 219
219 220
220 221
219 222
219 223
150 224
224 225
225 226
226 227
225 228
225 229
229 230
225 231
225 232
232 233
225 234
150 235
235 236
236 237
237 238
238 239
237 240
236 241
236 242
242 243
242 244
244 245
245 246
244 247
244 248
248 249
150 250
250 251
251 252
252 253
253 254
252 255
252 256
256 257
150 258
258 259
259 260
260 261
261 262
260 263
260 264
264 265
150 266
266 267
267 268
268 269
267 270
267 271
271 272
267 273
267 274
274 275
267 276
150 277
277 278
278 279
279 280
280 281
279 282
278 283
278 284
284 285
284 286
286 287
287 288
286 289
286 290
290 291
