0 1
1 2
1 3
3 4
3 5
3 6
6 7
7 8
6 9
3 10
10 11
10 12
3 13
13 14
14 15
13 16
3 17
17 18
17 19
3 20
3 21
21 22
22 23
23 24
24 25
24 26
24 27
27 28
28 29
29 30
28 31
31 32
27 33
21 34
34 35
35 36
36 37
21 38
38 39
39 40
40 41
21 42
42 43
43 44
44 45
43 46
42 47
47 48
48 49
49 50
50 51
51 52
50 53
49 54
54 55
55 56
56 57
55 58
58 59
54 60
60 61
61 62
60 63
63 64
48 65
65 66
66 67
67 68
68 69
67 70
70 71
71 72
66 73
73 74
74 75
73 76
76 77
77 78
48 79
79 80
80 81
81 82
82 83
81 84
84 85
85 86
80 87
87 88
88 89
87 90
90 91
91 92
