0 1
1 2
1 3
3 4
3 5
3 6
6 7
7 8
6 9
3 10
10 11
11 12
10 13
3 14
14 15
3 16
16 17
17 18
18 19
19 20
20 21
19 22
19 23
23 24
24 25
16 26
26 27
27 28
28 29
27 30
26 31
31 32
32 33
33 34
34 35
33 36
33 37
37 38
38 39
37 40
31 41
41 42
42 43
43 44
42 45
45 46
46 47
45 48
16 49
49 50
50 51
51 52
52 53
51 54
51 55
55 56
56 57
55 58
58 59
59 60
60 61
59 62
58 63
16 64
64 65
65 66
66 67
67 68
66 69
66 70
70 71
71 72
16 73
73 74
74 75
75 76
74 77
73 78
78 79
79 80
80 81
81 82
80 83
80 84
84 85
85 86
84 87
78 88
88 89
89 90
90 91
89 92
92 93
93 94
92 95
16 96
96 97
97 98
98 99
99 100
98 101
98 102
102 103
103 104
102 105
105 106
106 107
107 108
106 109
105 110
16 111
111 112
112 113
113 114
114 115
113 116
113 117
117 118
118 119
117 120
117 121
121 122
16 123
123 124
124 125
125 126
126 127
127 128
125 129
125 130
130 131
131 132
132 133
131 134
130 135
130 136
16 137
137 138
138 139
139 140
140 141
139 142
139 143
16 144
144 145
145 146
146 147
146 148
146 149
149 150
150 151
149 152
16 153
153 154
154 155
155 156
155 157
155 158
153 159
159 160
160 161
159 162
162 163
153 164
164 165
165 166
153 167
167 168
168 169
169 170
170 171
171 172
170 173
170 174
174 175
175 176
174 177
177 178
178 179
177 180
177 181
181 182
182 183
181 184
184 185
174 186
186 187
167 188
188 189
189 190
190 191
189 192
192 193
16 194
194 195
195 196
