0 1
1 2
1 3
3 4
3 5
3 6
6 7
7 8
6 9
3 10
10 11
11 12
10 13
3 14
14 15
3 16
16 17
17 18
18 19
18 20
20 21
18 22
22 23
18 24
1 25
25 26
25 27
25 28
28 29
29 30
28 31
25 32
32 33
33 34
32 35
25 36
36 37
36 38
25 39
39 40
25 41
41 42
42 43
43 44
44 45
45 46
46 47
45 48
44 49
49 50
50 51
49 52
43 53
53 54
54 55
53 56
42 57
57 58
41 59
59 60
60 61
61 62
61 63
61 64
64 65
41 66
66 67
67 68
68 69
67 70
66 71
71 72
72 73
73 74
74 75
73 76
76 77
77 78
76 79
71 80
80 81
81 82
82 83
81 84
84 85
85 86
84 87
41 88
88 89
89 90
90 91
89 92
88 93
93 94
94 95
95 96
96 97
95 98
98 99
99 100
98 101
93 102
102 103
103 104
104 105
103 106
106 107
107 108
106 109
41 110
110 111
111 112
112 113
113 114
112 115
112 116
116 117
117 118
116 119
119 120
120 121
119 122
41 123
123 124
124 125
125 126
125 127
125 128
128 129
129 130
128 131
41 132
132 133
133 134
134 135
135 136
134 137
133 138
138 139
138 140
140 141
138 142
142 143
138 144
144 145
41 146
146 147
147 148
