0 1
1 2
1 3
3 4
3 5
3 6
6 7
7 8
6 9
3 10
10 11
11 12
10 13
3 14
14 15
3 16
16 17
17 18
18 19
19 20
20 21
19 22
19 23
16 24
24 25
25 26
26 27
27 28
26 29
26 30
16 31
31 32
32 33
33 34
33 35
32 36
36 37
36 38
32 39
39 40
39 41
32 42
42 43
42 44
32 45
45 46
45 47
45 48
16 49
49 50
50 51
51 52
52 53
53 54
52 55
51 56
56 57
57 58
56 59
50 60
60 61
61 62
60 63
49 64
64 65
65 66
66 67
67 68
66 69
69 70
70 71
71 72
70 73
69 74
69 75
75 76
76 77
75 78
64 79
79 80
80 81
81 82
80 83
83 84
84 85
85 86
84 87
83 88
83 89
89 90
90 91
89 92
64 93
93 94
94 95
95 96
94 97
97 98
98 99
99 100
98 101
101 102
97 103
103 104
64 105
105 106
106 107
107 108
106 109
109 110
110 111
109 112
64 113
113 114
114 115
115 116
114 117
117 118
118 119
117 120
64 121
121 122
122 123
123 124
122 125
121 126
126 127
127 128
128 129
129 130
128 131
131 132
132 133
131 134
134 135
126 136
136 137
137 138
138 139
137 140
140 141
121 142
142 143
143 144
144 145
145 146
146 147
145 148
144 149
149 150
150 151
149 152
152 153
142 154
154 155
155 156
156 157
155 158
158 159
159 160
158 161
64 162
162 163
163 164
164 165
163 166
166 167
167 168
168 169
167 170
166 171
171 172
172 173
171 174
166 175
64 176
176 177
177 178
178 179
177 180
180 181
181 182
182 183
181 184
180 185
185 186
186 187
185 188
180 189
16 190
190 191
191 192
