0 1
1 2
1 3
3 4
3 5
3 6
6 7
7 8
6 9
3 10
10 11
11 12
10 13
3 14
14 15
3 16
16 17
17 18
18 19
19 20
20 21
19 22
19 23
23 24
24 25
23 26
26 27
16 28
28 29
29 30
30 31
31 32
30 33
30 34
34 35
16 36
36 37
37 38
38 39
38 40
38 41
16 42
42 43
43 44
44 45
45 46
44 47
43 48
48 49
49 50
48 51
42 52
52 53
53 54
54 55
55 56
55 57
55 58
58 59
59 60
60 61
61 62
60 63
58 64
64 65
65 66
64 67
58 68
52 69
69 70
70 71
71 72
71 73
71 74
74 75
75 76
76 77
77 78
76 79
74 80
80 81
81 82
80 83
74 84
52 85
85 86
86 87
87 88
87 89
87 90
90 91
91 92
92 93
91 94
94 95
90 96
96 97
52 98
98 99
99 100
100 101
101 102
100 103
100 104
104 105
105 106
104 107
107 108
108 109
107 110
52 111
111 112
112 113
113 114
114 115
113 116
112 117
117 118
52 119
119 120
120 121
121 122
120 123
123 124
124 125
123 126
52 127
127 128
128 129
129 130
128 131
131 132
132 133
131 134
52 135
135 136
136 137
137 138
136 139
135 140
140 141
141 142
142 143
141 144
144 145
145 146
144 147
52 148
148 149
149 150
150 151
149 152
148 153
153 154
154 155
155 156
154 157
157 158
158 159
157 160
16 161
161 162
162 163
163 164
162 165
161 166
166 167
167 168
168 169
169 170
170 171
169 172
169 173
173 174
174 175
173 176
166 177
177 178
178 179
179 180
180 181
179 182
178 183
183 184
16 185
185 186
186 187
187 188
186 189
