0 1
1 2
1 3
3 4
3 5
3 6
6 7
7 8
6 9
3 10
10 11
11 12
10 13
3 14
14 15
3 16
16 17
17 18
18 19
19 20
20 21
19 22
19 23
23 24
24 25
16 26
26 27
27 28
28 29
29 30
28 31
28 32
32 33
16 34
34 35
35 36
36 37
36 38
36 39
16 40
40 41
41 42
42 43
43 44
44 45
43 46
42 47
47 48
48 49
47 50
41 51
51 52
52 53
51 54
40 55
55 56
56 57
57 58
58 59
58 60
58 61
55 62
62 63
63 64
64 65
63 66
62 67
67 68
68 69
69 70
70 71
69 72
72 73
73 74
72 75
67 76
76 77
77 78
78 79
77 80
80 81
81 82
80 83
55 84
84 85
85 86
86 87
85 88
84 89
89 90
90 91
91 92
92 93
91 94
94 95
95 96
94 97
89 98
98 99
99 100
100 101
99 102
102 103
103 104
102 105
55 106
106 107
107 108
108 109
107 110
110 111
55 112
112 113
113 114
114 115
113 116
116 117
117 118
116 119
55 120
120 121
121 122
122 123
123 124
122 125
122 126
126 127
127 128
126 129
129 130
130 131
129 132
55 133
133 134
134 135
135 136
136 137
135 138
134 139
139 140
55 141
141 142
142 143
143 144
142 145
145 146
146 147
145 148
16 149
149 150
150 151
151 152
150 153
