0 1
1 2
1 3
3 4
3 5
3 6
6 7
7 8
6 9
3 10
10 11
11 12
10 13
3 14
14 15
3 16
16 17
17 18
18 19
19 20
20 21
19 22
19 23
23 24
16 25
25 26
26 27
27 28
28 29
27 30
27 31
31 32
16 33
33 34
34 35
35 36
36 37
35 38
35 39
34 40
40 41
41 42
40 43
40 44
16 45
45 46
46 47
47 48
47 49
47 50
16 51
51 52
52 53
53 54
54 55
55 56
54 57
53 58
58 59
59 60
58 61
52 62
62 63
63 64
62 65
51 66
66 67
67 68
68 69
69 70
69 71
69 72
68 73
73 74
73 75
73 76
66 77
77 78
78 79
79 80
78 81
77 82
82 83
83 84
84 85
85 86
84 87
87 88
88 89
87 90
82 91
91 92
92 93
93 94
92 95
95 96
96 97
95 98
66 99
99 100
100 101
101 102
100 103
99 104
104 105
105 106
106 107
107 108
106 109
109 110
110 111
109 112
104 113
113 114
114 115
115 116
114 117
117 118
118 119
117 120
66 121
121 122
122 123
123 124
123 125
123 126
126 127
127 128
128 129
127 130
130 131
126 132
132 133
66 134
134 135
135 136
136 137
136 138
136 139
139 140
140 141
139 142
66 143
143 144
144 145
145 146
144 147
147 148
148 149
147 150
66 151
151 152
152 153
153 154
154 155
153 156
153 157
157 158
158 159
157 160
160 161
66 162
162 163
163 164
164 165
163 166
162 167
167 168
168 169
169 170
170 171
169 172
172 173
173 174
172 175
175 176
162 177
177 178
178 179
179 180
180 181
181 182
180 183
179 184
184 185
177 186
186 187
187 188
188 189
187 190
190 191
16 192
192 193
193 194
