0 1
1 2
1 3
3 4
3 5
3 6
6 7
7 8
6 9
3 10
10 11
11 12
10 13
3 14
14 15
3 16
16 17
17 18
18 19
19 20
19 21
19 22
16 23
23 24
24 25
25 26
26 27
25 28
25 29
29 30
30 31
29 32
32 33
16 34
34 35
35 36
36 37
37 38
36 39
36 40
40 41
16 42
42 43
43 44
44 45
45 46
44 47
43 48
48 49
49 50
48 51
42 52
52 53
53 54
54 55
55 56
55 57
55 58
52 59
59 60
60 61
61 62
61 63
61 64
52 65
65 66
66 67
67 68
67 69
67 70
52 71
71 72
72 73
73 74
72 75
71 76
76 77
77 78
78 79
77 80
80 81
81 82
82 83
81 84
80 85
85 86
71 87
87 88
88 89
89 90
88 91
87 92
92 93
93 94
94 95
93 96
96 97
97 98
98 99
97 100
96 101
101 102
87 103
103 104
104 105
105 106
104 107
107 108
108 109
109 110
110 111
109 112
108 113
113 114
114 115
113 116
107 117
117 118
52 119
119 120
120 121
121 122
122 123
121 124
120 125
125 126
126 127
125 128
128 129
129 130
128 131
52 132
132 133
133 134
134 135
133 136
136 137
137 138
136 139
52 140
140 141
141 142
142 143
141 144
144 145
145 146
144 147
52 148
148 149
149 150
150 151
149 152
148 153
153 154
154 155
155 156
154 157
157 158
158 159
157 160
52 161
161 162
162 163
163 164
162 165
161 166
166 167
167 168
168 169
167 170
170 171
171 172
170 173
16 174
174 175
175 176
176 177
175 178
174 179
179 180
180 181
181 182
182 183
183 184
182 185
181 186
186 187
187 188
186 189
189 190
179 191
191 192
192 193
193 194
192 195
195 196
196 197
195 198
16 199
199 200
200 201
201 202
200 203
