0 1
1 2
1 3
3 4
3 5
3 6
6 7
7 8
6 9
3 10
10 11
11 12
10 13
3 14
14 15
3 16
16 17
17 18
18 19
19 20
20 21
19 22
19 23
23 24
18 25
25 26
26 27
25 28
25 29
29 30
16 31
31 32
32 33
33 34
34 35
33 36
33 37
37 38
38 39
37 40
40 41
16 42
42 43
43 44
44 45
45 46
44 47
44 48
48 49
16 50
50 51
51 52
52 53
52 54
52 55
16 56
56 57
57 58
58 59
59 60
58 61
57 62
62 63
63 64
62 65
56 66
66 67
67 68
68 69
69 70
70 71
69 72
68 73
73 74
74 75
75 76
76 77
75 78
74 79
79 80
80 81
79 82
73 83
83 84
66 85
85 86
86 87
87 88
88 89
87 90
86 91
91 92
66 93
93 94
94 95
95 96
94 97
97 98
98 99
97 100
66 101
101 102
102 103
103 104
104 105
103 106
102 107
101 108
108 109
109 110
110 111
111 112
110 113
108 114
114 115
115 116
116 117
117 118
116 119
115 120
120 121
121 122
122 123
121 124
120 125
101 126
126 127
127 128
128 129
129 130
128 131
66 132
132 133
133 134
134 135
133 136
136 137
137 138
136 139
66 140
140 141
141 142
142 143
141 144
144 145
145 146
144 147
16 148
148 149
149 150
150 151
149 152
148 153
153 154
154 155
155 156
156 157
157 158
156 159
155 160
160 161
16 162
162 163
163 164
164 165
163 166
162 167
167 168
168 169
169 170
170 171
171 172
170 173
170 174
174 175
175 176
174 177
167 178
178 179
179 180
180 181
179 182
178 183
183 184
184 185
185 186
186 187
187 188
186 189
185 190
190 191
183 192
192 193
193 194
194 195
193 196
196 197
197 198
196 199
183 200
200 201
201 202
202 203
203 204
202 205
201 206
200 207
207 208
208 209
209 210
210 211
209 212
207 213
183 214
214 215
215 216
216 217
217 218
216 219
215 220
183 221
221 222
222 223
223 224
222 225
225 226
226 227
225 228
16 229
229 230
230 231
231 232
230 233
229 234
234 235
235 236
236 237
237 238
238 239
237 240
237 241
241 242
242 243
241 244
234 245
245 246
246 247
247 248
248 249
247 250
246 251
251 252
16 253
253 254
254 255
255 256
254 257
16 258
