0 1
1 2
1 3
3 4
3 5
3 6
6 7
7 8
6 9
3 10
10 11
11 12
10 13
3 14
14 15
3 16
16 17
17 18
18 19
19 20
20 21
19 22
19 23
23 24
18 25
25 26
26 27
25 28
25 29
29 30
18 31
31 32
32 33
31 34
31 35
18 36
36 37
37 38
36 39
36 40
16 41
41 42
42 43
43 44
43 45
43 46
16 47
47 48
48 49
49 50
50 51
49 52
48 53
53 54
54 55
53 56
47 57
57 58
58 59
59 60
60 61
60 62
60 63
63 64
57 65
65 66
66 67
67 68
66 69
65 70
70 71
71 72
72 73
73 74
72 75
75 76
76 77
75 78
70 79
79 80
80 81
81 82
80 83
83 84
84 85
83 86
57 87
87 88
88 89
89 90
88 91
87 92
92 93
93 94
94 95
95 96
94 97
97 98
98 99
97 100
92 101
101 102
102 103
103 104
102 105
105 106
106 107
105 108
57 109
109 110
110 111
111 112
110 113
113 114
114 115
113 116
57 117
117 118
118 119
119 120
118 121
117 122
122 123
123 124
124 125
125 126
124 127
127 128
128 129
127 130
130 131
131 132
130 133
133 134
134 135
133 136
117 137
137 138
138 139
139 140
140 141
141 142
140 143
139 144
144 145
145 146
144 147
147 148
148 149
147 150
137 151
151 152
152 153
153 154
152 155
155 156
156 157
155 158
16 159
159 160
160 161
161 162
160 163
159 164
164 165
165 166
166 167
167 168
168 169
167 170
166 171
171 172
172 173
171 174
174 175
16 176
176 177
177 178
