0 1
1 2
1 3
3 4
3 5
3 6
6 7
7 8
6 9
3 10
3 11
11 12
12 13
13 14
14 15
13 16
13 17
17 18
11 19
19 20
20 21
21 22
21 23
21 24
11 25
25 26
26 27
27 28
26 29
25 30
30 31
31 32
30 33
33 34
34 35
33 36
25 37
37 38
38 39
25 40
40 41
41 42
42 43
43 44
44 45
43 46
46 47
42 48
41 49
11 50
50 51
51 52
52 53
53 54
52 55
51 56
51 57
57 58
11 59
59 60
60 61
61 62
60 63
63 64
64 65
63 66
59 67
67 68
11 69
69 70
70 71
71 72
72 73
71 74
74 75
70 76
69 77
77 78
11 79
79 80
80 81
81 82
81 83
81 84
84 85
85 86
84 87
79 88
88 89
89 90
88 91
91 92
92 93
91 94
79 95
95 96
96 97
79 98
98 99
99 100
100 101
101 102
102 103
103 104
104 105
103 106
106 107
107 108
106 109
102 110
110 111
111 112
112 113
111 114
114 115
110 116
101 117
117 118
118 119
119 120
120 121
119 122
122 123
123 124
122 125
118 126
117 127
100 128
128 129
129 130
130 131
129 132
132 133
133 134
132 135
128 136
136 137
137 138
136 139
139 140
99 141
141 142
142 143
143 144
144 145
145 146
144 147
147 148
148 149
147 150
143 151
11 152
152 153
153 154
154 155
155 156
154 157
157 158
158 159
159 160
158 161
157 162
153 163
