0 1
1 2
1 3
3 4
3 5
3 6
6 7
6 8
3 9
3 10
10 11
11 12
12 13
13 14
12 15
11 16
16 17
17 18
10 19
19 20
20 21
21 22
22 23
21 24
21 25
25 26
25 27
27 28
28 29
28 30
30 31
10 32
32 33
33 34
33 35
35 36
33 37
37 38
10 39
39 40
40 41
41 42
41 43
41 44
40 45
45 46
45 47
45 48
48 49
49 50
50 51
49 52
48 53
39 54
54 55
55 56
54 57
57 58
39 59
59 60
60 61
39 62
62 63
63 64
39 65
65 66
66 67
67 68
68 69
69 70
68 71
71 72
67 73
73 74
74 75
73 76
76 77
66 78
78 79
79 80
10 81
81 82
1 83
83 84
83 85
83 86
86 87
87 88
86 89
83 90
90 91
90 92
83 93
83 94
94 95
95 96
96 97
97 98
97 99
97 100
95 101
101 102
102 103
101 104
104 105
105 106
104 107
95 108
108 109
109 110
95 111
111 112
112 113
113 114
114 115
115 116
114 117
117 118
113 119
119 120
120 121
119 122
111 123
123 124
124 125
125 126
124 127
1 128
128 129
128 130
128 131
131 132
131 133
128 134
128 135
135 136
136 137
137 138
138 139
138 140
138 141
135 142
142 143
143 144
144 145
143 146
142 147
147 148
148 149
149 150
150 151
149 152
147 153
153 154
154 155
155 156
135 157
157 158
158 159
