0 1
1 2
1 3
3 4
3 5
3 6
6 7
6 8
3 9
3 10
10 11
11 12
12 13
13 14
12 15
11 16
16 17
17 18
10 19
19 20
20 21
21 22
22 23
21 24
21 25
25 26
26 27
25 28
25 29
29 30
10 31
31 32
32 33
32 34
34 35
32 36
32 37
37 38
38 39
39 40
38 41
37 42
1 43
43 44
43 45
43 46
46 47
47 48
46 49
43 50
50 51
50 52
43 53
53 54
53 55
43 56
43 57
57 58
58 59
59 60
60 61
59 62
62 63
58 64
64 65
65 66
57 67
67 68
68 69
69 70
70 71
69 72
69 73
73 74
68 75
75 76
76 77
75 78
75 79
79 80
67 81
81 82
82 83
57 84
84 85
85 86
85 87
87 88
85 89
89 90
90 91
89 92
85 93
93 94
94 95
93 96
