0 1
1 2
1 3
3 4
3 5
3 6
6 7
7 8
6 9
3 10
3 11
11 12
12 13
13 14
14 15
15 16
15 17
17 18
14 19
14 20
20 21
21 22
11 23
23 24
24 25
25 26
26 27
27 28
28 29
29 30
28 31
27 32
26 33
33 34
34 35
35 36
34 37
33 38
24 39
39 40
40 41
39 42
23 43
43 44
11 45
45 46
46 47
47 48
47 49
47 50
11 51
51 52
52 53
53 54
52 55
52 56
56 57
11 58
58 59
59 60
60 61
61 62
60 63
58 64
64 65
65 66
66 67
67 68
67 69
67 70
70 71
71 72
70 73
64 74
74 75
75 76
76 77
76 78
76 79
74 80
80 81
81 82
80 83
83 84
74 85
85 86
86 87
74 88
88 89
89 90
90 91
91 92
92 93
91 94
91 95
95 96
96 97
95 98
88 99
99 100
100 101
101 102
102 103
101 104
100 105
99 106
106 107
107 108
108 109
109 110
108 111
108 112
112 113
113 114
112 115
106 116
116 117
117 118
118 119
119 120
120 121
121 122
120 123
119 124
118 125
117 126
126 127
127 128
128 129
129 130
128 131
127 132
126 133
116 134
134 135
135 136
136 137
137 138
136 139
139 140
140 141
141 142
140 143
139 144
88 145
145 146
146 147
147 148
148 149
147 150
146 151
145 152
152 153
153 154
154 155
155 156
154 157
154 158
158 159
159 160
158 161
11 162
162 163
163 164
