0 1
1 2
1 3
3 4
3 5
3 6
6 7
7 8
8 9
6 10
3 11
3 12
12 13
13 14
14 15
15 16
14 17
14 18
18 19
14 20
20 21
21 22
21 23
20 24
24 25
24 26
20 27
27 28
28 29
29 30
30 31
31 32
30 33
29 34
34 35
35 36
34 37
28 38
38 39
39 40
40 41
41 42
40 43
39 44
44 45
45 46
44 47
27 48
48 49
49 50
50 51
51 52
50 53
49 54
54 55
55 56
54 57
12 58
58 59
59 60
60 61
60 62
60 63
12 64
64 65
65 66
66 67
66 68
66 69
64 70
70 71
71 72
70 73
73 74
74 75
75 76
74 77
73 78
64 79
79 80
80 81
64 82
82 83
83 84
84 85
85 86
86 87
87 88
86 89
89 90
85 91
84 92
92 93
93 94
94 95
93 96
96 97
97 98
96 99
92 100
83 101
101 102
102 103
103 104
104 105
105 106
106 107
105 108
108 109
109 110
108 111
104 112
103 113
113 114
114 115
115 116
114 117
117 118
113 119
102 120
120 121
121 122
122 123
123 124
124 125
123 126
126 127
127 128
126 129
122 130
121 131
131 132
132 133
133 134
132 135
135 136
131 137
101 138
138 139
139 140
140 141
12 142
142 143
143 144
