0 1
1 2
1 3
3 4
3 5
3 6
6 7
7 8
8 9
6 10
3 11
3 12
12 13
13 14
14 15
15 16
14 17
14 18
18 19
14 20
20 21
21 22
21 23
20 24
24 25
24 26
20 27
27 28
28 29
29 30
28 31
28 32
32 33
33 34
32 35
28 36
36 37
37 38
36 39
12 40
40 41
41 42
42 43
42 44
42 45
12 46
46 47
47 48
48 49
48 50
48 51
12 52
52 53
53 54
54 55
54 56
54 57
52 58
58 59
59 60
58 61
61 62
62 63
61 64
52 65
65 66
66 67
52 68
68 69
69 70
70 71
71 72
71 73
71 74
74 75
75 76
76 77
75 78
78 79
74 80
68 81
81 82
82 83
83 84
84 85
85 86
84 87
87 88
83 89
82 90
90 91
91 92
92 93
91 94
94 95
90 96
81 97
97 98
98 99
99 100
100 101
97 102
102 103
103 104
104 105
103 106
106 107
12 108
108 109
109 110
110 111
111 112
110 113
109 114
114 115
