0 1
1 2
1 3
3 4
3 5
3 6
6 7
7 8
8 9
6 10
3 11
3 12
12 13
13 14
14 15
15 16
16 17
15 18
14 19
19 20
20 21
21 22
20 23
19 24
13 25
25 26
12 27
27 28
28 29
29 30
29 31
29 32
12 33
33 34
34 35
35 36
34 37
34 38
38 39
34 40
40 41
41 42
41 43
40 44
44 45
44 46
40 47
47 48
48 49
49 50
50 51
49 52
48 53
53 54
54 55
53 56
12 57
57 58
58 59
59 60
59 61
59 62
62 63
63 64
64 65
63 66
62 67
12 68
68 69
69 70
70 71
70 72
70 73
68 74
74 75
75 76
74 77
77 78
78 79
77 80
68 81
81 82
82 83
68 84
84 85
85 86
86 87
87 88
88 89
89 90
88 91
91 92
87 93
86 94
94 95
85 96
96 97
97 98
98 99
99 100
96 101
101 102
102 103
103 104
102 105
105 106
106 107
105 108
105 109
109 110
105 111
111 112
112 113
113 114
112 115
115 116
111 117
85 118
118 119
119 120
120 121
121 122
120 123
123 124
124 125
125 126
124 127
127 128
123 129
12 130
130 131
131 132
