0 1
1 2
1 3
3 4
3 5
3 6
6 7
7 8
8 9
6 10
3 11
3 12
12 13
13 14
14 15
15 16
15 17
15 18
18 19
19 20
18 21
12 22
22 23
23 24
24 25
23 26
23 27
27 28
23 29
29 30
30 31
30 32
32 33
29 34
34 35
34 36
34 37
37 38
38 39
37 40
34 41
41 42
42 43
41 44
34 45
34 46
46 47
47 48
48 49
49 50
50 51
49 52
48 53
53 54
54 55
53 56
12 57
57 58
58 59
59 60
59 61
59 62
12 63
63 64
64 65
65 66
65 67
65 68
63 69
69 70
70 71
69 72
72 73
73 74
72 75
63 76
76 77
77 78
63 79
79 80
80 81
81 82
82 83
83 84
84 85
83 86
86 87
82 88
81 89
89 90
90 91
91 92
90 93
93 94
94 95
93 96
89 97
80 98
98 99
99 100
100 101
101 102
102 103
103 104
102 105
105 106
101 107
100 108
108 109
109 110
110 111
109 112
112 113
113 114
112 115
108 116
98 117
117 118
118 119
119 120
120 121
121 122
120 123
123 124
119 125
118 126
126 127
127 128
128 129
127 130
130 131
131 132
130 133
126 134
98 135
135 136
136 137
137 138
80 139
139 140
12 141
141 142
142 143
