0 1
1 2
1 3
3 4
3 5
3 6
6 7
7 8
8 9
6 10
3 11
3 12
12 13
12 14
14 15
15 16
16 17
15 18
15 19
19 20
15 21
21 22
22 23
22 24
21 25
25 26
25 27
21 28
28 29
29 30
30 31
31 32
30 33
29 34
34 35
35 36
34 37
12 38
38 39
39 40
40 41
41 42
41 43
43 44
40 45
40 46
46 47
47 48
12 49
49 50
50 51
51 52
51 53
51 54
12 55
55 56
56 57
57 58
58 59
57 60
55 61
61 62
55 63
63 64
64 65
65 66
66 67
67 68
68 69
67 70
65 71
71 72
72 73
73 74
72 75
71 76
76 77
77 78
78 79
77 80
76 81
64 82
82 83
83 84
84 85
85 86
64 87
87 88
88 89
89 90
90 91
89 92
89 93
93 94
12 95
95 96
96 97
