0 1
1 2
1 3
3 4
3 5
3 6
6 7
7 8
6 9
3 10
10 11
11 12
10 13
3 14
3 15
15 16
16 17
17 18
18 19
18 20
18 21
21 22
22 23
21 24
15 25
25 26
26 27
27 28
27 29
27 30
30 31
31 32
30 33
15 34
34 35
35 36
36 37
37 38
36 39
36 40
40 41
41 42
40 43
15 44
44 45
45 46
46 47
47 48
46 49
46 50
50 51
51 52
50 53
15 54
54 55
55 56
56 57
55 58
58 59
54 60
60 61
15 62
62 63
63 64
64 65
63 66
62 67
67 68
15 69
69 70
70 71
71 72
71 73
71 74
15 75
75 76
76 77
77 78
77 79
77 80
15 81
81 82
82 83
83 84
82 85
85 86
81 87
87 88
88 89
89 90
90 91
91 92
90 93
93 94
89 95
95 96
96 97
95 98
98 99
88 100
100 101
101 102
102 103
103 104
87 105
105 106
106 107
107 108
87 109
109 110
110 111
111 112
110 113
113 114
109 115
115 116
116 117
15 118
118 119
