0 1
1 2
1 3
3 4
3 5
3 6
6 7
7 8
6 9
3 10
10 11
11 12
10 13
3 14
3 15
15 16
16 17
17 18
18 19
19 20
18 21
18 22
22 23
23 24
22 25
15 26
26 27
27 28
28 29
29 30
28 31
28 32
32 33
33 34
32 35
15 36
36 37
37 38
38 39
38 40
38 41
37 42
42 43
42 44
42 45
15 46
46 47
47 48
48 49
47 50
46 51
51 52
52 53
53 54
52 55
55 56
56 57
55 58
51 59
59 60
60 61
59 62
62 63
63 64
62 65
46 66
66 67
67 68
46 69
69 70
70 71
71 72
72 73
73 74
72 75
75 76
71 77
77 78
78 79
77 80
80 81
70 82
82 83
83 84
84 85
15 86
86 87
87 88
88 89
87 90
90 91
91 92
90 93
86 94
94 95
86 96
96 97
