0 1
1 2
1 3
3 4
3 5
3 6
6 7
7 8
6 9
3 10
10 11
11 12
10 13
3 14
3 15
15 16
16 17
17 18
18 19
18 20
18 21
21 22
22 23
21 24
15 25
25 26
26 27
27 28
27 29
27 30
30 31
31 32
30 33
15 34
34 35
35 36
36 37
37 38
38 39
36 40
36 41
41 42
41 43
43 44
44 45
45 46
44 47
41 48
48 49
49 50
50 51
49 52
15 53
53 54
54 55
55 56
56 57
57 58
56 59
55 60
54 61
15 62
62 63
63 64
64 65
64 66
64 67
62 68
68 69
69 70
68 71
71 72
62 73
73 74
74 75
62 76
76 77
77 78
78 79
79 80
79 81
79 82
77 83
83 84
84 85
83 86
86 87
77 88
88 89
89 90
77 91
91 92
92 93
93 94
94 95
95 96
94 97
94 98
98 99
99 100
98 101
93 102
102 103
103 104
102 105
102 106
106 107
107 108
106 109
92 110
110 111
111 112
112 113
113 114
114 115
115 116
114 117
117 118
113 119
119 120
112 121
121 122
122 123
123 124
124 125
123 126
126 127
127 128
126 129
122 130
130 131
131 132
130 133
121 134
92 135
135 136
136 137
137 138
138 139
139 140
140 141
139 142
142 143
138 144
144 145
137 146
146 147
147 148
146 149
146 150
150 151
151 152
152 153
151 154
154 155
155 156
154 157
150 158
158 159
146 160
160 161
161 162
162 163
161 164
164 165
160 166
166 167
167 168
166 169
15 170
170 171
171 172
172 173
173 174
174 175
173 176
176 177
172 178
178 179
171 180
180 181
