0 1
1 2
1 3
3 4
3 5
3 6
6 7
7 8
6 9
3 10
10 11
10 12
3 13
13 14
14 15
13 16
3 17
17 18
17 19
3 20
3 21
21 22
22 23
23 24
24 25
24 26
23 27
27 28
27 29
21 30
30 31
31 32
32 33
31 34
30 35
35 36
36 37
37 38
38 39
37 40
36 41
36 42
42 43
43 44
44 45
45 46
45 47
45 48
42 49
49 50
50 51
51 52
50 53
49 54
54 55
55 56
54 57
57 58
49 59
59 60
60 61
49 62
62 63
63 64
64 65
65 66
66 67
65 68
68 69
64 70
63 71
71 72
72 73
73 74
74 75
75 76
74 77
77 78
73 79
79 80
80 81
79 82
82 83
71 84
84 85
85 86
86 87
30 88
88 89
89 90
90 91
91 92
90 93
89 94
94 95
95 96
96 97
97 98
96 99
99 100
95 101
101 102
102 103
101 104
104 105
105 106
104 107
107 108
95 109
109 110
110 111
95 112
112 113
113 114
114 115
115 116
116 117
115 118
118 119
114 120
120 121
121 122
120 123
123 124
124 125
125 126
126 127
125 128
128 129
124 130
130 131
123 132
94 133
133 134
134 135
135 136
134 137
133 138
138 139
139 140
138 141
141 142
142 143
143 144
142 145
141 146
133 147
147 148
148 149
133 150
150 151
151 152
152 153
153 154
152 155
155 156
156 157
155 158
151 159
159 160
160 161
159 162
162 163
163 164
162 165
151 166
166 167
167 168
151 169
169 170
170 171
171 172
172 173
173 174
172 175
175 176
171 177
177 178
178 179
177 180
180 181
170 182
182 183
183 184
184 185
185 186
185 187
185 188
188 189
189 190
188 191
191 192
182 193
193 194
194 195
195 196
196 197
195 198
198 199
194 200
200 201
201 202
200 203
203 204
182 205
205 206
206 207
207 208
208 209
207 210
210 211
206 212
212 213
