0 1
1 2
1 3
3 4
3 5
3 6
6 7
7 8
6 9
3 10
10 11
10 12
3 13
13 14
14 15
13 16
3 17
17 18
17 19
3 20
3 21
21 22
22 23
23 24
24 25
25 26
24 27
23 28
28 29
29 30
28 31
22 32
32 33
33 34
34 35
35 36
36 37
35 38
38 39
39 40
38 41
34 42
42 43
43 44
42 45
45 46
46 47
45 48
33 49
49 50
50 51
51 52
52 53
53 54
52 55
55 56
56 57
57 58
56 59
59 60
55 61
51 62
62 63
63 64
62 65
65 66
66 67
65 68
49 69
69 70
70 71
71 72
33 73
73 74
74 75
75 76
76 77
77 78
76 79
79 80
80 81
81 82
80 83
83 84
79 85
75 86
86 87
87 88
86 89
89 90
90 91
89 92
73 93
93 94
94 95
95 96
21 97
97 98
98 99
99 100
98 101
97 102
102 103
103 104
104 105
105 106
106 107
105 108
108 109
109 110
110 111
109 112
112 113
108 114
104 115
115 116
116 117
115 118
118 119
119 120
118 121
102 122
122 123
123 124
124 125
