0 1
1 2
1 3
3 4
3 5
3 6
6 7
7 8
6 9
3 10
10 11
11 12
10 13
3 14
3 15
15 16
16 17
17 18
18 19
18 20
18 21
17 22
22 23
22 24
22 25
25 26
15 27
27 28
28 29
29 30
29 31
29 32
28 33
33 34
33 35
33 36
36 37
37 38
36 39
15 40
40 41
41 42
42 43
42 44
42 45
41 46
46 47
46 48
46 49
15 50
50 51
51 52
52 53
52 54
52 55
50 56
56 57
57 58
56 59
59 60
50 61
61 62
62 63
50 64
64 65
65 66
66 67
67 68
66 69
69 70
70 71
69 72
72 73
64 74
74 75
75 76
76 77
75 78
78 79
79 80
78 81
81 82
15 83
83 84
84 85
85 86
85 87
85 88
15 89
89 90
90 91
91 92
90 93
93 94
89 95
95 96
96 97
15 98
98 99
99 100
100 101
99 102
102 103
103 104
102 105
98 106
106 107
107 108
108 109
109 110
108 111
111 112
112 113
113 114
112 115
115 116
116 117
115 118
118 119
111 120
120 121
121 122
120 123
123 124
106 125
125 126
126 127
127 128
126 129
125 130
130 131
131 132
132 133
133 134
132 135
135 136
136 137
135 138
130 139
139 140
140 141
141 142
140 143
106 144
144 145
145 146
146 147
15 148
148 149
149 150
