0 1
1 2
1 3
3 4
3 5
3 6
6 7
7 8
6 9
3 10
10 11
11 12
10 13
3 14
3 15
15 16
16 17
17 18
18 19
18 20
18 21
21 22
22 23
21 24
15 25
25 26
26 27
27 28
28 29
28 30
30 31
27 32
27 33
33 34
34 35
15 36
36 37
37 38
38 39
39 40
38 41
38 42
42 43
42 44
44 45
45 46
15 47
47 48
48 49
49 50
49 51
49 52
52 53
53 54
52 55
47 56
56 57
57 58
56 59
59 60
47 61
61 62
62 63
47 64
64 65
65 66
66 67
67 68
66 69
69 70
65 71
71 72
72 73
73 74
72 75
75 76
71 77
77 78
78 79
77 80
80 81
15 82
82 83
83 84
84 85
83 86
83 87
87 88
88 89
87 90
90 91
91 92
90 93
87 94
15 95
95 96
96 97
97 98
97 99
97 100
95 101
101 102
102 103
101 104
104 105
95 106
106 107
107 108
95 109
109 110
110 111
111 112
112 113
113 114
112 115
112 116
116 117
117 118
116 119
109 120
120 121
121 122
122 123
123 124
122 125
121 126
120 127
127 128
128 129
129 130
130 131
131 132
130 133
129 134
134 135
135 136
134 137
137 138
127 139
139 140
140 141
141 142
142 143
143 144
142 145
141 146
140 147
147 148
148 149
149 150
148 151
147 152
139 153
153 154
154 155
155 156
156 157
157 158
156 159
156 160
160 161
161 162
160 163
153 164
164 165
165 166
166 167
167 168
166 169
165 170
170 171
171 172
170 173
153 174
174 175
175 176
176 177
175 178
175 179
179 180
139 181
181 182
182 183
183 184
184 185
183 186
183 187
187 188
120 189
189 190
190 191
191 192
192 193
193 194
192 195
195 196
191 197
190 198
198 199
199 200
200 201
201 202
202 203
201 204
200 205
205 206
206 207
205 208
208 209
198 210
210 211
211 212
212 213
211 214
211 215
215 216
190 217
217 218
218 219
219 220
220 221
219 222
219 223
223 224
217 225
225 226
226 227
227 228
226 229
226 230
230 231
231 232
230 233
233 234
234 235
233 236
236 237
230 238
238 239
15 240
240 241
241 242
242 243
243 244
242 245
242 246
246 247
247 248
246 249
15 250
250 251
251 252
252 253
253 254
252 255
251 256
250 257
257 258
258 259
250 260
260 261
261 262
262 263
263 264
262 265
261 266
260 267
267 268
268 269
269 270
268 271
260 272
272 273
273 274
274 275
275 276
276 277
275 278
274 279
273 280
280 281
281 282
282 283
283 284
284 285
283 286
282 287
281 288
288 289
289 290
288 291
280 292
272 293
293 294
294 295
295 296
294 297
272 298
298 299
299 300
0 301
301 302
301 303
301 304
304 305
304 306
306 307
306 308
301 309
309 310
309 311
311 312
311 313
301 314
314 315
314 316
314 317
317 318
317 319
314 320
320 321
320 322
314 323
323 324
324 325
325 326
326 327
326 328
325 329
329 330
323 331
331 332
332 333
333 334
333 335
332 336
336 337
