0 1
1 2
1 3
3 4
3 5
3 6
6 7
7 8
6 9
3 10
10 11
11 12
10 13
3 14
3 15
15 16
16 17
17 18
18 19
18 20
18 21
15 22
22 23
23 24
24 25
24 26
24 27
15 28
28 29
29 30
30 31
30 32
30 33
33 34
15 35
35 36
36 37
37 38
37 39
37 40
15 41
41 42
42 43
43 44
43 45
43 46
41 47
47 48
48 49
47 50
50 51
51 52
50 53
41 54
54 55
55 56
41 57
57 58
58 59
59 60
60 61
59 62
62 63
63 64
62 65
65 66
57 67
67 68
68 69
69 70
68 71
71 72
72 73
71 74
74 75
15 76
76 77
77 78
78 79
77 80
76 81
81 82
82 83
15 84
84 85
85 86
86 87
85 88
15 89
89 90
90 91
91 92
91 93
91 94
89 95
95 96
96 97
95 98
98 99
99 100
98 101
89 102
102 103
103 104
89 105
105 106
106 107
107 108
108 109
107 110
110 111
111 112
112 113
111 114
114 115
110 116
116 117
117 118
116 119
119 120
105 121
121 122
122 123
123 124
122 125
125 126
126 127
127 128
126 129
129 130
130 131
129 132
132 133
125 134
134 135
135 136
134 137
137 138
105 139
139 140
140 141
141 142
142 143
141 144
144 145
140 146
146 147
147 148
148 149
149 150
148 151
147 152
152 153
153 154
154 155
153 156
156 157
152 158
158 159
159 160
158 161
139 162
162 163
163 164
164 165
165 166
164 167
167 168
162 169
169 170
170 171
171 172
170 173
173 174
139 175
175 176
176 177
177 178
176 179
175 180
180 181
181 182
182 183
183 184
182 185
185 186
180 187
187 188
188 189
189 190
188 191
15 192
192 193
193 194
