0 1
1 2
1 3
1 4
4 5
4 6
4 7
7 8
8 9
7 10
4 11
11 12
12 13
11 14
4 15
4 16
16 17
17 18
18 19
19 20
19 21
19 22
16 23
23 24
24 25
25 26
25 27
25 28
23 29
29 30
30 31
29 32
32 33
33 34
32 35
23 36
36 37
37 38
23 39
39 40
40 41
41 42
42 43
41 44
44 45
45 46
46 47
47 48
46 49
49 50
45 51
51 52
52 53
51 54
54 55
16 56
56 57
57 58
58 59
57 60
56 61
61 62
62 63
16 64
64 65
65 66
66 67
66 68
66 69
16 70
70 71
71 72
72 73
72 74
72 75
16 76
76 77
77 78
78 79
78 80
78 81
76 82
82 83
83 84
82 85
85 86
86 87
85 88
76 89
89 90
90 91
76 92
92 93
93 94
94 95
95 96
94 97
97 98
98 99
99 100
100 101
99 102
102 103
98 104
104 105
105 106
104 107
107 108
92 109
109 110
110 111
111 112
110 113
109 114
114 115
115 116
116 117
117 118
116 119
114 120
120 121
121 122
122 123
121 124
124 125
125 126
124 127
16 128
128 129
129 130
16 131
16 132
16 133
16 134
16 135
16 136
16 137
16 138
16 139
16 140
16 141
16 142
16 143
16 144
16 145
16 146
16 147
16 148
16 149
16 150
16 151
