0 1
1 2
1 3
3 4
3 5
3 6
6 7
7 8
6 9
3 10
10 11
11 12
10 13
3 14
14 15
3 16
16 17
17 18
18 19
19 20
20 21
20 22
22 23
20 24
24 25
19 26
19 27
27 28
28 29
16 30
30 31
31 32
32 33
32 34
16 35
35 36
36 37
37 38
38 39
38 40
40 41
37 42
37 43
43 44
44 45
44 46
46 47
16 48
48 49
49 50
50 51
49 52
48 53
53 54
54 55
53 56
56 57
57 58
56 59
48 60
60 61
61 62
48 63
63 64
64 65
65 66
66 67
67 68
66 69
66 70
70 71
71 72
70 73
73 74
64 75
75 76
76 77
77 78
76 79
76 80
80 81
81 82
80 83
83 84
76 85
64 86
86 87
87 88
88 89
87 90
87 91
91 92
92 93
91 94
94 95
87 96
96 97
97 98
98 99
97 100
97 101
101 102
102 103
101 104
104 105
96 106
16 107
107 108
108 109
109 110
108 111
107 112
112 113
113 114
112 115
115 116
116 117
115 118
107 119
119 120
120 121
107 122
122 123
123 124
124 125
125 126
126 127
125 128
125 129
129 130
130 131
129 132
132 133
124 134
134 135
135 136
136 137
135 138
135 139
139 140
140 141
139 142
142 143
134 144
123 145
145 146
146 147
147 148
148 149
147 150
147 151
151 152
152 153
151 154
154 155
145 156
156 157
157 158
158 159
157 160
157 161
161 162
162 163
161 164
164 165
157 166
166 167
167 168
168 169
167 170
167 171
171 172
172 173
171 174
174 175
166 176
16 177
177 178
178 179
179 180
179 181
179 182
16 183
183 184
184 185
185 186
186 187
185 188
185 189
189 190
189 191
191 192
192 193
193 194
192 195
16 196
196 197
197 198
198 199
198 200
196 201
201 202
196 203
203 204
204 205
205 206
206 207
205 208
208 209
209 210
204 211
211 212
16 213
213 214
214 215
