0 1
1 2
1 3
3 4
3 5
3 6
6 7
7 8
6 9
3 10
10 11
11 12
10 13
3 14
14 15
3 16
16 17
17 18
18 19
19 20
18 21
18 22
22 23
16 24
24 25
25 26
26 27
25 28
25 29
29 30
16 31
31 32
32 33
33 34
34 35
34 36
36 37
33 38
33 39
39 40
40 41
16 42
42 43
43 44
44 45
44 46
44 47
43 48
48 49
48 50
48 51
42 52
52 53
53 54
54 55
53 56
56 57
57 58
56 59
52 60
60 61
61 62
60 63
63 64
64 65
63 66
42 67
67 68
68 69
69 70
70 71
71 72
70 73
73 74
69 75
75 76
76 77
75 78
78 79
68 80
80 81
81 82
82 83
83 84
82 85
82 86
86 87
87 88
86 89
89 90
80 91
91 92
92 93
93 94
80 95
95 96
96 97
97 98
68 99
99 100
100 101
101 102
102 103
101 104
104 105
100 106
106 107
107 108
106 109
109 110
99 111
111 112
112 113
113 114
114 115
99 116
116 117
117 118
118 119
119 120
16 121
121 122
122 123
123 124
124 125
123 126
123 127
127 128
127 129
129 130
130 131
131 132
130 133
16 134
134 135
135 136
136 137
136 138
136 139
134 140
140 141
141 142
140 143
143 144
144 145
143 146
134 147
147 148
148 149
134 150
150 151
151 152
152 153
153 154
154 155
153 156
156 157
152 158
158 159
159 160
158 161
158 162
162 163
16 164
164 165
165 166
