0 1
1 2
1 3
3 4
3 5
3 6
6 7
7 8
6 9
3 10
10 11
11 12
10 13
3 14
14 15
3 16
16 17
17 18
18 19
19 20
20 21
20 22
22 23
19 24
19 25
25 26
26 27
16 28
28 29
29 30
30 31
31 32
31 33
33 34
31 35
35 36
30 37
30 38
38 39
39 40
16 41
41 42
42 43
43 44
44 45
43 46
42 47
47 48
48 49
47 50
41 51
51 52
52 53
53 54
53 55
55 56
53 57
57 58
51 59
59 60
60 61
61 62
61 63
59 64
64 65
59 66
66 67
67 68
68 69
69 70
70 71
69 72
69 73
73 74
68 75
75 76
76 77
77 78
76 79
76 80
80 81
75 82
67 83
83 84
84 85
85 86
86 87
85 88
85 89
89 90
85 91
91 92
92 93
93 94
92 95
92 96
96 97
91 98
83 99
99 100
100 101
101 102
100 103
100 104
104 105
41 106
106 107
107 108
108 109
108 110
110 111
108 112
112 113
106 114
114 115
115 116
116 117
116 118
114 119
119 120
114 121
121 122
122 123
123 124
124 125
125 126
124 127
124 128
128 129
123 130
130 131
131 132
132 133
131 134
131 135
135 136
130 137
122 138
138 139
139 140
140 141
141 142
140 143
140 144
144 145
140 146
146 147
147 148
148 149
147 150
147 151
151 152
146 153
138 154
154 155
155 156
156 157
155 158
155 159
159 160
16 161
161 162
162 163
163 164
164 165
163 166
163 167
167 168
167 169
169 170
170 171
171 172
170 173
16 174
174 175
175 176
176 177
176 178
176 179
174 180
180 181
181 182
180 183
183 184
184 185
183 186
174 187
187 188
188 189
174 190
190 191
191 192
192 193
193 194
194 195
193 196
196 197
192 198
198 199
199 200
198 201
198 202
202 203
16 204
204 205
205 206
1 207
207 208
207 209
207 210
210 211
211 212
211 213
213 214
211 215
215 216
210 217
207 218
218 219
219 220
218 221
207 222
207 223
223 224
224 225
225 226
226 227
226 228
226 229
224 230
230 231
231 232
230 233
233 234
234 235
233 236
224 237
237 238
238 239
224 240
240 241
241 242
242 243
243 244
244 245
243 246
243 247
247 248
248 249
247 250
250 251
241 252
252 253
253 254
254 255
255 256
254 257
254 258
258 259
259 260
258 261
261 262
254 263
241 264
264 265
265 266
266 267
267 268
266 269
266 270
270 271
271 272
270 273
273 274
266 275
275 276
276 277
277 278
276 279
276 280
280 281
281 282
280 283
283 284
275 285
