0 1
1 2
1 3
3 4
3 5
3 6
6 7
7 8
6 9
3 10
10 11
10 12
12 13
12 14
14 15
3 16
16 17
17 18
18 19
19 20
19 21
19 22
22 23
23 24
22 25
16 26
26 27
27 28
28 29
29 30
29 31
31 32
31 33
33 34
28 35
28 36
36 37
37 38
16 39
39 40
40 41
41 42
40 43
40 44
44 45
16 46
46 47
47 48
48 49
48 50
48 51
46 52
52 53
53 54
52 55
55 56
46 57
57 58
58 59
46 60
60 61
61 62
62 63
63 64
64 65
63 66
62 67
67 68
68 69
69 70
68 71
71 72
67 73
73 74
74 75
73 76
76 77
77 78
76 79
61 80
80 81
60 82
82 83
83 84
84 85
84 86
84 87
87 88
88 89
87 90
60 91
91 92
92 93
93 94
93 95
93 96
96 97
97 98
96 99
60 100
100 101
101 102
102 103
101 104
104 105
100 106
106 107
107 108
108 109
109 110
109 111
109 112
112 113
113 114
114 115
115 116
114 117
117 118
113 119
119 120
120 121
119 122
122 123
112 124
124 125
125 126
124 127
127 128
106 129
129 130
130 131
131 132
130 133
129 134
134 135
135 136
136 137
137 138
129 139
139 140
140 141
141 142
140 143
139 144
144 145
145 146
146 147
147 148
139 149
149 150
150 151
151 152
152 153
153 154
153 155
155 156
152 157
152 158
158 159
159 160
149 161
161 162
162 163
163 164
162 165
162 166
166 167
167 168
166 169
169 170
149 171
171 172
172 173
173 174
172 175
172 176
176 177
177 178
176 179
179 180
149 181
181 182
182 183
183 184
182 185
182 186
186 187
187 188
186 189
189 190
149 191
191 192
192 193
193 194
192 195
192 196
196 197
149 198
198 199
199 200
200 201
149 202
202 203
203 204
204 205
149 206
206 207
207 208
208 209
209 210
208 211
211 212
207 213
213 214
214 215
215 216
214 217
217 218
213 219
219 220
220 221
219 222
222 223
223 224
222 225
206 226
226 227
227 228
228 229
229 230
149 231
231 232
232 233
233 234
234 235
233 236
236 237
232 238
238 239
239 240
240 241
239 242
242 243
238 244
244 245
245 246
244 247
247 248
248 249
247 250
231 251
251 252
252 253
253 254
254 255
16 256
256 257
257 258
