0 1
1 2
1 3
3 4
3 5
3 6
6 7
7 8
6 9
3 10
10 11
10 12
12 13
12 14
14 15
3 16
16 17
17 18
18 19
19 20
20 21
20 22
22 23
22 24
24 25
19 26
19 27
27 28
28 29
16 30
30 31
31 32
32 33
33 34
33 35
35 36
35 37
37 38
32 39
32 40
40 41
41 42
16 43
43 44
44 45
45 46
45 47
45 48
43 49
49 50
50 51
49 52
52 53
53 54
52 55
43 56
56 57
57 58
43 59
59 60
60 61
61 62
62 63
62 64
62 65
65 66
66 67
65 68
60 69
69 70
70 71
69 72
72 73
73 74
72 75
60 76
76 77
77 78
60 79
79 80
80 81
81 82
82 83
82 84
82 85
85 86
86 87
85 88
80 89
89 90
90 91
89 92
92 93
93 94
92 95
80 96
96 97
97 98
80 99
99 100
100 101
101 102
102 103
103 104
104 105
105 106
104 107
107 108
103 109
109 110
110 111
109 112
112 113
102 114
114 115
115 116
114 117
117 118
101 119
100 120
120 121
121 122
122 123
123 124
124 125
124 126
126 127
123 128
123 129
129 130
130 131
120 132
132 133
133 134
134 135
133 136
133 137
137 138
138 139
137 140
140 141
120 142
142 143
143 144
144 145
143 146
143 147
147 148
148 149
147 150
150 151
120 152
152 153
153 154
154 155
153 156
153 157
157 158
158 159
157 160
160 161
120 162
162 163
163 164
164 165
163 166
163 167
167 168
120 169
169 170
170 171
171 172
170 173
170 174
174 175
169 176
176 177
169 178
178 179
179 180
180 181
181 182
180 183
180 184
184 185
178 186
186 187
187 188
188 189
187 190
187 191
191 192
16 193
193 194
194 195
