0 1
1 2
1 3
1 4
4 5
4 6
4 7
7 8
8 9
7 10
4 11
11 12
11 13
13 14
13 15
15 16
4 17
17 18
18 19
19 20
20 21
21 22
21 23
23 24
23 25
25 26
20 27
20 28
28 29
29 30
17 31
31 32
32 33
33 34
32 35
32 36
36 37
17 38
38 39
39 40
40 41
40 42
40 43
38 44
44 45
45 46
44 47
47 48
48 49
49 50
48 51
47 52
38 53
53 54
54 55
38 56
56 57
57 58
58 59
59 60
60 61
59 62
58 63
63 64
64 65
65 66
66 67
65 68
64 69
69 70
70 71
71 72
70 73
73 74
69 75
75 76
76 77
75 78
78 79
79 80
78 81
57 82
82 83
83 84
84 85
85 86
85 87
85 88
88 89
89 90
88 91
82 92
92 93
93 94
94 95
94 96
94 97
97 98
98 99
99 100
98 101
97 102
82 103
103 104
104 105
105 106
105 107
105 108
108 109
109 110
110 111
109 112
112 113
82 114
114 115
115 116
116 117
115 118
118 119
114 120
120 121
121 122
122 123
123 124
124 125
125 126
124 127
127 128
123 129
129 130
130 131
129 132
132 133
122 134
134 135
121 136
136 137
137 138
138 139
139 140
138 141
138 142
142 143
143 144
142 145
142 146
146 147
147 148
146 149
149 150
142 151
151 152
152 153
151 154
154 155
142 156
156 157
157 158
156 159
159 160
136 161
161 162
162 163
163 164
164 165
163 166
166 167
162 168
168 169
169 170
170 171
169 172
172 173
168 174
174 175
175 176
174 177
177 178
178 179
177 180
161 181
181 182
182 183
183 184
136 185
185 186
186 187
187 188
188 189
187 190
190 191
186 192
192 193
193 194
194 195
193 196
196 197
192 198
198 199
199 200
198 201
201 202
202 203
201 204
185 205
205 206
206 207
207 208
136 209
209 210
210 211
211 212
136 213
213 214
214 215
215 216
121 217
217 218
218 219
219 220
220 221
221 222
220 223
223 224
219 225
225 226
226 227
225 228
228 229
218 230
230 231
217 232
232 233
233 234
234 235
235 236
217 237
237 238
238 239
239 240
240 241
17 242
242 243
243 244
1 245
245 246
245 247
245 248
245 249
249 250
250 251
251 252
249 253
245 254
245 255
255 256
256 257
257 258
258 259
259 260
258 261
258 262
262 263
263 264
262 265
262 266
262 267
262 268
268 269
262 270
270 271
255 272
272 273
273 274
274 275
275 276
274 277
274 278
278 279
279 280
255 281
281 282
282 283
283 284
284 285
284 286
286 287
286 288
288 289
283 290
283 291
291 292
292 293
291 294
291 295
295 296
255 297
297 298
298 299
299 300
300 301
299 302
298 303
298 304
304 305
