0 1
1 2
1 3
3 4
3 5
3 6
6 7
7 8
6 9
3 10
10 11
10 12
12 13
12 14
14 15
3 16
16 17
17 18
18 19
19 20
18 21
18 22
22 23
16 24
24 25
25 26
26 27
27 28
27 29
29 30
29 31
31 32
26 33
26 34
34 35
35 36
16 37
37 38
38 39
39 40
39 41
39 42
37 43
43 44
44 45
43 46
46 47
47 48
46 49
37 50
50 51
51 52
37 53
53 54
54 55
55 56
56 57
55 58
54 59
59 60
60 61
61 62
62 63
63 64
62 65
65 66
61 67
67 68
68 69
67 70
70 71
71 72
70 73
60 74
53 75
75 76
76 77
77 78
77 79
77 80
80 81
81 82
80 83
53 84
84 85
85 86
86 87
86 88
86 89
89 90
90 91
91 92
90 93
89 94
53 95
95 96
96 97
97 98
98 99
97 100
100 101
96 102
95 103
53 104
104 105
105 106
106 107
105 108
108 109
104 110
110 111
111 112
112 113
113 114
113 115
113 116
116 117
117 118
118 119
119 120
118 121
121 122
117 123
123 124
124 125
123 126
126 127
116 128
128 129
129 130
128 131
131 132
110 133
133 134
134 135
135 136
134 137
133 138
138 139
139 140
140 141
141 142
133 143
143 144
144 145
145 146
144 147
143 148
148 149
149 150
150 151
151 152
143 153
153 154
154 155
155 156
156 157
157 158
157 159
159 160
156 161
156 162
162 163
163 164
153 165
165 166
166 167
167 168
166 169
166 170
170 171
171 172
170 173
173 174
153 175
175 176
176 177
177 178
176 179
176 180
180 181
181 182
180 183
183 184
153 185
185 186
186 187
187 188
186 189
186 190
190 191
191 192
190 193
193 194
153 195
195 196
196 197
197 198
196 199
196 200
200 201
153 202
202 203
203 204
204 205
153 206
206 207
207 208
208 209
153 210
210 211
211 212
212 213
213 214
212 215
215 216
211 217
217 218
218 219
219 220
218 221
221 222
217 223
223 224
224 225
223 226
226 227
227 228
226 229
210 230
230 231
231 232
232 233
153 234
234 235
235 236
236 237
237 238
236 239
239 240
235 241
241 242
242 243
243 244
242 245
245 246
241 247
247 248
248 249
247 250
250 251
251 252
250 253
234 254
254 255
255 256
256 257
16 258
258 259
259 260
