0 1
1 2
1 3
3 4
4 5
4 6
1 7
7 8
8 9
9 10
8 11
1 12
12 13
13 14
14 15
13 16
1 17
17 18
17 19
19 20
19 21
17 22
22 23
23 24
24 25
25 26
25 27
24 28
28 29
0 30
30 31
30 32
32 33
32 34
32 35
35 36
36 37
35 38
32 39
32 40
40 41
41 42
42 43
43 44
42 45
41 46
46 47
47 48
40 49
49 50
50 51
50 52
52 53
53 54
52 55
50 56
56 57
57 58
56 59
30 60
60 61
60 62
60 63
63 64
64 65
63 66
60 67
67 68
68 69
67 70
60 71
60 72
72 73
73 74
74 75
75 76
76 77
75 78
74 79
79 80
80 81
79 82
73 83
83 84
72 85
85 86
86 87
87 88
88 89
87 90
86 91
91 92
92 93
91 94
85 95
95 96
72 97
97 98
98 99
99 100
100 101
101 102
102 103
101 104
100 105
105 106
106 107
105 108
99 109
109 110
109 111
111 112
112 113
111 114
109 115
115 116
116 117
115 118
98 119
119 120
119 121
121 122
122 123
121 124
119 125
125 126
126 127
125 128
0 129
129 130
129 131
129 132
132 133
132 134
132 135
132 136
136 137
137 138
136 139
132 140
140 141
132 142
142 143
143 144
144 145
145 146
146 147
145 148
144 149
144 150
142 151
151 152
152 153
153 154
153 155
153 156
156 157
157 158
156 159
142 160
160 161
161 162
162 163
161 164
164 165
160 166
166 167
167 168
142 169
169 170
170 171
171 172
172 173
171 174
171 175
175 176
176 177
175 178
178 179
142 180
180 181
181 182
182 183
183 184
182 185
181 186
181 187
187 188
187 189
189 190
142 191
191 192
192 193
193 194
194 195
193 196
192 197
197 198
197 199
199 200
142 201
201 202
202 203
203 204
204 205
203 206
202 207
202 208
208 209
208 210
210 211
142 212
212 213
213 214
214 215
215 216
214 217
213 218
218 219
218 220
220 221
142 222
222 223
223 224
129 225
225 226
225 227
225 228
225 229
229 230
230 231
231 232
229 233
225 234
225 235
235 236
236 237
237 238
238 239
239 240
238 241
238 242
242 243
243 244
242 245
245 246
246 247
245 248
235 249
249 250
250 251
251 252
252 253
251 254
250 255
250 256
235 257
257 258
258 259
259 260
260 261
259 262
259 263
263 264
263 265
265 266
235 267
267 268
268 269
269 270
270 271
269 272
269 273
273 274
274 275
235 276
276 277
277 278
278 279
278 280
278 281
281 282
282 283
281 284
281 285
285 286
235 287
287 288
288 289
289 290
290 291
289 292
288 293
288 294
294 295
294 296
296 297
235 298
298 299
299 300
300 301
299 302
