0 1
1 2
1 3
3 4
3 5
3 6
6 7
7 8
6 9
3 10
3 11
11 12
12 13
13 14
14 15
15 16
16 17
15 18
14 19
13 20
20 21
21 22
22 23
21 24
20 25
12 26
26 27
11 28
28 29
29 30
29 31
31 32
32 33
31 34
29 35
35 36
36 37
35 38
1 39
39 40
39 41
39 42
42 43
43 44
42 45
39 46
46 47
47 48
46 49
39 50
39 51
51 52
52 53
53 54
54 55
55 56
54 57
53 58
58 59
59 60
58 61
52 62
62 63
51 64
64 65
65 66
66 67
67 68
68 69
69 70
68 71
67 72
72 73
73 74
72 75
66 76
76 77
77 78
78 79
77 80
76 81
81 82
82 83
81 84
65 85
85 86
86 87
87 88
86 89
85 90
90 91
91 92
90 93
64 94
94 95
51 96
96 97
97 98
98 99
98 100
100 101
101 102
100 103
98 104
104 105
105 106
104 107
97 108
108 109
108 110
110 111
111 112
110 113
108 114
114 115
115 116
114 117
