0 1
1 2
1 3
3 4
3 5
3 6
6 7
7 8
6 9
3 10
3 11
11 12
12 13
13 14
14 15
14 16
14 17
11 18
18 19
19 20
20 21
20 22
20 23
23 24
24 25
23 26
11 27
27 28
28 29
29 30
28 31
27 32
32 33
33 34
11 35
35 36
36 37
37 38
38 39
38 40
40 41
37 42
37 43
43 44
44 45
11 46
46 47
47 48
48 49
48 50
48 51
46 52
52 53
53 54
52 55
55 56
46 57
57 58
58 59
46 60
60 61
61 62
62 63
63 64
62 65
62 66
66 67
67 68
66 69
69 70
11 71
71 72
72 73
73 74
73 75
71 76
76 77
71 78
78 79
79 80
80 81
81 82
81 83
81 84
78 85
85 86
86 87
87 88
87 89
87 90
90 91
78 92
92 93
93 94
94 95
93 96
93 97
97 98
98 99
97 100
92 101
101 102
102 103
103 104
104 105
103 106
106 107
107 108
106 109
101 110
110 111
111 112
112 113
78 114
114 115
115 116
116 117
115 118
118 119
78 120
120 121
121 122
122 123
121 124
121 125
125 126
126 127
125 128
120 129
129 130
130 131
131 132
132 133
131 134
134 135
135 136
134 137
129 138
138 139
139 140
140 141
78 142
142 143
143 144
144 145
143 146
146 147
147 148
146 149
146 150
150 151
146 152
152 153
11 154
154 155
155 156
