0 1
1 2
1 3
3 4
3 5
3 6
6 7
7 8
6 9
3 10
3 11
11 12
12 13
13 14
14 15
15 16
14 17
13 18
12 19
19 20
20 21
11 22
22 23
23 24
24 25
23 26
23 27
27 28
11 29
29 30
30 31
31 32
31 33
31 34
11 35
35 36
36 37
37 38
37 39
37 40
11 41
41 42
42 43
43 44
43 45
43 46
11 47
47 48
48 49
49 50
48 51
51 52
52 53
53 54
52 55
51 56
47 57
57 58
58 59
59 60
60 61
60 62
60 63
63 64
64 65
63 66
57 67
67 68
68 69
69 70
70 71
69 72
72 73
68 74
74 75
75 76
74 77
77 78
67 79
79 80
80 81
81 82
82 83
67 84
84 85
85 86
86 87
87 88
88 89
87 90
90 91
86 92
92 93
93 94
92 95
95 96
85 97
84 98
98 99
99 100
100 101
101 102
98 103
103 104
104 105
105 106
84 107
107 108
108 109
109 110
110 111
109 112
112 113
113 114
112 115
112 116
116 117
112 118
118 119
107 120
120 121
121 122
122 123
121 124
107 125
125 126
126 127
127 128
11 129
129 130
130 131
131 132
130 133
133 134
134 135
133 136
133 137
137 138
133 139
139 140
11 141
141 142
142 143
