0 1
1 2
1 3
3 4
3 5
3 6
6 7
7 8
6 9
3 10
3 11
11 12
12 13
13 14
14 15
15 16
16 17
15 18
14 19
13 20
20 21
21 22
22 23
21 24
20 25
12 26
26 27
27 28
28 29
27 30
11 31
31 32
32 33
33 34
32 35
32 36
36 37
11 38
38 39
39 40
40 41
40 42
40 43
39 44
44 45
44 46
44 47
11 48
48 49
49 50
50 51
50 52
50 53
48 54
54 55
55 56
54 57
57 58
58 59
57 60
48 61
61 62
62 63
48 64
64 65
65 66
66 67
67 68
68 69
67 70
70 71
66 72
72 73
73 74
72 75
75 76
76 77
75 78
65 79
79 80
64 81
81 82
82 83
83 84
84 85
85 86
86 87
85 88
88 89
84 90
90 91
91 92
90 93
93 94
94 95
93 96
82 97
81 98
98 99
99 100
100 101
101 102
81 103
103 104
104 105
105 106
106 107
105 108
64 109
109 110
110 111
111 112
110 113
113 114
109 115
115 116
116 117
117 118
116 119
119 120
11 121
121 122
122 123
