0 1
1 2
1 3
3 4
3 5
3 6
6 7
7 8
6 9
3 10
10 11
10 12
3 13
3 14
14 15
15 16
16 17
17 18
16 19
15 20
20 21
14 22
22 23
23 24
23 25
25 26
23 27
27 28
23 29
29 30
29 31
31 32
1 33
33 34
33 35
33 36
36 37
37 38
36 39
33 40
40 41
40 42
33 43
43 44
44 45
43 46
33 47
33 48
48 49
49 50
50 51
51 52
50 53
49 54
54 55
55 56
48 57
57 58
58 59
59 60
58 61
57 62
62 63
63 64
48 65
65 66
66 67
67 68
68 69
67 70
70 71
66 72
65 73
73 74
74 75
75 76
74 77
77 78
48 79
79 80
80 81
81 82
81 83
81 84
84 85
85 86
84 87
48 88
88 89
89 90
90 91
90 92
90 93
88 94
94 95
95 96
94 97
97 98
98 99
97 100
88 101
101 102
102 103
88 104
104 105
105 106
106 107
107 108
107 109
107 110
110 111
110 112
112 113
110 114
114 115
115 116
114 117
117 118
118 119
117 120
120 121
110 122
122 123
104 124
124 125
125 126
126 127
125 128
124 129
129 130
130 131
131 132
132 133
131 134
134 135
135 136
134 137
134 138
138 139
134 140
140 141
141 142
140 143
48 144
144 145
145 146
146 147
147 148
146 149
149 150
145 151
151 152
152 153
153 154
152 155
155 156
156 157
155 158
151 159
159 160
151 161
161 162
48 163
163 164
164 165
165 166
164 167
167 168
