0 1
1 2
1 3
3 4
3 5
3 6
6 7
7 8
6 9
3 10
10 11
10 12
3 13
3 14
14 15
15 16
16 17
17 18
18 19
19 20
17 21
17 22
22 23
22 24
24 25
25 26
26 27
25 28
22 29
29 30
30 31
31 32
30 33
14 34
34 35
35 36
36 37
37 38
36 39
34 40
40 41
34 42
42 43
43 44
44 45
43 46
43 47
47 48
43 49
49 50
49 51
51 52
52 53
51 54
51 55
51 56
14 57
57 58
58 59
59 60
59 61
59 62
57 63
63 64
64 65
63 66
66 67
67 68
66 69
57 70
70 71
71 72
57 73
73 74
74 75
75 76
76 77
75 78
78 79
79 80
78 81
74 82
73 83
83 84
84 85
85 86
86 87
87 88
86 89
85 90
90 91
84 92
92 93
93 94
92 95
95 96
96 97
95 98
14 99
99 100
100 101
101 102
101 103
101 104
99 105
105 106
106 107
105 108
108 109
109 110
108 111
99 112
112 113
113 114
99 115
115 116
116 117
117 118
118 119
118 120
118 121
116 122
122 123
123 124
122 125
125 126
116 127
127 128
128 129
116 130
130 131
131 132
132 133
133 134
133 135
133 136
136 137
136 138
138 139
139 140
138 141
138 142
138 143
130 144
144 145
145 146
146 147
147 148
146 149
149 150
145 151
151 152
144 153
153 154
154 155
155 156
154 157
157 158
157 159
159 160
160 161
161 162
160 163
163 164
159 165
165 166
166 167
165 168
168 169
169 170
168 171
171 172
130 173
173 174
174 175
175 176
176 177
177 178
176 179
179 180
175 181
181 182
174 183
183 184
184 185
183 186
183 187
187 188
183 189
189 190
190 191
191 192
190 193
193 194
194 195
193 196
189 197
197 198
14 199
199 200
200 201
201 202
202 203
203 204
202 205
205 206
206 207
207 208
206 209
205 210
201 211
211 212
200 213
213 214
213 215
215 216
216 217
215 218
215 219
215 220
199 221
221 222
222 223
14 224
224 225
225 226
226 227
227 228
226 229
229 230
230 231
231 232
230 233
229 234
225 235
235 236
