0 1
1 2
1 3
3 4
3 5
3 6
6 7
7 8
6 9
3 10
10 11
10 12
3 13
3 14
14 15
15 16
16 17
17 18
16 19
16 20
20 21
14 22
22 23
23 24
24 25
24 26
24 27
27 28
27 29
29 30
27 31
31 32
14 33
33 34
34 35
35 36
36 37
35 38
38 39
39 40
40 41
39 42
38 43
34 44
44 45
34 46
46 47
14 48
1 49
49 50
49 51
49 52
52 53
53 54
52 55
49 56
56 57
56 58
49 59
49 60
60 61
61 62
62 63
63 64
62 65
61 66
66 67
60 68
68 69
69 70
70 71
71 72
70 73
69 74
68 75
75 76
76 77
77 78
78 79
77 80
76 81
60 82
82 83
83 84
84 85
85 86
86 87
84 88
84 89
89 90
89 91
91 92
92 93
93 94
92 95
89 96
96 97
97 98
98 99
99 100
98 101
97 102
60 103
103 104
104 105
105 106
105 107
105 108
103 109
109 110
110 111
109 112
112 113
103 114
114 115
115 116
103 117
117 118
118 119
119 120
120 121
120 122
120 123
118 124
124 125
125 126
124 127
127 128
128 129
127 130
118 131
131 132
132 133
118 134
134 135
135 136
136 137
137 138
136 139
135 140
140 141
141 142
142 143
143 144
144 145
145 146
144 147
147 148
143 149
149 150
142 151
135 152
152 153
153 154
154 155
153 156
152 157
157 158
158 159
159 160
160 161
161 162
162 163
161 164
164 165
160 166
166 167
159 168
168 169
169 170
170 171
169 172
168 173
152 174
174 175
175 176
176 177
177 178
178 179
179 180
178 181
181 182
177 183
183 184
176 185
185 186
186 187
187 188
186 189
185 190
174 191
191 192
192 193
193 194
193 195
193 196
196 197
197 198
198 199
197 200
200 201
196 202
202 203
203 204
202 205
174 206
206 207
207 208
208 209
209 210
210 211
209 212
212 213
208 214
214 215
207 216
216 217
217 218
216 219
216 220
220 221
221 222
222 223
221 224
224 225
220 226
226 227
216 228
228 229
174 230
230 231
231 232
232 233
233 234
232 235
235 236
236 237
235 238
238 239
239 240
238 241
231 242
230 243
243 244
244 245
245 246
246 247
246 248
246 249
249 250
249 251
251 252
252 253
253 254
252 255
255 256
256 257
255 258
258 259
259 260
258 261
261 262
262 263
261 264
251 265
265 266
243 267
267 268
268 269
269 270
270 271
271 272
270 273
273 274
269 275
275 276
268 277
277 278
278 279
277 280
277 281
281 282
282 283
283 284
282 285
285 286
281 287
287 288
277 289
289 290
60 291
291 292
292 293
293 294
294 295
293 296
296 297
292 298
298 299
299 300
298 301
1 302
302 303
303 304
304 305
304 306
306 307
304 308
308 309
303 310
303 311
311 312
312 313
1 314
314 315
314 316
314 317
317 318
318 319
317 320
314 321
321 322
321 323
314 324
324 325
324 326
314 327
314 328
328 329
329 330
330 331
331 332
330 333
329 334
334 335
335 336
328 337
337 338
338 339
339 340
340 341
339 342
338 343
343 344
344 345
343 346
337 347
347 348
348 349
349 350
350 351
351 352
350 353
349 354
328 355
355 356
356 357
357 358
358 359
357 360
357 361
361 362
362 363
363 364
362 365
361 366
366 367
328 368
368 369
369 370
370 371
369 372
369 373
373 374
368 375
375 376
376 377
377 378
376 379
376 380
380 381
328 382
382 383
383 384
384 385
384 386
384 387
387 388
388 389
389 390
388 391
387 392
328 393
393 394
394 395
395 396
396 397
395 398
398 399
399 400
398 401
401 402
394 403
393 404
404 405
405 406
406 407
407 408
406 409
409 410
410 411
409 412
409 413
413 414
409 415
415 416
415 417
417 418
417 419
419 420
417 421
421 422
422 423
421 424
424 425
425 426
424 427
427 428
417 429
429 430
328 431
431 432
432 433
433 434
432 435
435 436
436 437
435 438
435 439
439 440
435 441
441 442
441 443
443 444
443 445
445 446
443 447
447 448
443 449
449 450
450 451
449 452
328 453
453 454
454 455
455 456
454 457
454 458
458 459
454 460
460 461
328 462
462 463
463 464
1 465
1 466
1 467
