0 1
1 2
1 3
3 4
3 5
3 6
6 7
7 8
6 9
3 10
10 11
10 12
3 13
3 14
14 15
15 16
16 17
17 18
18 19
17 20
17 21
21 22
21 23
23 24
24 25
25 26
24 27
14 28
28 29
29 30
30 31
31 32
30 33
29 34
14 35
35 36
36 37
37 38
36 39
36 40
40 41
14 42
42 43
43 44
44 45
44 46
44 47
42 48
48 49
49 50
50 51
49 52
52 53
53 54
52 55
48 56
56 57
57 58
58 59
57 60
60 61
56 62
62 63
42 64
64 65
65 66
42 67
67 68
68 69
69 70
70 71
71 72
70 73
73 74
74 75
73 76
76 77
69 78
14 79
79 80
80 81
81 82
81 83
81 84
79 85
85 86
86 87
85 88
88 89
79 90
90 91
91 92
79 93
93 94
94 95
95 96
96 97
97 98
96 99
99 100
95 101
94 102
102 103
93 104
104 105
105 106
106 107
107 108
106 109
109 110
105 111
111 112
112 113
111 114
93 115
115 116
116 117
117 118
117 119
115 120
120 121
115 122
122 123
123 124
124 125
125 126
126 127
125 128
128 129
124 130
123 131
131 132
122 133
133 134
134 135
135 136
136 137
135 138
138 139
139 140
138 141
141 142
134 143
143 144
144 145
143 146
133 147
147 148
148 149
149 150
150 151
151 152
150 153
153 154
149 155
155 156
156 157
155 158
155 159
159 160
160 161
161 162
160 163
163 164
164 165
163 166
166 167
159 168
155 169
169 170
170 171
169 172
172 173
14 174
174 175
175 176
176 177
177 178
178 179
177 180
180 181
176 182
182 183
183 184
182 185
175 186
186 187
175 188
188 189
189 190
188 191
191 192
