0 1
1 2
1 3
3 4
3 5
3 6
6 7
7 8
6 9
3 10
10 11
10 12
3 13
3 14
14 15
15 16
16 17
17 18
18 19
17 20
17 21
21 22
21 23
23 24
24 25
25 26
24 27
14 28
28 29
29 30
30 31
29 32
29 33
33 34
29 35
35 36
36 37
35 38
14 39
39 40
40 41
41 42
42 43
41 44
40 45
14 46
46 47
47 48
48 49
48 50
48 51
46 52
52 53
53 54
52 55
55 56
56 57
55 58
46 59
59 60
60 61
46 62
62 63
63 64
64 65
65 66
65 67
65 68
68 69
69 70
68 71
62 72
72 73
73 74
74 75
74 76
74 77
72 78
78 79
79 80
78 81
81 82
82 83
81 84
72 85
85 86
86 87
72 88
88 89
89 90
90 91
91 92
92 93
91 94
94 95
95 96
94 97
97 98
90 99
89 100
100 101
101 102
102 103
103 104
102 105
105 106
106 107
105 108
105 109
109 110
105 111
111 112
112 113
111 114
114 115
115 116
114 117
117 118
118 119
117 120
120 121
62 122
122 123
123 124
124 125
125 126
124 127
127 128
123 129
129 130
130 131
129 132
14 133
133 134
134 135
135 136
136 137
135 138
138 139
134 140
140 141
141 142
140 143
133 144
144 145
145 146
146 147
14 148
148 149
149 150
149 151
151 152
152 153
151 154
154 155
