0 1
1 2
1 3
3 4
3 5
3 6
6 7
7 8
6 9
3 10
10 11
10 12
3 13
3 14
14 15
15 16
16 17
17 18
18 19
17 20
17 21
21 22
21 23
23 24
24 25
25 26
24 27
14 28
28 29
29 30
30 31
29 32
29 33
33 34
29 35
35 36
36 37
35 38
14 39
39 40
40 41
41 42
42 43
41 44
40 45
14 46
46 47
47 48
48 49
48 50
48 51
46 52
52 53
53 54
52 55
55 56
46 57
57 58
58 59
46 60
60 61
61 62
62 63
63 64
63 65
61 66
66 67
61 68
68 69
69 70
70 71
71 72
72 73
71 74
74 75
70 76
69 77
77 78
78 79
79 80
80 81
81 82
80 83
83 84
79 85
85 86
86 87
85 88
85 89
89 90
90 91
89 92
92 93
85 94
94 95
94 96
96 97
97 98
96 99
99 100
100 101
99 102
102 103
14 104
104 105
105 106
106 107
107 108
108 109
107 110
110 111
106 112
112 113
113 114
112 115
105 116
116 117
105 118
118 119
119 120
118 121
121 122
