0 1
1 2
1 3
3 4
3 5
3 6
6 7
7 8
6 9
3 10
10 11
10 12
3 13
3 14
14 15
15 16
16 17
17 18
17 19
17 20
20 21
21 22
20 23
14 24
24 25
25 26
26 27
27 28
28 29
26 30
26 31
31 32
31 33
33 34
34 35
31 36
36 37
37 38
38 39
37 40
14 41
41 42
42 43
43 44
44 45
43 46
41 47
47 48
41 49
49 50
50 51
51 52
50 53
50 54
54 55
50 56
56 57
14 58
58 59
59 60
60 61
60 62
60 63
63 64
63 65
65 66
63 67
67 68
63 69
63 70
70 71
14 72
72 73
73 74
74 75
73 76
76 77
77 78
76 79
72 80
80 81
81 82
82 83
14 84
84 85
85 86
85 87
87 88
1 89
89 90
89 91
89 92
89 93
93 94
94 95
93 96
89 97
97 98
97 99
89 100
100 101
100 102
89 103
103 104
104 105
105 106
103 107
89 108
89 109
109 110
110 111
111 112
112 113
112 114
112 115
115 116
116 117
115 118
109 119
119 120
120 121
121 122
120 123
123 124
124 125
123 126
119 127
127 128
128 129
129 130
130 131
131 132
130 133
133 134
134 135
133 136
136 137
137 138
136 139
129 140
128 141
141 142
142 143
143 144
142 145
145 146
146 147
145 148
148 149
149 150
148 151
128 152
152 153
153 154
154 155
153 156
109 157
157 158
158 159
159 160
160 161
161 162
160 163
163 164
159 165
165 166
158 167
167 168
157 169
169 170
170 171
171 172
172 173
171 174
174 175
170 176
176 177
109 178
178 179
179 180
180 181
180 182
180 183
183 184
183 185
185 186
186 187
185 188
109 189
189 190
190 191
191 192
192 193
191 194
194 195
195 196
194 197
197 198
190 199
189 200
200 201
201 202
202 203
203 204
202 205
205 206
206 207
206 208
208 209
206 210
210 211
211 212
210 213
213 214
214 215
213 216
216 217
206 218
218 219
206 220
220 221
205 222
109 223
223 224
224 225
225 226
226 227
227 228
226 229
229 230
225 231
231 232
224 233
233 234
234 235
233 236
233 237
237 238
237 239
239 240
237 241
241 242
237 243
243 244
244 245
243 246
237 247
247 248
233 249
249 250
