0 1
1 2
1 3
3 4
3 5
3 6
6 7
7 8
6 9
3 10
10 11
10 12
3 13
3 14
14 15
15 16
16 17
17 18
18 19
17 20
17 21
21 22
21 23
23 24
24 25
25 26
24 27
14 28
28 29
29 30
30 31
30 32
30 33
28 34
34 35
35 36
34 37
37 38
38 39
37 40
28 41
41 42
42 43
28 44
44 45
45 46
46 47
47 48
48 49
47 50
50 51
46 52
52 53
53 54
52 55
14 56
56 57
57 58
58 59
59 60
58 61
57 62
14 63
63 64
64 65
65 66
65 67
65 68
63 69
69 70
70 71
69 72
72 73
63 74
74 75
75 76
63 77
77 78
78 79
79 80
80 81
80 82
78 83
83 84
78 85
85 86
86 87
87 88
88 89
89 90
88 91
91 92
87 93
86 94
94 95
95 96
96 97
97 98
98 99
97 100
100 101
96 102
102 103
103 104
102 105
102 106
106 107
107 108
106 109
109 110
102 111
111 112
111 113
113 114
114 115
113 116
116 117
117 118
116 119
119 120
85 121
85 122
14 123
123 124
124 125
125 126
126 127
127 128
126 129
129 130
125 131
131 132
124 133
133 134
124 135
135 136
136 137
135 138
138 139
