0 1
1 2
1 3
3 4
3 5
3 6
6 7
7 8
6 9
3 10
10 11
3 12
12 13
13 14
14 15
15 16
16 17
15 18
14 19
19 20
20 21
21 22
20 23
19 24
13 25
25 26
26 27
12 28
28 29
29 30
30 31
31 32
30 33
30 34
34 35
34 36
36 37
37 38
36 39
12 40
40 41
41 42
42 43
43 44
44 45
43 46
42 47
41 48
48 49
12 50
50 51
51 52
52 53
53 54
52 55
51 56
12 57
57 58
58 59
12 60
12 61
1 62
62 63
62 64
62 65
65 66
66 67
65 68
62 69
69 70
62 71
71 72
72 73
73 74
74 75
75 76
74 77
74 78
78 79
71 80
80 81
81 82
82 83
83 84
82 85
82 86
71 87
87 88
88 89
89 90
88 91
87 92
92 93
93 94
94 95
95 96
96 97
95 98
95 99
99 100
100 101
99 102
92 103
103 104
104 105
105 106
106 107
105 108
104 109
109 110
92 111
111 112
112 113
113 114
112 115
115 116
92 117
117 118
118 119
119 120
118 121
121 122
71 123
123 124
124 125
1 126
126 127
126 128
126 129
129 130
130 131
129 132
126 133
133 134
126 135
135 136
136 137
137 138
137 139
139 140
135 141
