0 1
1 2
1 3
3 4
3 5
3 6
6 7
6 8
3 9
9 10
10 11
9 12
3 13
3 14
14 15
15 16
16 17
17 18
16 19
15 20
20 21
21 22
14 23
23 24
24 25
25 26
24 27
23 28
28 29
29 30
14 31
31 32
32 33
33 34
32 35
31 36
36 37
37 38
14 39
39 40
40 41
41 42
40 43
40 44
44 45
14 46
46 47
47 48
48 49
49 50
49 51
51 52
48 53
48 54
54 55
55 56
14 57
57 58
58 59
59 60
59 61
59 62
14 63
63 64
64 65
65 66
65 67
65 68
68 69
69 70
70 71
69 72
68 73
63 74
74 75
75 76
74 77
63 78
78 79
79 80
63 81
81 82
82 83
83 84
84 85
83 86
86 87
82 88
88 89
89 90
90 91
91 92
90 93
90 94
94 95
95 96
94 97
97 98
88 99
99 100
100 101
101 102
100 103
103 104
104 105
103 106
106 107
14 108
108 109
109 110
110 111
109 112
112 113
108 114
114 115
115 116
116 117
117 118
116 119
14 120
120 121
