0 1
1 2
1 3
3 4
3 5
3 6
6 7
7 8
6 9
3 10
10 11
10 12
3 13
13 14
13 15
3 16
3 17
17 18
18 19
19 20
20 21
20 22
20 23
17 24
24 25
25 26
26 27
26 28
26 29
17 30
30 31
31 32
32 33
32 34
32 35
30 36
36 37
37 38
36 39
39 40
40 41
39 42
30 43
43 44
44 45
30 46
46 47
47 48
48 49
49 50
48 51
51 52
52 53
51 54
54 55
46 56
56 57
57 58
58 59
59 60
60 61
59 62
62 63
58 64
57 65
65 66
56 67
67 68
68 69
69 70
70 71
69 72
72 73
68 74
74 75
67 76
76 77
77 78
78 79
77 80
80 81
81 82
80 83
83 84
67 85
85 86
86 87
87 88
17 89
89 90
1 91
91 92
91 93
91 94
94 95
94 96
91 97
97 98
98 99
97 100
91 101
91 102
102 103
103 104
104 105
105 106
105 107
105 108
108 109
109 110
108 111
102 112
112 113
113 114
114 115
114 116
114 117
113 118
118 119
118 120
118 121
121 122
122 123
121 124
102 125
125 126
126 127
127 128
127 129
102 130
130 131
131 132
132 133
131 134
134 135
130 136
136 137
137 138
138 139
139 140
138 141
141 142
142 143
141 144
144 145
145 146
146 147
147 148
146 149
149 150
144 151
136 152
152 153
153 154
153 155
155 156
153 157
157 158
153 159
159 160
152 161
161 162
162 163
163 164
164 165
163 166
166 167
167 168
166 169
161 170
170 171
171 172
172 173
171 174
174 175
152 176
176 177
177 178
178 179
177 180
180 181
181 182
180 183
102 184
184 185
185 186
186 187
185 188
188 189
189 190
188 191
184 192
192 193
102 194
194 195
195 196
