0 1
1 2
1 3
3 4
3 5
3 6
6 7
6 8
3 9
9 10
10 11
9 12
3 13
3 14
14 15
15 16
16 17
17 18
17 19
17 20
14 21
21 22
22 23
23 24
23 25
23 26
14 27
27 28
28 29
29 30
29 31
29 32
28 33
33 34
33 35
33 36
36 37
37 38
36 39
14 40
40 41
41 42
42 43
42 44
42 45
41 46
46 47
46 48
46 49
14 50
50 51
51 52
52 53
52 54
50 55
55 56
50 57
57 58
58 59
59 60
58 61
61 62
14 63
63 64
64 65
65 66
64 67
67 68
63 69
69 70
14 71
71 72
72 73
73 74
72 75
75 76
76 77
75 78
71 79
79 80
80 81
81 82
82 83
81 84
84 85
85 86
84 87
87 88
88 89
79 90
90 91
91 92
92 93
79 94
94 95
95 96
96 97
95 98
98 99
94 100
100 101
101 102
102 103
103 104
102 105
105 106
106 107
105 108
105 109
109 110
105 111
111 112
100 113
113 114
114 115
115 116
114 117
117 118
118 119
117 120
120 121
121 122
100 123
123 124
124 125
125 126
14 127
127 128
128 129
