0 1
1 2
1 3
3 4
3 5
3 6
6 7
6 8
3 9
9 10
10 11
9 12
3 13
3 14
14 15
15 16
16 17
17 18
17 19
17 20
14 21
21 22
22 23
23 24
23 25
23 26
26 27
27 28
26 29
14 30
30 31
31 32
32 33
32 34
32 35
31 36
36 37
36 38
36 39
30 40
40 41
41 42
40 43
43 44
44 45
43 46
30 47
47 48
48 49
30 50
50 51
51 52
52 53
53 54
52 55
55 56
56 57
57 58
56 59
55 60
51 61
61 62
50 63
63 64
64 65
65 66
64 67
67 68
68 69
67 70
70 71
71 72
70 73
50 74
74 75
75 76
76 77
75 78
78 79
74 80
80 81
81 82
82 83
83 84
82 85
85 86
86 87
85 88
85 89
89 90
85 91
91 92
92 93
91 94
94 95
80 96
96 97
97 98
98 99
97 100
96 101
101 102
102 103
80 104
104 105
105 106
106 107
105 108
108 109
109 110
108 111
111 112
80 113
113 114
114 115
115 116
14 117
117 118
118 119
119 120
120 121
119 122
122 123
123 124
122 125
118 126
118 127
127 128
