0 1
1 2
1 3
3 4
3 5
3 6
6 7
7 8
6 9
3 10
10 11
10 12
3 13
3 14
14 15
15 16
16 17
17 18
16 19
16 20
20 21
14 22
22 23
23 24
24 25
24 26
24 27
27 28
28 29
29 30
30 31
29 32
28 33
33 34
34 35
33 36
27 37
37 38
38 39
37 40
14 41
41 42
42 43
43 44
43 45
43 46
46 47
47 48
46 49
14 50
50 51
51 52
52 53
52 54
52 55
50 56
56 57
57 58
56 59
59 60
60 61
59 62
50 63
63 64
64 65
50 66
66 67
67 68
68 69
69 70
69 71
69 72
72 73
73 74
72 75
68 76
76 77
76 78
76 79
79 80
80 81
81 82
80 83
79 84
66 85
85 86
86 87
87 88
86 89
89 90
85 91
91 92
92 93
93 94
94 95
94 96
94 97
97 98
98 99
99 100
98 101
101 102
97 103
103 104
104 105
103 106
106 107
91 108
108 109
109 110
110 111
109 112
112 113
113 114
112 115
115 116
91 117
117 118
118 119
119 120
119 121
119 122
122 123
123 124
122 125
122 126
126 127
127 128
126 129
129 130
91 131
131 132
132 133
133 134
132 135
135 136
131 137
137 138
138 139
139 140
140 141
139 142
142 143
137 144
144 145
145 146
146 147
145 148
148 149
131 150
150 151
151 152
152 153
151 154
154 155
150 156
156 157
157 158
158 159
159 160
150 161
161 162
162 163
163 164
164 165
14 166
166 167
167 168
