0 1
1 2
1 3
3 4
3 5
3 6
6 7
7 8
6 9
3 10
3 11
11 12
12 13
13 14
14 15
14 16
14 17
17 18
11 19
19 20
20 21
21 22
22 23
21 24
20 25
19 26
26 27
27 28
28 29
29 30
28 31
11 32
32 33
33 34
34 35
35 36
35 37
37 38
35 39
39 40
34 41
34 42
42 43
43 44
11 45
45 46
46 47
47 48
47 49
47 50
45 51
51 52
52 53
51 54
54 55
55 56
54 57
45 58
58 59
59 60
45 61
61 62
62 63
63 64
64 65
63 66
63 67
67 68
68 69
67 70
70 71
62 72
72 73
73 74
74 75
75 76
75 77
75 78
78 79
79 80
78 81
78 82
82 83
83 84
82 85
85 86
72 87
87 88
88 89
89 90
72 91
91 92
92 93
93 94
92 95
92 96
96 97
97 98
96 99
99 100
92 101
101 102
62 103
103 104
104 105
105 106
106 107
105 108
105 109
109 110
110 111
109 112
112 113
105 114
11 115
115 116
116 117
117 118
118 119
118 120
120 121
118 122
122 123
117 124
115 125
125 126
126 127
125 128
115 129
129 130
130 131
131 132
132 133
133 134
132 135
131 136
130 137
137 138
138 139
139 140
140 141
139 142
142 143
143 144
142 145
11 146
146 147
147 148
