0 1
1 2
1 3
3 4
3 5
3 6
6 7
7 8
6 9
3 10
3 11
11 12
12 13
13 14
14 15
15 16
14 17
13 18
12 19
19 20
20 21
21 22
22 23
21 24
12 25
25 26
26 27
27 28
28 29
28 30
28 31
26 32
32 33
33 34
32 35
35 36
36 37
37 38
36 39
35 40
26 41
41 42
42 43
26 44
44 45
45 46
46 47
47 48
47 49
47 50
50 51
51 52
50 53
45 54
54 55
55 56
54 57
57 58
58 59
57 60
45 61
61 62
62 63
45 64
64 65
65 66
66 67
67 68
68 69
67 70
70 71
66 72
72 73
73 74
72 75
75 76
65 77
77 78
78 79
79 80
80 81
81 82
80 83
83 84
79 85
85 86
86 87
85 88
77 89
89 90
90 91
91 92
92 93
91 94
94 95
90 96
96 97
97 98
96 99
25 100
100 101
101 102
102 103
101 104
101 105
105 106
25 107
107 108
108 109
109 110
108 111
