0 1
1 2
1 3
3 4
3 5
3 6
6 7
6 8
3 9
3 10
10 11
11 12
12 13
13 14
13 15
13 16
10 17
17 18
18 19
19 20
19 21
19 22
22 23
10 24
24 25
25 26
26 27
26 28
26 29
10 30
30 31
31 32
32 33
31 34
34 35
30 36
36 37
37 38
38 39
39 40
39 41
39 42
42 43
43 44
42 45
45 46
46 47
47 48
48 49
47 50
50 51
45 52
36 53
53 54
54 55
55 56
55 57
55 58
58 59
59 60
59 61
61 62
58 63
63 64
36 65
65 66
66 67
67 68
66 69
69 70
65 71
71 72
72 73
73 74
74 75
73 76
76 77
71 78
78 79
79 80
80 81
79 82
82 83
83 84
82 85
65 86
86 87
87 88
88 89
89 90
88 91
91 92
92 93
91 94
10 95
95 96
96 97
