0 1
1 2
1 3
3 4
3 5
3 6
6 7
6 8
3 9
3 10
10 11
11 12
12 13
13 14
14 15
13 16
12 17
17 18
18 19
17 20
11 21
21 22
22 23
23 24
10 25
25 26
26 27
27 28
27 29
27 30
10 31
31 32
32 33
33 34
33 35
33 36
36 37
10 38
38 39
39 40
40 41
39 42
42 43
38 44
44 45
45 46
46 47
47 48
47 49
47 50
50 51
51 52
50 53
53 54
54 55
55 56
56 57
55 58
58 59
53 60
44 61
61 62
62 63
63 64
64 65
64 66
66 67
63 68
68 69
62 70
70 71
70 72
72 73
61 74
74 75
75 76
76 77
77 78
76 79
79 80
80 81
79 82
61 83
83 84
84 85
85 86
86 87
86 88
88 89
85 90
90 91
84 92
92 93
92 94
94 95
83 96
96 97
97 98
98 99
99 100
98 101
101 102
102 103
101 104
83 105
105 106
106 107
107 108
10 109
109 110
110 111
111 112
110 113
110 114
114 115
