0 1
1 2
1 3
3 4
3 5
3 6
6 7
6 8
3 9
3 10
10 11
11 12
12 13
13 14
14 15
13 16
12 17
17 18
18 19
17 20
11 21
21 22
22 23
10 24
24 25
25 26
26 27
26 28
26 29
25 30
30 31
30 32
30 33
33 34
25 35
35 36
35 37
35 38
38 39
10 40
40 41
41 42
42 43
41 44
44 45
40 46
46 47
47 48
48 49
49 50
48 51
51 52
52 53
51 54
54 55
55 56
56 57
57 58
56 59
59 60
54 61
46 62
62 63
63 64
64 65
65 66
65 67
67 68
64 69
69 70
63 71
71 72
71 73
73 74
62 75
75 76
76 77
77 78
78 79
77 80
80 81
81 82
80 83
62 84
84 85
85 86
86 87
87 88
87 89
89 90
86 91
91 92
85 93
93 94
84 95
95 96
96 97
97 98
84 99
99 100
100 101
101 102
102 103
101 104
104 105
105 106
104 107
10 108
108 109
109 110
110 111
109 112
109 113
113 114
