0 1
1 2
1 3
3 4
3 5
3 6
6 7
7 8
6 9
3 10
10 11
11 12
10 13
3 14
14 15
3 16
16 17
17 18
18 19
19 20
20 21
19 22
19 23
23 24
23 25
25 26
16 27
27 28
28 29
29 30
29 31
29 32
16 33
33 34
34 35
35 36
35 37
35 38
16 39
39 40
40 41
41 42
41 43
39 44
44 45
45 46
44 47
39 48
48 49
49 50
50 51
51 52
52 53
51 54
54 55
16 56
56 57
57 58
58 59
58 60
58 61
16 62
62 63
63 64
64 65
64 66
64 67
67 68
68 69
67 70
16 71
71 72
72 73
73 74
73 75
73 76
76 77
16 78
78 79
79 80
80 81
79 82
82 83
83 84
82 85
78 86
86 87
87 88
88 89
89 90
90 91
89 92
92 93
93 94
92 95
92 96
96 97
88 98
87 99
99 100
100 101
101 102
102 103
86 104
104 105
105 106
106 107
107 108
106 109
109 110
110 111
109 112
109 113
113 114
86 115
115 116
116 117
117 118
116 119
119 120
120 121
119 122
115 123
123 124
124 125
125 126
126 127
127 128
128 129
127 130
130 131
126 132
125 133
133 134
124 135
135 136
136 137
137 138
138 139
137 140
140 141
141 142
142 143
141 144
144 145
140 146
135 147
147 148
148 149
149 150
148 151
151 152
123 153
153 154
154 155
155 156
156 157
155 158
158 159
159 160
158 161
158 162
162 163
123 164
164 165
165 166
166 167
167 168
166 169
169 170
170 171
169 172
169 173
173 174
165 175
164 176
176 177
177 178
178 179
179 180
123 181
181 182
182 183
183 184
86 185
185 186
186 187
187 188
16 189
189 190
190 191
191 192
192 193
191 194
194 195
190 196
190 197
197 198
198 199
197 200
197 201
201 202
197 203
203 204
204 205
203 206
206 207
