0 1
1 2
1 3
3 4
3 5
3 6
6 7
7 8
6 9
3 10
10 11
11 12
10 13
3 14
14 15
3 16
16 17
17 18
18 19
19 20
20 21
20 22
22 23
20 24
24 25
19 26
19 27
27 28
28 29
16 30
30 31
31 32
32 33
32 34
32 35
30 36
36 37
37 38
36 39
39 40
40 41
39 42
30 43
43 44
44 45
30 46
46 47
47 48
48 49
49 50
49 51
49 52
52 53
53 54
52 55
52 56
56 57
46 58
58 59
59 60
60 61
59 62
59 63
63 64
59 65
65 66
66 67
67 68
66 69
66 70
70 71
66 72
65 73
16 74
74 75
75 76
76 77
77 78
77 79
79 80
77 81
81 82
76 83
76 84
84 85
85 86
16 87
87 88
88 89
89 90
89 91
89 92
92 93
16 94
94 95
95 96
96 97
96 98
96 99
99 100
16 101
101 102
102 103
103 104
103 105
103 106
16 107
107 108
108 109
109 110
109 111
109 112
112 113
113 114
112 115
16 116
116 117
117 118
118 119
119 120
118 121
118 122
16 123
123 124
123 125
125 126
126 127
127 128
128 129
128 130
128 131
125 132
132 133
133 134
134 135
134 136
134 137
125 138
138 139
139 140
140 141
141 142
140 143
143 144
144 145
145 146
144 147
143 148
139 149
149 150
150 151
149 152
152 153
138 154
154 155
155 156
156 157
157 158
154 159
159 160
160 161
161 162
161 163
161 164
164 165
165 166
164 167
164 168
168 169
154 170
170 171
171 172
172 173
171 174
171 175
175 176
171 177
177 178
178 179
179 180
178 181
178 182
182 183
178 184
177 185
154 186
186 187
187 188
188 189
189 190
188 191
188 192
192 193
188 194
187 195
195 196
196 197
195 198
195 199
199 200
195 201
186 202
202 203
203 204
204 205
205 206
154 207
207 208
208 209
209 210
208 211
125 212
212 213
213 214
214 215
215 216
214 217
217 218
213 219
219 220
220 221
219 222
222 223
212 224
224 225
225 226
226 227
227 228
228 229
227 230
227 231
231 232
232 233
231 234
231 235
235 236
236 237
235 238
231 239
239 240
240 241
239 242
224 243
243 244
244 245
245 246
246 247
247 248
246 249
245 250
244 251
251 252
252 253
253 254
252 255
251 256
256 257
257 258
256 259
243 260
260 261
261 262
262 263
263 264
262 265
265 266
224 267
267 268
268 269
269 270
224 271
271 272
272 273
273 274
273 275
273 276
276 277
277 278
276 279
276 280
280 281
224 282
282 283
283 284
284 285
285 286
284 287
284 288
288 289
283 290
282 291
291 292
292 293
293 294
294 295
293 296
293 297
297 298
282 299
299 300
300 301
301 302
302 303
301 304
301 305
305 306
301 307
307 308
308 309
309 310
308 311
308 312
312 313
307 314
224 315
315 316
316 317
317 318
318 319
317 320
317 321
321 322
317 323
316 324
324 325
325 326
324 327
324 328
328 329
324 330
315 331
331 332
332 333
333 334
334 335
224 336
336 337
337 338
338 339
337 340
125 341
341 342
342 343
343 344
344 345
343 346
342 347
347 348
348 349
347 350
341 351
351 352
16 353
353 354
354 355
