0 1
1 2
1 3
3 4
3 5
3 6
6 7
7 8
6 9
3 10
10 11
11 12
10 13
3 14
14 15
3 16
16 17
17 18
18 19
19 20
19 21
19 22
16 23
23 24
24 25
25 26
25 27
25 28
16 29
29 30
30 31
31 32
31 33
31 34
34 35
35 36
34 37
16 38
38 39
39 40
40 41
40 42
40 43
16 44
44 45
45 46
46 47
47 48
46 49
46 50
50 51
50 52
52 53
16 54
54 55
55 56
56 57
56 58
54 59
59 60
60 61
59 62
54 63
63 64
64 65
65 66
66 67
65 68
68 69
16 70
70 71
71 72
72 73
72 74
72 75
75 76
76 77
75 78
16 79
79 80
80 81
81 82
80 83
83 84
84 85
83 86
79 87
87 88
88 89
89 90
90 91
90 92
90 93
93 94
94 95
93 96
93 97
97 98
87 99
99 100
100 101
101 102
102 103
101 104
104 105
100 106
99 107
107 108
108 109
109 110
87 111
111 112
112 113
113 114
114 115
113 116
116 117
87 118
118 119
119 120
120 121
119 122
118 123
123 124
124 125
125 126
126 127
126 128
126 129
129 130
130 131
129 132
129 133
133 134
123 135
135 136
136 137
137 138
136 139
139 140
140 141
141 142
140 143
143 144
139 145
135 146
146 147
147 148
148 149
149 150
148 151
151 152
146 153
153 154
154 155
155 156
154 157
157 158
158 159
159 160
158 161
161 162
157 163
123 164
164 165
165 166
166 167
167 168
166 169
169 170
123 171
171 172
172 173
173 174
174 175
173 176
176 177
172 178
171 179
179 180
180 181
181 182
123 183
183 184
184 185
185 186
87 187
187 188
188 189
189 190
16 191
191 192
192 193
193 194
194 195
193 196
196 197
197 198
196 199
192 200
192 201
201 202
202 203
201 204
201 205
205 206
201 207
207 208
208 209
207 210
210 211
