0 1
1 2
1 3
3 4
3 5
3 6
6 7
7 8
6 9
3 10
10 11
11 12
10 13
3 14
14 15
3 16
16 17
17 18
18 19
19 20
20 21
21 22
22 23
21 24
20 25
19 26
26 27
27 28
28 29
27 30
26 31
18 32
32 33
33 34
34 35
33 36
32 37
37 38
38 39
37 40
17 41
41 42
42 43
16 44
44 45
45 46
46 47
47 48
47 49
49 50
47 51
51 52
46 53
46 54
54 55
55 56
16 57
57 58
58 59
59 60
59 61
57 62
62 63
63 64
62 65
57 66
66 67
67 68
68 69
69 70
68 71
68 72
72 73
68 74
74 75
75 76
76 77
75 78
75 79
79 80
75 81
74 82
16 83
83 84
84 85
85 86
85 87
85 88
16 89
89 90
90 91
91 92
91 93
91 94
16 95
95 96
96 97
97 98
97 99
97 100
100 101
101 102
100 103
16 104
104 105
105 106
106 107
106 108
106 109
16 110
110 111
111 112
112 113
112 114
112 115
16 116
116 117
117 118
118 119
117 120
120 121
121 122
120 123
116 124
124 125
125 126
126 127
127 128
127 129
127 130
130 131
131 132
130 133
130 134
134 135
124 136
136 137
137 138
138 139
137 140
137 141
141 142
136 143
143 144
144 145
145 146
146 147
145 148
145 149
149 150
145 151
151 152
152 153
153 154
152 155
152 156
156 157
151 158
143 159
159 160
160 161
161 162
162 163
161 164
161 165
165 166
160 167
159 168
168 169
169 170
170 171
171 172
124 173
173 174
174 175
175 176
174 177
177 178
178 179
177 180
173 181
181 182
182 183
183 184
184 185
185 186
186 187
185 188
188 189
184 190
183 191
191 192
182 193
193 194
194 195
195 196
196 197
195 198
198 199
199 200
200 201
199 202
202 203
198 204
193 205
205 206
206 207
207 208
206 209
209 210
181 211
211 212
212 213
213 214
213 215
213 216
216 217
217 218
216 219
216 220
220 221
181 222
222 223
223 224
224 225
223 226
223 227
227 228
222 229
229 230
230 231
231 232
232 233
231 234
231 235
235 236
231 237
237 238
238 239
239 240
238 241
238 242
242 243
237 244
229 245
245 246
246 247
247 248
248 249
247 250
247 251
251 252
246 253
245 254
254 255
255 256
256 257
257 258
181 259
259 260
260 261
261 262
124 263
263 264
264 265
265 266
16 267
267 268
268 269
269 270
270 271
269 272
272 273
273 274
272 275
268 276
268 277
277 278
278 279
277 280
277 281
281 282
277 283
283 284
284 285
283 286
286 287
