0 1
1 2
1 3
3 4
3 5
3 6
6 7
7 8
6 9
3 10
10 11
11 12
10 13
3 14
14 15
3 16
16 17
17 18
18 19
19 20
20 21
21 22
20 23
19 24
24 25
25 26
24 27
18 28
28 29
29 30
30 31
29 32
28 33
33 34
34 35
33 36
17 37
37 38
38 39
16 40
40 41
41 42
42 43
43 44
42 45
42 46
46 47
46 48
48 49
16 50
50 51
51 52
52 53
52 54
50 55
55 56
56 57
55 58
50 59
59 60
60 61
61 62
62 63
63 64
62 65
65 66
16 67
67 68
68 69
69 70
69 71
69 72
68 73
73 74
73 75
73 76
68 77
77 78
77 79
77 80
80 81
81 82
80 83
68 84
84 85
84 86
84 87
16 88
88 89
89 90
90 91
90 92
90 93
88 94
94 95
95 96
94 97
97 98
98 99
97 100
88 101
101 102
102 103
88 104
104 105
105 106
106 107
107 108
108 109
109 110
108 111
111 112
112 113
111 114
111 115
115 116
106 117
105 118
118 119
119 120
120 121
121 122
104 123
123 124
124 125
125 126
124 127
127 128
128 129
127 130
123 131
131 132
132 133
133 134
134 135
135 136
136 137
135 138
138 139
134 140
133 141
141 142
132 143
143 144
144 145
145 146
146 147
145 148
148 149
149 150
150 151
149 152
152 153
148 154
143 155
155 156
156 157
157 158
156 159
159 160
131 161
161 162
162 163
163 164
164 165
165 166
164 167
167 168
168 169
167 170
167 171
171 172
162 173
161 174
174 175
175 176
176 177
177 178
131 179
179 180
180 181
181 182
16 183
183 184
184 185
185 186
186 187
185 188
188 189
189 190
188 191
184 192
184 193
193 194
194 195
193 196
193 197
197 198
193 199
199 200
200 201
199 202
202 203
16 204
