0 1
1 2
1 3
3 4
4 5
5 6
5 7
7 8
5 9
9 10
4 11
4 12
12 13
13 14
1 15
15 16
16 17
17 18
17 19
19 20
17 21
21 22
16 23
16 24
24 25
25 26
1 27
27 28
27 29
27 30
30 31
31 32
30 33
27 34
34 35
35 36
34 37
27 38
38 39
27 40
40 41
41 42
42 43
43 44
43 45
43 46
46 47
47 48
46 49
40 50
50 51
51 52
52 53
52 54
52 55
55 56
56 57
55 58
40 59
59 60
60 61
61 62
61 63
60 64
64 65
64 66
40 67
67 68
68 69
69 70
68 71
67 72
72 73
73 74
72 75
75 76
67 77
77 78
78 79
67 80
80 81
81 82
82 83
83 84
84 85
83 86
83 87
87 88
88 89
87 90
87 91
91 92
92 93
91 94
91 95
95 96
80 97
97 98
98 99
99 100
98 101
97 102
102 103
103 104
104 105
105 106
104 107
104 108
108 109
109 110
108 111
108 112
112 113
104 114
114 115
115 116
114 117
97 118
118 119
119 120
120 121
121 122
120 123
120 124
124 125
125 126
124 127
124 128
128 129
120 130
40 131
131 132
132 133
133 134
133 135
132 136
136 137
136 138
40 139
139 140
140 141
141 142
140 143
143 144
144 145
143 146
40 147
147 148
148 149
149 150
150 151
149 152
149 153
40 154
154 155
155 156
156 157
155 158
158 159
154 160
160 161
161 162
162 163
163 164
162 165
161 166
166 167
161 168
168 169
169 170
170 171
171 172
172 173
171 174
171 175
175 176
176 177
175 178
175 179
179 180
180 181
179 182
179 183
183 184
168 185
185 186
186 187
187 188
186 189
185 190
190 191
191 192
192 193
193 194
192 195
192 196
196 197
197 198
196 199
196 200
200 201
192 202
185 203
203 204
204 205
205 206
206 207
205 208
205 209
209 210
210 211
209 212
209 213
213 214
205 215
215 216
216 217
215 218
168 219
219 220
220 221
221 222
40 223
223 224
224 225
225 226
226 227
225 228
228 229
224 230
230 231
231 232
230 233
223 234
234 235
235 236
40 237
237 238
238 239
239 240
238 241
241 242
242 243
241 244
241 245
245 246
241 247
247 248
40 249
249 250
250 251
251 252
252 253
251 254
250 255
250 256
256 257
257 258
258 259
259 260
260 261
259 262
258 263
263 264
257 265
256 266
266 267
40 268
268 269
269 270
270 271
269 272
272 273
268 274
274 275
275 276
276 277
277 278
277 279
277 280
280 281
281 282
280 283
280 284
284 285
274 286
286 287
287 288
288 289
289 290
288 291
288 292
292 293
293 294
292 295
292 296
296 297
274 298
298 299
299 300
300 301
299 302
298 303
303 304
304 305
305 306
306 307
298 308
308 309
309 310
310 311
311 312
310 313
309 314
314 315
315 316
316 317
317 318
316 319
316 320
320 321
314 322
322 323
323 324
324 325
323 326
322 327
327 328
328 329
329 330
330 331
327 332
332 333
333 334
334 335
335 336
334 337
333 338
338 339
339 340
340 341
339 342
339 343
343 344
339 345
345 346
338 347
332 348
348 349
349 350
350 351
351 352
350 353
353 354
354 355
353 356
353 357
357 358
353 359
359 360
322 361
361 362
362 363
363 364
364 365
363 366
363 367
367 368
363 369
361 370
314 371
309 372
372 373
373 374
374 375
375 376
374 377
374 378
378 379
374 380
380 381
381 382
380 383
372 384
384 385
385 386
386 387
385 388
384 389
389 390
390 391
391 392
392 393
389 394
394 395
395 396
396 397
397 398
396 399
395 400
400 401
401 402
402 403
401 404
401 405
405 406
401 407
407 408
400 409
394 410
410 411
411 412
412 413
413 414
412 415
415 416
416 417
415 418
415 419
419 420
415 421
421 422
384 423
423 424
424 425
425 426
426 427
425 428
425 429
429 430
425 431
431 432
423 433
40 434
434 435
435 436
436 437
437 438
436 439
435 440
435 441
441 442
442 443
443 444
444 445
445 446
444 447
443 448
448 449
442 450
441 451
451 452
40 453
453 454
454 455
455 456
454 457
457 458
453 459
459 460
460 461
461 462
462 463
463 464
462 465
462 466
466 467
467 468
466 469
466 470
470 471
471 472
470 473
470 474
474 475
459 476
476 477
477 478
478 479
477 480
476 481
481 482
482 483
483 484
484 485
483 486
483 487
487 488
488 489
487 490
487 491
491 492
483 493
476 494
494 495
495 496
496 497
497 498
496 499
496 500
500 501
501 502
500 503
500 504
504 505
496 506
506 507
507 508
506 509
459 510
510 511
511 512
512 513
511 514
514 515
510 516
516 517
517 518
518 519
519 520
519 521
519 522
522 523
523 524
522 525
522 526
526 527
516 528
528 529
529 530
530 531
531 532
530 533
530 534
534 535
535 536
534 537
534 538
538 539
516 540
540 541
541 542
542 543
541 544
540 545
545 546
546 547
547 548
548 549
540 550
550 551
551 552
552 553
553 554
552 555
551 556
556 557
557 558
558 559
559 560
558 561
558 562
562 563
556 564
564 565
565 566
566 567
565 568
564 569
569 570
570 571
571 572
572 573
569 574
574 575
575 576
576 577
577 578
576 579
575 580
580 581
581 582
582 583
581 584
581 585
585 586
581 587
587 588
588 589
587 590
580 591
574 592
592 593
593 594
594 595
595 596
594 597
597 598
598 599
597 600
597 601
601 602
597 603
603 604
604 605
603 606
564 607
607 608
608 609
609 610
610 611
609 612
609 613
613 614
609 615
607 616
556 617
551 618
618 619
619 620
620 621
621 622
620 623
620 624
624 625
620 626
626 627
627 628
626 629
618 630
630 631
631 632
632 633
631 634
630 635
635 636
636 637
637 638
638 639
635 640
640 641
641 642
642 643
643 644
642 645
641 646
646 647
647 648
648 649
647 650
647 651
651 652
647 653
653 654
654 655
653 656
646 657
640 658
658 659
659 660
660 661
661 662
660 663
663 664
664 665
663 666
663 667
667 668
663 669
669 670
670 671
669 672
630 673
673 674
674 675
675 676
676 677
675 678
675 679
679 680
675 681
681 682
673 683
459 684
684 685
685 686
686 687
40 688
688 689
689 690
1 691
691 692
691 693
691 694
691 695
695 696
696 697
697 698
698 699
699 700
700 701
699 702
699 703
703 704
699 705
705 706
698 707
696 708
708 709
709 710
708 711
696 712
712 713
713 714
714 715
715 716
716 717
715 718
714 719
719 720
720 721
721 722
722 723
723 724
722 725
722 726
726 727
727 728
726 729
721 730
720 731
720 732
732 733
733 734
732 735
732 736
736 737
737 738
736 739
713 740
740 741
741 742
695 743
743 744
