0 1
1 2
1 3
3 4
3 5
3 6
6 7
7 8
6 9
3 10
10 11
11 12
10 13
3 14
14 15
3 16
16 17
17 18
18 19
19 20
20 21
20 22
22 23
20 24
24 25
19 26
19 27
27 28
28 29
16 30
30 31
31 32
32 33
32 34
32 35
35 36
36 37
35 38
16 39
39 40
40 41
41 42
41 43
41 44
44 45
45 46
44 47
16 48
48 49
49 50
50 51
50 52
50 53
48 54
54 55
55 56
54 57
57 58
48 59
59 60
60 61
48 62
62 63
63 64
64 65
65 66
65 67
65 68
68 69
69 70
68 71
68 72
72 73
62 74
74 75
75 76
76 77
75 78
75 79
79 80
75 81
81 82
82 83
83 84
82 85
82 86
86 87
82 88
81 89
16 90
90 91
91 92
92 93
92 94
92 95
91 96
96 97
96 98
96 99
16 100
100 101
101 102
102 103
102 104
102 105
16 106
106 107
107 108
108 109
108 110
108 111
111 112
112 113
111 114
16 115
115 116
116 117
117 118
117 119
117 120
120 121
121 122
120 123
16 124
124 125
125 126
126 127
125 128
128 129
129 130
128 131
124 132
132 133
133 134
134 135
135 136
135 137
135 138
138 139
139 140
138 141
138 142
142 143
132 144
144 145
145 146
146 147
145 148
145 149
149 150
144 151
151 152
152 153
153 154
154 155
153 156
153 157
157 158
153 159
159 160
160 161
161 162
160 163
160 164
164 165
160 166
159 167
151 168
168 169
169 170
170 171
171 172
170 173
170 174
174 175
169 176
168 177
177 178
178 179
179 180
180 181
132 182
182 183
183 184
184 185
183 186
182 187
187 188
188 189
189 190
190 191
191 192
192 193
191 194
194 195
190 196
189 197
197 198
188 199
199 200
200 201
201 202
202 203
201 204
204 205
205 206
206 207
205 208
208 209
204 210
199 211
211 212
212 213
213 214
212 215
215 216
187 217
217 218
218 219
219 220
218 221
221 222
222 223
221 224
221 225
225 226
187 227
227 228
228 229
229 230
228 231
228 232
232 233
227 234
234 235
235 236
236 237
237 238
236 239
236 240
240 241
236 242
242 243
243 244
244 245
243 246
243 247
247 248
242 249
234 250
250 251
251 252
252 253
253 254
252 255
252 256
256 257
251 258
250 259
259 260
260 261
261 262
262 263
187 264
264 265
265 266
266 267
132 268
268 269
269 270
270 271
16 272
272 273
273 274
274 275
275 276
274 277
277 278
278 279
277 280
273 281
273 282
282 283
283 284
282 285
282 286
286 287
282 288
288 289
289 290
288 291
291 292
