0 1
1 2
1 3
3 4
3 5
3 6
6 7
7 8
6 9
3 10
10 11
11 12
10 13
3 14
14 15
3 16
16 17
17 18
18 19
19 20
19 21
19 22
22 23
16 24
24 25
25 26
26 27
26 28
26 29
29 30
30 31
29 32
16 33
33 34
34 35
35 36
35 37
35 38
16 39
39 40
40 41
41 42
41 43
41 44
44 45
45 46
44 47
16 48
48 49
49 50
50 51
50 52
50 53
16 54
54 55
55 56
56 57
56 58
56 59
16 60
60 61
61 62
62 63
63 64
63 65
65 66
63 67
67 68
62 69
62 70
70 71
71 72
16 73
73 74
74 75
75 76
75 77
75 78
73 79
79 80
80 81
79 82
82 83
83 84
82 85
73 86
86 87
87 88
73 89
89 90
90 91
91 92
92 93
91 94
91 95
95 96
96 97
95 98
95 99
99 100
91 101
101 102
102 103
103 104
102 105
102 106
106 107
107 108
106 109
106 110
110 111
102 112
101 113
16 114
114 115
115 116
116 117
115 118
118 119
114 120
120 121
121 122
122 123
123 124
122 125
122 126
126 127
127 128
126 129
126 130
130 131
121 132
132 133
133 134
134 135
135 136
134 137
134 138
138 139
139 140
138 141
138 142
142 143
134 144
144 145
145 146
146 147
145 148
145 149
149 150
150 151
149 152
149 153
153 154
144 155
132 156
156 157
157 158
158 159
159 160
158 161
158 162
162 163
163 164
162 165
162 166
166 167
157 168
156 169
169 170
170 171
171 172
172 173
120 174
174 175
175 176
176 177
175 178
178 179
179 180
178 181
174 182
182 183
183 184
184 185
185 186
186 187
187 188
186 189
189 190
185 191
184 192
192 193
183 194
194 195
195 196
196 197
197 198
196 199
199 200
200 201
201 202
200 203
203 204
199 205
194 206
206 207
207 208
208 209
207 210
210 211
182 212
212 213
213 214
214 215
213 216
213 217
217 218
218 219
217 220
217 221
221 222
212 223
223 224
224 225
225 226
226 227
225 228
225 229
229 230
230 231
229 232
229 233
233 234
225 235
235 236
236 237
237 238
236 239
236 240
240 241
241 242
240 243
240 244
244 245
235 246
223 247
247 248
248 249
249 250
250 251
249 252
249 253
253 254
254 255
253 256
253 257
257 258
248 259
247 260
260 261
261 262
262 263
263 264
182 265
265 266
266 267
267 268
120 269
269 270
270 271
271 272
16 273
273 274
274 275
275 276
276 277
275 278
278 279
274 280
274 281
281 282
282 283
281 284
281 285
285 286
281 287
287 288
288 289
287 290
290 291
