0 1
1 2
1 3
3 4
3 5
3 6
6 7
7 8
6 9
3 10
10 11
11 12
10 13
3 14
14 15
3 16
16 17
17 18
18 19
19 20
20 21
21 22
22 23
21 24
20 25
19 26
26 27
27 28
28 29
27 30
26 31
18 32
32 33
33 34
34 35
33 36
32 37
37 38
38 39
37 40
17 41
41 42
42 43
16 44
44 45
45 46
46 47
47 48
46 49
46 50
50 51
50 52
52 53
16 54
54 55
55 56
56 57
56 58
54 59
59 60
60 61
59 62
54 63
63 64
64 65
65 66
66 67
67 68
66 69
69 70
16 71
71 72
72 73
73 74
73 75
73 76
72 77
77 78
77 79
77 80
72 81
81 82
81 83
81 84
72 85
85 86
85 87
85 88
88 89
89 90
88 91
16 92
92 93
93 94
94 95
94 96
94 97
97 98
98 99
97 100
16 101
101 102
102 103
103 104
104 105
103 106
103 107
107 108
108 109
107 110
16 111
111 112
112 113
113 114
112 115
115 116
116 117
115 118
111 119
119 120
120 121
121 122
122 123
123 124
122 125
125 126
126 127
125 128
128 129
121 130
120 131
131 132
132 133
133 134
134 135
119 136
136 137
137 138
138 139
139 140
138 141
141 142
142 143
141 144
144 145
119 146
146 147
147 148
148 149
119 150
150 151
151 152
152 153
151 154
150 155
155 156
156 157
157 158
158 159
159 160
158 161
161 162
157 163
163 164
156 165
165 166
166 167
167 168
168 169
167 170
170 171
171 172
170 173
173 174
165 175
175 176
176 177
177 178
176 179
179 180
155 181
181 182
182 183
183 184
184 185
183 186
186 187
187 188
186 189
189 190
155 191
191 192
192 193
193 194
194 195
193 196
196 197
197 198
196 199
199 200
192 201
191 202
202 203
203 204
204 205
205 206
155 207
207 208
208 209
209 210
16 211
211 212
212 213
213 214
214 215
213 216
216 217
217 218
216 219
212 220
212 221
221 222
222 223
221 224
224 225
221 226
226 227
221 228
228 229
