0 1
1 2
1 3
3 4
3 5
3 6
6 7
7 8
6 9
3 10
10 11
10 12
3 13
3 14
14 15
15 16
16 17
17 18
18 19
18 20
20 21
17 22
17 23
23 24
24 25
14 26
26 27
27 28
27 29
29 30
27 31
31 32
27 33
33 34
14 35
35 36
36 37
37 38
37 39
37 40
14 41
41 42
42 43
43 44
43 45
43 46
41 47
47 48
48 49
47 50
50 51
41 52
52 53
53 54
41 55
55 56
56 57
57 58
58 59
57 60
60 61
61 62
60 63
14 64
64 65
65 66
1 67
67 68
67 69
67 70
70 71
71 72
70 73
67 74
74 75
75 76
75 77
77 78
74 79
67 80
80 81
80 82
67 83
67 84
84 85
85 86
86 87
87 88
86 89
85 90
90 91
84 92
92 93
93 94
93 95
95 96
96 97
95 98
93 99
99 100
93 101
101 102
84 103
103 104
104 105
105 106
104 107
104 108
108 109
109 110
108 111
84 112
112 113
113 114
113 115
115 116
116 117
115 118
113 119
119 120
113 121
121 122
