0 1
1 2
1 3
3 4
4 5
4 6
3 7
7 8
7 9
1 10
10 11
10 12
10 13
13 14
14 15
13 16
10 17
17 18
17 19
10 20
10 21
21 22
22 23
23 24
23 25
25 26
23 27
27 28
21 29
29 30
30 31
1 32
32 33
32 34
32 35
35 36
36 37
35 38
32 39
39 40
39 41
32 42
32 43
43 44
44 45
45 46
46 47
47 48
46 49
45 50
44 51
51 52
52 53
53 54
53 55
55 56
56 57
55 58
53 59
59 60
43 61
61 62
62 63
63 64
43 65
65 66
66 67
67 68
66 69
69 70
65 71
71 72
72 73
73 74
74 75
73 76
76 77
77 78
76 79
43 80
80 81
81 82
82 83
83 84
82 85
81 86
80 87
87 88
88 89
89 90
89 91
91 92
92 93
91 94
89 95
95 96
