0 1
1 2
1 3
3 4
4 5
5 6
5 7
7 8
4 9
4 10
10 11
11 12
1 13
13 14
14 15
14 16
1 17
17 18
17 19
17 20
20 21
21 22
20 23
17 24
24 25
24 26
17 27
17 28
28 29
29 30
30 31
31 32
30 33
33 34
28 35
35 36
36 37
37 38
36 39
35 40
40 41
28 42
42 43
43 44
43 45
45 46
28 47
47 48
48 49
49 50
48 51
48 52
52 53
53 54
52 55
1 56
56 57
56 58
58 59
59 60
58 61
56 62
56 63
63 64
64 65
65 66
66 67
67 68
66 69
65 70
70 71
71 72
72 73
71 74
70 75
75 76
64 77
63 78
78 79
79 80
79 81
81 82
82 83
81 84
63 85
85 86
86 87
87 88
88 89
87 90
86 91
91 92
85 93
93 94
94 95
95 96
94 97
94 98
98 99
99 100
98 101
63 102
102 103
103 104
103 105
105 106
106 107
105 108
