0 1
1 2
1 3
3 4
3 5
3 6
6 7
7 8
6 9
3 10
10 11
10 12
3 13
3 14
14 15
15 16
16 17
17 18
18 19
17 20
17 21
21 22
14 23
23 24
24 25
25 26
26 27
26 28
28 29
25 30
25 31
31 32
32 33
32 34
34 35
14 36
36 37
37 38
38 39
39 40
38 41
37 42
42 43
43 44
44 45
43 46
36 47
47 48
48 49
49 50
50 51
49 52
48 53
53 54
54 55
55 56
56 57
55 58
55 59
59 60
53 61
61 62
62 63
63 64
62 65
65 66
66 67
65 68
47 69
69 70
70 71
71 72
70 73
73 74
74 75
73 76
47 77
77 78
78 79
79 80
80 81
78 82
77 83
83 84
84 85
85 86
84 87
47 88
88 89
89 90
90 91
89 92
92 93
93 94
92 95
14 96
96 97
