0 1
1 2
1 3
3 4
3 5
3 6
6 7
7 8
6 9
3 10
10 11
11 12
11 13
13 14
10 15
3 16
16 17
16 18
3 19
3 20
20 21
21 22
22 23
23 24
22 25
21 26
26 27
20 28
28 29
29 30
30 31
31 32
30 33
29 34
34 35
28 36
20 37
37 38
38 39
38 40
40 41
41 42
40 43
38 44
44 45
38 46
46 47
20 48
48 49
49 50
50 51
49 52
49 53
53 54
54 55
53 56
20 57
57 58
58 59
58 60
60 61
61 62
60 63
58 64
64 65
58 66
66 67
1 68
68 69
68 70
68 71
71 72
72 73
71 74
68 75
75 76
75 77
68 78
68 79
79 80
80 81
81 82
82 83
81 84
80 85
85 86
86 87
79 88
88 89
89 90
90 91
91 92
91 93
93 94
90 95
90 96
96 97
97 98
79 99
99 100
100 101
100 102
102 103
100 104
104 105
100 106
106 107
79 108
108 109
109 110
110 111
109 112
109 113
113 114
114 115
113 116
