0 1
1 2
1 3
3 4
3 5
5 6
6 7
6 8
3 9
9 10
10 11
10 12
3 13
13 14
14 15
15 16
14 17
3 18
18 19
19 20
20 21
19 22
3 23
23 24
23 25
25 26
25 27
23 28
28 29
29 30
30 31
31 32
31 33
30 34
34 35
1 36
36 37
36 38
38 39
39 40
40 41
39 42
36 43
43 44
43 45
43 46
46 47
47 48
46 49
43 50
43 51
51 52
52 53
53 54
54 55
53 56
52 57
57 58
58 59
51 60
60 61
61 62
62 63
61 64
36 65
65 66
65 67
65 68
68 69
69 70
68 71
65 72
65 73
73 74
74 75
75 76
76 77
75 78
78 79
78 80
80 81
78 82
82 83
36 84
84 85
84 86
84 87
87 88
88 89
87 90
84 91
91 92
92 93
91 94
84 95
95 96
84 97
97 98
98 99
99 100
100 101
99 102
98 103
103 104
104 105
105 106
106 107
107 108
106 109
105 110
103 111
111 112
112 113
97 114
114 115
115 116
116 117
117 118
116 119
115 120
120 121
121 122
120 123
114 124
124 125
125 126
126 127
127 128
128 129
127 130
126 131
131 132
131 133
133 134
134 135
133 136
131 137
137 138
114 139
139 140
140 141
141 142
142 143
141 144
140 145
145 146
146 147
145 148
139 149
149 150
150 151
151 152
152 153
153 154
152 155
151 156
156 157
156 158
158 159
159 160
158 161
156 162
162 163
139 164
164 165
165 166
166 167
167 168
168 169
167 170
166 171
171 172
172 173
171 174
97 175
175 176
176 177
177 178
178 179
177 180
176 181
181 182
182 183
182 184
184 185
184 186
186 187
187 188
186 189
181 190
190 191
190 192
192 193
193 194
192 195
97 196
196 197
197 198
36 199
199 200
199 201
199 202
202 203
202 204
199 205
199 206
206 207
207 208
208 209
208 210
210 211
208 212
212 213
36 214
214 215
214 216
214 217
217 218
218 219
217 220
214 221
221 222
221 223
214 224
214 225
225 226
226 227
227 228
228 229
227 230
226 231
231 232
232 233
233 234
232 235
225 236
236 237
237 238
238 239
238 240
238 241
225 242
242 243
243 244
244 245
245 246
244 247
243 248
242 249
249 250
250 251
251 252
252 253
251 254
254 255
255 256
256 257
255 258
254 259
225 260
260 261
261 262
262 263
261 264
264 265
260 266
266 267
267 268
268 269
268 270
270 271
271 272
270 273
268 274
274 275
260 276
276 277
277 278
278 279
277 280
280 281
281 282
280 283
276 284
284 285
285 286
286 287
286 288
288 289
289 290
288 291
286 292
292 293
293 294
294 295
293 296
296 297
292 298
225 299
299 300
300 301
301 302
300 303
1 304
304 305
305 306
306 307
305 308
305 309
309 310
310 311
1 312
312 313
312 314
312 315
315 316
316 317
315 318
312 319
319 320
319 321
312 322
312 323
323 324
324 325
325 326
325 327
327 328
323 329
329 330
330 331
331 332
330 333
330 334
334 335
1 336
336 337
336 338
336 339
339 340
340 341
339 342
336 343
336 344
344 345
345 346
346 347
347 348
346 349
345 350
350 351
344 352
352 353
353 354
354 355
353 356
353 357
357 358
358 359
357 360
360 361
361 362
360 363
344 364
364 365
365 366
365 367
367 368
368 369
367 370
344 371
371 372
372 373
372 374
374 375
375 376
374 377
