0 1
1 2
1 3
3 4
3 5
3 6
6 7
7 8
6 9
3 10
10 11
10 12
3 13
3 14
14 15
15 16
16 17
16 18
18 19
16 20
20 21
1 22
22 23
22 24
22 25
25 26
26 27
25 28
22 29
29 30
29 31
22 32
32 33
22 34
34 35
35 36
36 37
37 38
37 39
37 40
36 41
41 42
41 43
41 44
34 45
45 46
46 47
47 48
48 49
47 50
46 51
45 52
52 53
53 54
54 55
55 56
54 57
57 58
57 59
59 60
60 61
59 62
57 63
63 64
52 65
65 66
66 67
67 68
66 69
65 70
70 71
71 72
72 73
52 74
74 75
75 76
76 77
75 78
78 79
79 80
78 81
81 82
34 83
83 84
84 85
85 86
84 87
83 88
88 89
89 90
90 91
91 92
90 93
34 94
94 95
95 96
96 97
97 98
96 99
95 100
94 101
101 102
102 103
103 104
104 105
103 106
106 107
106 108
108 109
109 110
108 111
106 112
112 113
113 114
112 115
101 116
116 117
117 118
118 119
117 120
116 121
121 122
122 123
123 124
34 125
125 126
126 127
127 128
128 129
127 130
130 131
126 132
