0 1
1 2
1 3
3 4
3 5
3 6
6 7
7 8
6 9
3 10
10 11
10 12
3 13
3 14
14 15
15 16
16 17
17 18
18 19
18 20
20 21
17 22
17 23
23 24
24 25
14 26
26 27
27 28
27 29
29 30
27 31
31 32
27 33
33 34
14 35
35 36
36 37
37 38
38 39
37 40
37 41
41 42
42 43
41 44
36 45
1 46
46 47
46 48
48 49
49 50
48 51
46 52
52 53
53 54
53 55
55 56
52 57
46 58
58 59
58 60
46 61
46 62
62 63
63 64
64 65
65 66
64 67
63 68
68 69
62 70
70 71
71 72
71 73
73 74
74 75
73 76
71 77
77 78
71 79
79 80
62 81
81 82
82 83
83 84
84 85
83 86
82 87
87 88
81 89
89 90
90 91
91 92
92 93
91 94
91 95
95 96
62 97
97 98
98 99
99 100
100 101
99 102
98 103
103 104
97 105
105 106
106 107
107 108
107 109
109 110
110 111
109 112
107 113
113 114
107 115
115 116
